           1    0.790169    0.790169           0
           2    0.795211     0.79269  0.00252109
           3    0.798346    0.794576  0.00238183
           4    0.795597    0.794831  0.00170345
           5    0.789447    0.793754  0.00170314
           6     0.79913     0.79465  0.00165427
           7    0.780979    0.792697  0.00240191
           8    0.803422    0.794038   0.0024747
           9    0.795946     0.79425  0.00219275
          10    0.792053     0.79403  0.00197351
          11    0.796947    0.794295   0.0018047
          12    0.801288    0.794878  0.00174748
          13    0.793964    0.794808  0.00160898
          14    0.790199    0.794478  0.00152557
          15    0.802202    0.794993  0.00151069
          16    0.795182    0.795005  0.00141317
          17    0.796623      0.7951  0.00133085
          18    0.790463    0.794843  0.00128091
          19    0.793836     0.79479  0.00121278
          20    0.800203     0.79506  0.00118195
          21    0.792624    0.794944  0.00113023
          22     0.79555    0.794972  0.00107799
          23    0.789535    0.794735  0.00105683
          24    0.797345    0.794844  0.00101766
          25     0.79498     0.79485  0.00097612
          26    0.798325    0.794983 0.000947302
          27    0.793184    0.794917 0.000913975
          28    0.797515    0.795009 0.000885606
          29    0.791789    0.794898 0.000861708
          30    0.797361     0.79498 0.000836528
          31    0.790564    0.794838 0.000821541
          32     0.80174    0.795054 0.000824174
          33    0.794223    0.795029 0.000799206
          34     0.79517    0.795033 0.000775355
          35    0.786815    0.794798 0.000788633
          36    0.802406    0.795009 0.000795015
          37     0.78916    0.794851 0.000789224
          38    0.792382    0.794786 0.000770916
          39    0.803791    0.795017 0.000785583
          40    0.793066    0.794968 0.000767244
          41    0.794512    0.794957 0.000748379
          42    0.787953     0.79479  0.00074914
          43    0.798765    0.794883 0.000737328
          44    0.790112    0.794774  0.00072849
          45    0.796609    0.794815 0.000713284
          46    0.795567    0.794832 0.000697797
          47     0.80035    0.794949 0.000692812
          48    0.788675    0.794818 0.000690706
          49    0.794603    0.794814 0.000676477
          50    0.796989    0.794857 0.000664235
          51    0.793423    0.794829 0.000651688
          52    0.794328     0.79482 0.000639105
          53    0.795273    0.794828 0.000626989
          54    0.789081    0.794722 0.000624404
          55      0.7989    0.794798 0.000617636
          56    0.796479    0.794828  0.00060725
          57    0.800573    0.794929 0.000604957
          58    0.787504    0.794801 0.000608062
          59    0.799386    0.794878 0.000602698
          60    0.795898    0.794895 0.000592812
          61    0.800526    0.794988 0.000590276
          62    0.792666     0.79495 0.000581883
          63    0.791018    0.794888 0.000575965
          64    0.802127    0.795001 0.000578067
          65    0.792658    0.794965 0.000570245
          66    0.796658     0.79499 0.000562124
          67     0.79861    0.795044 0.000556299
          68    0.796877    0.795071 0.000548719
          69    0.796425    0.795091 0.000541064
          70    0.793327    0.795066 0.000533874
          71    0.789459    0.794987 0.000532191
          72    0.798386    0.795034 0.000526867
          73    0.792321    0.794997 0.000520927
          74    0.801896     0.79509 0.000522229
          75    0.788916    0.795008 0.000521754
          76    0.801778    0.795097 0.000522492
          77    0.798323    0.795139 0.000517361
          78    0.796538    0.795157    0.000511
          79    0.795169    0.795157  0.00050449
          80    0.792487    0.795123 0.000499261
          81    0.793093    0.795098 0.000493696
          82    0.803053    0.795195 0.000497194
          83    0.787833    0.795107 0.000499112
          84    0.800502    0.795171   0.0004973
          85     0.78652    0.795069 0.000501842
          86    0.799212    0.795117 0.000498307
          87    0.797315    0.795143 0.000493193
          88    0.791573    0.795102 0.000489241
          89    0.801866    0.795178 0.000489648
          90    0.798661    0.795217 0.000485721
          91     0.78774    0.795135 0.000487329
          92    0.790364    0.795083 0.000484784
          93    0.805713    0.795197 0.000492977
          94    0.790365    0.795146 0.000490406
          95    0.794287    0.795137 0.000485301
          96    0.792715    0.795111 0.000480881
          97     0.79512    0.795111 0.000475897
          98    0.795473    0.795115 0.000471031
          99    0.789773    0.795061 0.000469361
         100    0.793966     0.79505 0.000464772
