           1    -5.47421    -5.47421           0
           2     -5.4764    -5.47531  0.00109619
           3    -5.47459    -5.47507 0.000676929
           4    -5.47463    -5.47496 0.000490964
           5    -5.47379    -5.47473 0.000446173
           6    -5.47517     -5.4748 0.000371896
           7    -5.47504    -5.47483 0.000316147
           8    -5.47469    -5.47482 0.000274383
           9     -5.4753    -5.47487 0.000247784
          10    -5.47521     -5.4749 0.000224147
          11    -5.47461    -5.47488 0.000204466
          12    -5.47565    -5.47494 0.000197573
          13    -5.47539    -5.47498 0.000185039
          14    -5.47581    -5.47504 0.000181323
          15    -5.47602     -5.4751 0.000181028
          16    -5.47506     -5.4751 0.000169359
          17    -5.47469    -5.47507 0.000160871
          18    -5.47488    -5.47506 0.000152045
          19    -5.47531    -5.47508 0.000144405
          20    -5.47534    -5.47509 0.000137613
          21    -5.47443    -5.47506 0.000134571
          22    -5.47446    -5.47503 0.000131209
          23    -5.47503    -5.47503 0.000125375
          24    -5.47636    -5.47509 0.000132156
          25    -5.47507    -5.47509 0.000126763
          26    -5.47644    -5.47514 0.000132396
          27    -5.47523    -5.47514 0.000127444
          28    -5.47513    -5.47514 0.000122808
          29    -5.47469    -5.47513 0.000119525
          30    -5.47496    -5.47512 0.000115604
          31    -5.47379    -5.47508 0.000119715
          32    -5.47595     -5.4751 0.000119089
          33    -5.47489     -5.4751 0.000115599
          34    -5.47449    -5.47508 0.000113585
          35    -5.47519    -5.47508 0.000110341
          36    -5.47441    -5.47506  0.00010887
          37     -5.4747    -5.47505 0.000106331
          38    -5.47379    -5.47502 0.000108715
          39     -5.4754    -5.47503 0.000106335
          40    -5.47391      -5.475 0.000107334
          41    -5.47476      -5.475 0.000104852
          42    -5.47442    -5.47498 0.000103245
          43    -5.47626    -5.47501 0.000105101
          44    -5.47442      -5.475 0.000103551
          45    -5.47515      -5.475 0.000101279
          46    -5.47599    -5.47502 0.000101356
          47    -5.47616    -5.47505 0.000102054
          48     -5.4751    -5.47505 9.99119e-05
          49    -5.47527    -5.47505 9.79567e-05
          50    -5.47508    -5.47505 9.59791e-05
          51    -5.47427    -5.47504 9.53371e-05
          52    -5.47463    -5.47503  9.3819e-05
          53     -5.4737    -5.47501 9.53991e-05
          54    -5.47377    -5.47498 9.63588e-05
          55    -5.47393    -5.47496 9.64971e-05
          56    -5.47535    -5.47497 9.50066e-05
          57    -5.47608    -5.47499 9.53475e-05
          58     -5.4757      -5.475  9.4487e-05
          59    -5.47384    -5.47498 9.49486e-05
          60    -5.47513    -5.47499 9.33834e-05
          61    -5.47458    -5.47498 9.20826e-05
          62    -5.47517    -5.47498  9.0636e-05
          63    -5.47538    -5.47499 8.94097e-05
          64    -5.47439    -5.47498 8.84959e-05
          65    -5.47516    -5.47498 8.71662e-05
          66    -5.47498    -5.47498 8.58353e-05
          67    -5.47522    -5.47499 8.46195e-05
          68    -5.47508    -5.47499 8.33784e-05
          69    -5.47441    -5.47498 8.25787e-05
          70    -5.47348    -5.47496 8.41541e-05
          71    -5.47568    -5.47497 8.35757e-05
          72    -5.47609    -5.47498 8.38631e-05
          73    -5.47497    -5.47498 8.27066e-05
          74    -5.47445    -5.47498 8.19004e-05
          75    -5.47475    -5.47497 8.08549e-05
          76    -5.47571    -5.47498 8.03661e-05
          77    -5.47535    -5.47499 7.94585e-05
          78    -5.47455    -5.47498 7.86356e-05
          79    -5.47544    -5.47499 7.78461e-05
          80    -5.47495    -5.47499  7.6868e-05
          81    -5.47509    -5.47499 7.59238e-05
          82    -5.47563      -5.475 7.53994e-05
          83    -5.47568      -5.475 7.49411e-05
          84     -5.4748      -5.475 7.40847e-05
          85    -5.47462      -5.475 7.33475e-05
          86    -5.47494      -5.475 7.24922e-05
          87     -5.4757      -5.475 7.21155e-05
          88    -5.47389    -5.47499 7.24074e-05
          89    -5.47428    -5.47498 7.20401e-05
          90    -5.47516    -5.47499 7.12625e-05
          91    -5.47515    -5.47499 7.04994e-05
          92    -5.47414    -5.47498 7.03341e-05
          93     -5.4755    -5.47498 6.97973e-05
          94    -5.47347    -5.47497 7.09006e-05
          95     -5.4744    -5.47496 7.04055e-05
          96    -5.47448    -5.47496 6.98456e-05
          97    -5.47548    -5.47496 6.93354e-05
          98    -5.47391    -5.47495  6.9456e-05
          99    -5.47541    -5.47496 6.89077e-05
         100    -5.47531    -5.47496 6.83064e-05
