           1    0.960931    0.960931           0
           2    0.960482    0.960706 0.000224367
           3    0.960208     0.96054 0.000210566
           4    0.960459     0.96052 0.000150267
           5    0.961135    0.960643 0.000169269
           6      0.9603    0.960586 0.000149594
           7     0.96151    0.960718 0.000182839
           8    0.959791    0.960602 0.000196173
           9    0.960423    0.960582 0.000174146
          10    0.960682    0.960592 0.000156082
          11    0.960269    0.960563 0.000144202
          12    0.959836    0.960502  0.00014489
          13    0.960517    0.960503 0.000133284
          14    0.960994    0.960538 0.000128282
          15    0.960033    0.960505 0.000124082
          16    0.960508    0.960505 0.000116068
          17    0.960419      0.9605 0.000109144
          18    0.960466    0.960498 0.000102919
          19     0.96047    0.960497 9.73628e-05
          20    0.960077    0.960476 9.47185e-05
          21    0.960421    0.960473 9.01325e-05
          22    0.960414     0.96047 8.59795e-05
          23    0.960904    0.960489 8.42956e-05
          24    0.960427    0.960487 8.07484e-05
          25    0.960599    0.960491 7.75822e-05
          26    0.960183    0.960479  7.5473e-05
          27     0.96082    0.960492 7.37148e-05
          28    0.960322    0.960486  7.1291e-05
          29    0.960764    0.960495 6.94535e-05
          30    0.960614    0.960499 6.72154e-05
          31    0.961069    0.960518 6.75595e-05
          32    0.960093    0.960505 6.67491e-05
          33    0.960505    0.960505 6.46948e-05
          34    0.960455    0.960503   6.278e-05
          35    0.961114    0.960521 6.34082e-05
          36    0.960061    0.960508  6.2932e-05
          37    0.961222    0.960527 6.41791e-05
          38    0.960939    0.960538 6.33993e-05
          39     0.95979    0.960519 6.46605e-05
          40    0.960753    0.960525 6.32956e-05
          41    0.960525    0.960525 6.17325e-05
          42    0.961025    0.960536 6.14094e-05
          43    0.960206    0.960529 6.04537e-05
          44      0.9607    0.960533 5.91915e-05
          45    0.960463    0.960531 5.78818e-05
          46    0.960341    0.960527 5.67595e-05
          47    0.960247    0.960521 5.58583e-05
          48    0.961124    0.960534 5.61045e-05
          49    0.960367     0.96053 5.50524e-05
          50    0.960195    0.960524 5.43563e-05
          51    0.960634    0.960526  5.3324e-05
          52    0.960436    0.960524 5.23172e-05
          53    0.960429    0.960522 5.13522e-05
          54    0.961048    0.960532 5.13246e-05
          55    0.960305    0.960528 5.05507e-05
          56    0.960437    0.960526 4.96664e-05
          57    0.960121    0.960519 4.93014e-05
          58    0.961104    0.960529 4.94827e-05
          59    0.960167    0.960523 4.90233e-05
          60    0.960293    0.960519 4.83521e-05
          61    0.959938     0.96051 4.84974e-05
          62    0.960526     0.96051 4.77095e-05
          63    0.960892    0.960516 4.73365e-05
          64    0.959897    0.960506  4.7583e-05
          65    0.960592    0.960508 4.68639e-05
          66    0.960387    0.960506 4.61846e-05
          67    0.960045    0.960499 4.60066e-05
          68    0.960139    0.960494 4.56324e-05
          69     0.96024     0.96049 4.51156e-05
          70    0.960505     0.96049  4.4467e-05
          71    0.960922    0.960496 4.42559e-05
          72    0.960071     0.96049  4.4034e-05
          73     0.96056    0.960491 4.34371e-05
          74    0.959782    0.960482  4.3904e-05
          75    0.960987    0.960488 4.38347e-05
          76    0.960161    0.960484 4.34681e-05
          77      0.9604    0.960483 4.29139e-05
          78    0.960304    0.960481 4.24225e-05
          79    0.960489    0.960481 4.18822e-05
          80    0.960775    0.960485 4.15183e-05
          81    0.960424    0.960484 4.10094e-05
          82    0.959597    0.960473 4.19253e-05
          83    0.960848    0.960477  4.1663e-05
          84    0.960017    0.960472 4.15274e-05
          85    0.961179     0.96048 4.18698e-05
          86    0.960088    0.960476 4.16311e-05
          87    0.960125    0.960472 4.13474e-05
          88    0.960818    0.960476 4.10641e-05
          89    0.960042    0.960471 4.08912e-05
          90    0.960373     0.96047 4.04489e-05
          91    0.961359    0.960479  4.1178e-05
          92    0.960812    0.960483 4.08878e-05
          93    0.959723    0.960475 4.12641e-05
          94    0.960601    0.960476 4.08447e-05
          95    0.960349    0.960475 4.04346e-05
          96    0.960713    0.960477 4.00882e-05
          97     0.96042    0.960477 3.96772e-05
          98    0.960405    0.960476 3.92771e-05
          99     0.96102    0.960482 3.92649e-05
         100    0.960827    0.960485 3.90238e-05
