           1    -6.65947    -6.65947           0
           2    -6.66922    -6.66434  0.00487783
           3    -6.67211    -6.66693  0.00382464
           4    -6.66803    -6.66721  0.00271825
           5    -6.65796    -6.66536  0.00280191
           6    -6.67387    -6.66678  0.00269199
           7    -6.64651    -6.66388  0.00368247
           8    -6.67982    -6.66587   0.0037606
           9    -6.66921    -6.66624  0.00333726
          10    -6.66329    -6.66595  0.00299957
          11    -6.67003    -6.66632  0.00273849
          12    -6.67759    -6.66726  0.00267038
          13    -6.66634    -6.66719  0.00245741
          14    -6.66111    -6.66675  0.00231621
          15    -6.67932    -6.66759  0.00231331
          16    -6.66783    -6.66761  0.00216396
          17    -6.66963    -6.66773  0.00203615
          18    -6.66058    -6.66733  0.00196035
          19    -6.66606    -6.66726   0.0018555
          20    -6.67564    -6.66768  0.00180947
          21    -6.66337    -6.66748  0.00173334
          22    -6.66778    -6.66749  0.00165274
          23    -6.65933    -6.66713  0.00161862
          24    -6.67238    -6.66735  0.00156502
          25    -6.66754    -6.66736  0.00150113
          26    -6.67392    -6.66761  0.00146416
          27      -6.665    -6.66752   0.0014122
          28     -6.6714    -6.66765  0.00136789
          29    -6.66237    -6.66747   0.0013324
          30      -6.671    -6.66759  0.00129259
          31    -6.65964    -6.66733  0.00127623
          32    -6.67856    -6.66768  0.00128454
          33    -6.66623    -6.66764  0.00124579
          34    -6.66724    -6.66763  0.00120865
          35    -6.65542    -6.66728  0.00122437
          36    -6.67801    -6.66758  0.00122667
          37    -6.65845    -6.66733  0.00121832
          38    -6.66236     -6.6672  0.00119301
          39    -6.68109    -6.66756  0.00121534
          40    -6.66351    -6.66746  0.00118887
          41    -6.66653    -6.66743  0.00115973
          42    -6.65635    -6.66717  0.00116214
          43    -6.67441    -6.66734  0.00114721
          44    -6.65959    -6.66716  0.00113457
          45    -6.67006    -6.66723  0.00111095
          46    -6.66934    -6.66727   0.0010875
          47    -6.67668    -6.66747  0.00108278
          48    -6.65812    -6.66728  0.00107775
          49    -6.66718    -6.66728  0.00105553
          50    -6.67056    -6.66734   0.0010363
          51     -6.6644    -6.66728  0.00101741
          52    -6.66612    -6.66726   0.0009979
          53    -6.66661    -6.66725 0.000978968
          54     -6.6574    -6.66707 0.000977842
          55    -6.67228    -6.66716 0.000964575
          56    -6.67007    -6.66721 0.000948615
          57    -6.67694    -6.66738 0.000947334
          58    -6.65696     -6.6672 0.000948056
          59    -6.67292     -6.6673 0.000936865
          60    -6.66897    -6.66733 0.000921541
          61    -6.67537    -6.66746 0.000915839
          62    -6.66417    -6.66741 0.000902511
          63    -6.66191    -6.66732 0.000892351
          64    -6.67758    -6.66748  0.00089281
          65    -6.66414    -6.66743 0.000880465
          66    -6.66997    -6.66747 0.000867875
          67    -6.67313    -6.66755 0.000858999
          68     -6.6704    -6.66759 0.000847307
          69    -6.66905    -6.66761 0.000835204
          70    -6.66347    -6.66756 0.000825311
          71    -6.65986    -6.66745 0.000820784
          72    -6.67367    -6.66753   0.0008139
          73    -6.66345    -6.66748 0.000804623
          74    -6.67729    -6.66761 0.000804679
          75    -6.65813    -6.66748 0.000803883
          76    -6.67837    -6.66763 0.000806069
          77    -6.67283    -6.66769   0.0007984
          78    -6.66935    -6.66772 0.000788385
          79    -6.66819    -6.66772 0.000778364
          80    -6.66368    -6.66767 0.000770229
          81    -6.66473    -6.66764 0.000761528
          82    -6.68021    -6.66779 0.000767654
          83    -6.65743    -6.66766 0.000768549
          84    -6.67555    -6.66776 0.000765126
          85     -6.6544     -6.6676 0.000772236
          86    -6.67376    -6.66767  0.00076656
          87    -6.67168    -6.66772 0.000759095
          88    -6.66125    -6.66764 0.000754012
          89    -6.67707    -6.66775 0.000752984
          90    -6.67315    -6.66781 0.000746986
          91    -6.65676    -6.66769 0.000748638
          92    -6.65969     -6.6676 0.000745548
          93    -6.68407    -6.66778 0.000758439
          94    -6.65902    -6.66769 0.000756093
          95    -6.66583    -6.66767 0.000748347
          96    -6.66356    -6.66762 0.000741747
          97    -6.66816    -6.66763 0.000734082
          98    -6.66712    -6.66762 0.000726571
          99    -6.66007    -6.66755  0.00072323
         100    -6.66626    -6.66754 0.000716077
