           1     2.38172     2.38172           0
           2     1.64273     2.01223    0.369495
           3     1.95072     1.99172    0.214311
           4     2.01495     1.99753    0.151652
           5      2.1569      2.0294    0.121716
           6     2.00422     2.02521   0.0994695
           7     1.96911     2.01719   0.0844482
           8     2.04861     2.02112   0.0732396
           9     2.17658     2.03839    0.066861
          10     1.92163     2.02672   0.0609317
          11     2.05748     2.02951   0.0551857
          12     2.31708     2.05348   0.0557866
          13     2.10885     2.05774   0.0514927
          14     2.13091     2.06296   0.0479586
          15     2.19488     2.07176   0.0455049
          16     2.18725     2.07898   0.0431736
          17     2.13979     2.08255   0.0407121
          18     2.14965     2.08628   0.0385643
          19      1.9396     2.07856   0.0372861
          20     1.89952     2.06961    0.036488
          21     2.22339     2.07693   0.0354711
          22     2.41288      2.0922    0.037108
          23      2.2707     2.09996   0.0362973
          24     2.19409     2.10389   0.0349727
          25     2.02936      2.1009   0.0336768
          26     2.15327     2.10292   0.0324182
          27     1.91876      2.0961   0.0319314
          28      1.7454     2.08357   0.0332213
          29     1.99911     2.08066   0.0321873
          30      1.9523     2.07638   0.0313889
          31     2.22112     2.08105   0.0307164
          32     2.18046     2.08416   0.0299028
          33     1.93322     2.07958   0.0293412
          34     2.15683     2.08186   0.0285557
          35     2.01646     2.07999   0.0277907
          36     2.04595     2.07904   0.0270242
          37     1.99263     2.07671   0.0263873
          38      2.3827     2.08476   0.0269162
          39     2.14935     2.08642   0.0262692
          40     2.20932     2.08949   0.0257878
          41     2.02998     2.08804   0.0251928
          42     2.24569     2.09179   0.0248705
          43      2.0471     2.09075   0.0243075
          44     1.80783     2.08432   0.0246037
          45     2.21879     2.08731   0.0242357
          46      2.1002     2.08759   0.0237046
          47      2.2271     2.09056   0.0233839
          48     2.38782     2.09675   0.0237145
          49     1.90367     2.09281   0.0235574
          50     2.10066     2.09297   0.0230819
          51     2.20945     2.09525   0.0227398
          52     2.45251     2.10212   0.0233327
          53     2.39215     2.10759   0.0235333
          54     2.22268     2.10973   0.0231915
          55     2.19378     2.11125   0.0228171
          56     2.40224     2.11645   0.0230006
          57     1.83815     2.11157    0.023115
          58     1.97369     2.10919   0.0228371
          59     2.48454     2.11555   0.0233308
          60     2.13701     2.11591   0.0229414
          61     2.11705     2.11593   0.0225622
          62     1.98493     2.11382   0.0222956
          63     2.15647     2.11449   0.0219493
          64     2.05336     2.11354   0.0216248
          65     2.33712     2.11698   0.0215656
          66     2.29666      2.1197   0.0214101
          67     1.84599     2.11561   0.0214802
          68      2.4156     2.12003   0.0216169
          69     2.08481     2.11952   0.0213074
          70     1.77298     2.11457   0.0215764
          71     1.88889     2.11139   0.0215065
          72      2.3045     2.11407   0.0213746
          73      2.3433     2.11721   0.0213124
          74      1.9763      2.1153   0.0211085
          75     2.21504     2.11663   0.0208676
          76     2.03995     2.11563   0.0206159
          77     2.01637     2.11434   0.0203871
          78     1.92512     2.11191   0.0202698
          79     2.18846     2.11288    0.020035
          80     2.05267     2.11213   0.0197973
          81     2.36156     2.11521   0.0197924
          82     2.05353     2.11445    0.019564
          83     2.33095     2.11706    0.019502
          84     2.27376     2.11893   0.0193586
          85     2.15476     2.11935   0.0191341
          86     1.95423     2.11743   0.0190075
          87     1.95287     2.11554   0.0188828
          88      2.1765     2.11623   0.0186798
          89     2.12953     2.11638   0.0184693
          90     2.33318     2.11879   0.0184211
          91     2.43334     2.12225   0.0185426
          92     2.18933     2.12298   0.0183544
          93     2.09015     2.12262   0.0181594
          94     2.05907     2.12195   0.0179779
          95     2.20541     2.12282   0.0178094
          96     2.12333     2.12283   0.0176229
          97     2.13009      2.1229   0.0174404
          98     2.17257     2.12341    0.017269
          99     2.09129     2.12309   0.0170967
         100     2.32123     2.12507   0.0170405
