           1    -3.38666    -3.38666           0
           2    -3.38926    -3.38796  0.00130197
           3    -3.38766    -3.38786 0.000758269
           4     -3.3853    -3.38722 0.000833962
           5    -3.38738    -3.38725 0.000646773
           6    -3.38675    -3.38717 0.000534595
           7    -3.38704    -3.38715 0.000452167
           8    -3.38545    -3.38694 0.000445771
           9    -3.38646    -3.38688 0.000396679
          10    -3.38499    -3.38669 0.000402341
          11    -3.38696    -3.38672  0.00036473
          12     -3.3825    -3.38637 0.000484479
          13    -3.38559    -3.38631  0.00044968
          14    -3.38377    -3.38613 0.000454059
          15    -3.38522    -3.38607 0.000426969
          16    -3.38484    -3.38599 0.000406648
          17    -3.38564    -3.38597 0.000382544
          18    -3.38569    -3.38595 0.000361006
          19    -3.38747    -3.38603 0.000350675
          20    -3.38585    -3.38602 0.000332798
          21    -3.38624    -3.38603 0.000316715
          22    -3.38272    -3.38588 0.000337346
          23    -3.38443    -3.38582 0.000328501
          24    -3.38564    -3.38581 0.000314604
          25    -3.38502    -3.38578  0.00030343
          26    -3.38712    -3.38583  0.00029606
          27    -3.38672    -3.38586 0.000286775
          28    -3.38776    -3.38593 0.000284553
          29     -3.3901    -3.38608 0.000309853
          30    -3.38804    -3.38614 0.000306417
          31    -3.38317    -3.38605 0.000311494
          32    -3.38597    -3.38604 0.000301612
          33    -3.38631    -3.38605 0.000292443
          34    -3.38556    -3.38604 0.000284074
          35    -3.38759    -3.38608 0.000279379
          36     -3.3853    -3.38606 0.000272385
          37    -3.38498    -3.38603  0.00026652
          38     -3.3851    -3.38601 0.000260569
          39    -3.38467    -3.38597 0.000256092
          40    -3.38532    -3.38596 0.000250135
          41    -3.38451    -3.38592 0.000246482
          42    -3.38491     -3.3859 0.000241741
          43    -3.38531    -3.38588 0.000236446
          44    -3.38756    -3.38592 0.000234129
          45    -3.38693    -3.38594 0.000229974
          46    -3.38641    -3.38595 0.000225149
          47    -3.38729    -3.38598 0.000222131
          48    -3.38703      -3.386 0.000218554
          49    -3.38529    -3.38599 0.000214544
          50    -3.38464    -3.38596 0.000211938
          51    -3.38721    -3.38599 0.000209182
          52    -3.38509    -3.38597  0.00020584
          53    -3.38283    -3.38591 0.000210425
          54    -3.38484    -3.38589 0.000207448
          55    -3.38457    -3.38587 0.000205056
          56    -3.38648    -3.38588  0.00020166
          57    -3.38657    -3.38589 0.000198459
          58    -3.38667     -3.3859 0.000195473
          59    -3.38414    -3.38587 0.000194432
          60    -3.38726     -3.3859  0.00019255
          61    -3.38591     -3.3859 0.000189367
          62     -3.3855    -3.38589 0.000186397
          63    -3.38725    -3.38591 0.000184685
          64    -3.38642    -3.38592 0.000181953
          65    -3.38431    -3.38589 0.000180843
          66    -3.38522    -3.38588 0.000178373
          67    -3.38567    -3.38588  0.00017572
          68    -3.38327    -3.38584 0.000177339
          69    -3.38691    -3.38586 0.000175437
          70     -3.3864    -3.38587 0.000173084
          71    -3.38684    -3.38588 0.000171183
          72     -3.3874     -3.3859 0.000170101
          73    -3.38671    -3.38591 0.000168121
          74    -3.38767    -3.38594 0.000167534
          75    -3.38803    -3.38596 0.000167616
          76    -3.38932    -3.38601 0.000171205
          77     -3.3875    -3.38603 0.000170081
          78    -3.38772    -3.38605 0.000169279
          79    -3.38445    -3.38603 0.000168349
          80    -3.38447    -3.38601 0.000167371
          81    -3.38355    -3.38598 0.000168059
          82    -3.38502    -3.38597 0.000166409
          83    -3.38494    -3.38595  0.00016486
          84    -3.38576    -3.38595 0.000162901
          85     -3.3869    -3.38596 0.000161361
          86     -3.3874    -3.38598 0.000160341
          87    -3.38811      -3.386 0.000160371
          88    -3.38428    -3.38599 0.000159748
          89    -3.38645    -3.38599 0.000158027
          90    -3.38439    -3.38597 0.000157265
          91    -3.38438    -3.38596 0.000156515
          92    -3.38631    -3.38596 0.000154853
          93    -3.38627    -3.38596 0.000153214
          94    -3.38667    -3.38597 0.000151763
          95    -3.38572    -3.38597 0.000150179
          96    -3.38731    -3.38598 0.000149263
          97    -3.38575    -3.38598 0.000147736
          98    -3.38544    -3.38597 0.000146326
          99    -3.38251    -3.38594 0.000149012
         100    -3.38154    -3.38589 0.000153945
