           1     1.58973     1.58973           0
           2     1.70642     1.64807    0.058344
           3      1.6498     1.64865   0.0336899
           4      1.6477     1.64841   0.0238235
           5     1.62031     1.64279   0.0192905
           6     1.65159     1.64426   0.0158187
           7     1.67226     1.64826   0.0139548
           8     1.65141     1.64865   0.0120916
           9     1.63092     1.64668   0.0108442
          10     1.68633     1.65065   0.0104786
          11     1.66501     1.65195  0.00956773
          12     1.60348     1.64791  0.00962285
          13     1.63823     1.64717  0.00888306
          14     1.63831     1.64654  0.00824843
          15     1.63546      1.6458  0.00771428
          16     1.62478     1.64448  0.00733468
          17     1.64817      1.6447  0.00689316
          18     1.63556     1.64419  0.00651873
          19     1.66351     1.64521  0.00624933
          20     1.68691     1.64729  0.00628463
          21     1.61173      1.6456  0.00621308
          22     1.60972     1.64397  0.00614436
          23       1.644     1.64397  0.00587114
          24     1.62327     1.64311  0.00568696
          25     1.66456     1.64397  0.00552181
          26     1.62918      1.6434   0.0053356
          27     1.66008     1.64402  0.00517124
          28     1.70324     1.64613  0.00541338
          29     1.65149     1.64632  0.00522665
          30     1.67864     1.64739  0.00516309
          31     1.64223     1.64723  0.00499654
          32     1.63211     1.64675  0.00486088
          33     1.66407     1.64728  0.00474039
          34     1.61933     1.64646  0.00467176
          35     1.66649     1.64703  0.00457228
          36     1.66257     1.64746  0.00446437
          37     1.65536     1.64767  0.00434728
          38     1.62011     1.64695  0.00429308
          39     1.62607     1.64641  0.00421569
          40     1.60566     1.64539  0.00423339
          41     1.65931     1.64573  0.00414277
          42     1.63924     1.64558  0.00404589
          43     1.64688     1.64561  0.00395079
          44     1.68393     1.64648  0.00395701
          45      1.6182     1.64585   0.0039188
          46     1.63817     1.64569   0.0038363
          47     1.61104     1.64495  0.00382548
          48     1.59464      1.6439  0.00388886
          49     1.67657     1.64457  0.00386659
          50     1.64138      1.6445  0.00378901
          51     1.63111     1.64424  0.00372324
          52     1.61704     1.64372  0.00368821
          53     1.60123     1.64292  0.00370568
          54     1.60567     1.64223  0.00370123
          55     1.64429     1.64226  0.00363351
          56     1.57789     1.64111  0.00374862
          57     1.67868     1.64177  0.00374077
          58     1.66166     1.64212  0.00369166
          59     1.56431      1.6408  0.00386078
          60     1.66566     1.64121  0.00381844
          61     1.65286      1.6414  0.00376017
          62     1.67331     1.64192  0.00373465
          63     1.62376     1.64163  0.00368617
          64     1.61385     1.64119  0.00365398
          65     1.60145     1.64058  0.00364892
          66     1.63491      1.6405  0.00359423
          67     1.70435     1.64145  0.00366622
          68     1.61058       1.641  0.00364032
          69     1.64664     1.64108  0.00358811
          70     1.69169      1.6418  0.00360964
          71     1.69123      1.6425  0.00362589
          72     1.61221     1.64208  0.00359984
          73      1.6377     1.64202  0.00355069
          74     1.68333     1.64258   0.0035466
          75     1.63569     1.64248  0.00350019
          76     1.63293     1.64236  0.00345612
          77     1.66732     1.64268   0.0034263
          78     1.66506     1.64297  0.00339423
          79     1.64068     1.64294  0.00335112
          80     1.67243     1.64331  0.00332943
          81     1.62538     1.64309  0.00329551
          82     1.70187      1.6438  0.00333307
          83     1.58686     1.64312  0.00336339
          84     1.61551     1.64279  0.00333933
          85     1.62304     1.64256  0.00330798
          86     1.65285     1.64268  0.00327148
          87      1.6561     1.64283  0.00323734
          88     1.65313     1.64295  0.00320248
          89     1.65628      1.6431  0.00316983
          90     1.59712     1.64259  0.00317577
          91     1.59026     1.64201  0.00319289
          92     1.66472     1.64226  0.00316762
          93     1.64906     1.64233  0.00313423
          94     1.64043     1.64231  0.00310077
          95     1.61296       1.642  0.00308348
          96     1.64595     1.64204  0.00305147
          97     1.64822     1.64211  0.00302052
          98     1.62967     1.64198  0.00299223
          99     1.64547     1.64202  0.00296207
         100     1.62038      1.6418  0.00294027
