           1     1.05982     1.05982           0
           2     1.13761     1.09872    0.038896
           3     1.09987      1.0991   0.0224599
           4     1.09847     1.09894   0.0158823
           5     1.08021     1.09519   0.0128603
           6     1.10106     1.09617   0.0105458
           7     1.11484     1.09884   0.0093032
           8     1.10094      1.0991  0.00806108
           9     1.08728     1.09779  0.00722948
          10     1.12422     1.10043  0.00698572
          11     1.11001      1.1013  0.00637849
          12     1.06899     1.09861  0.00641524
          13     1.09215     1.09811  0.00592204
          14      1.0922     1.09769  0.00549896
          15     1.09031      1.0972  0.00514285
          16     1.08318     1.09632  0.00488979
          17     1.09878     1.09647  0.00459544
          18     1.09038     1.09613  0.00434582
          19       1.109     1.09681  0.00416622
          20     1.12461      1.0982  0.00418975
          21     1.07449     1.09707  0.00414205
          22     1.07315     1.09598  0.00409624
          23       1.096     1.09598  0.00391409
          24     1.08218     1.09541  0.00379131
          25     1.10971     1.09598  0.00368121
          26     1.08612      1.0956  0.00355707
          27     1.10672     1.09601   0.0034475
          28     1.13549     1.09742  0.00360892
          29       1.101     1.09754  0.00348443
          30     1.11909     1.09826  0.00344206
          31     1.09482     1.09815  0.00333103
          32     1.08808     1.09784  0.00324058
          33     1.10938     1.09819  0.00316026
          34     1.07955     1.09764  0.00311451
          35     1.11099     1.09802  0.00304818
          36     1.10838     1.09831  0.00297624
          37     1.10358     1.09845  0.00289819
          38     1.08007     1.09797  0.00286205
          39     1.08404     1.09761  0.00281046
          40     1.07044     1.09693  0.00282226
          41     1.10621     1.09716  0.00276185
          42     1.09282     1.09705  0.00269726
          43     1.09792     1.09707  0.00263386
          44     1.12262     1.09765  0.00263801
          45      1.0788     1.09723  0.00261254
          46     1.09211     1.09712  0.00255753
          47     1.07403     1.09663  0.00255032
          48     1.06309     1.09593  0.00259257
          49     1.11771     1.09638  0.00257773
          50     1.09425     1.09634    0.002526
          51     1.08741     1.09616  0.00248216
          52     1.07803     1.09581   0.0024588
          53     1.06749     1.09528  0.00247045
          54     1.07045     1.09482  0.00246749
          55     1.09619     1.09484  0.00242234
          56     1.05193     1.09408  0.00249908
          57     1.11912     1.09452  0.00249385
          58     1.10777     1.09474  0.00246111
          59     1.04287     1.09386  0.00257385
          60     1.11044     1.09414  0.00254563
          61      1.1019     1.09427  0.00250678
          62     1.11554     1.09461  0.00248976
          63     1.08251     1.09442  0.00245744
          64      1.0759     1.09413  0.00243599
          65     1.06763     1.09372  0.00243261
          66     1.08994     1.09366  0.00239616
          67     1.13623      1.0943  0.00244414
          68     1.07372       1.094  0.00242688
          69     1.09776     1.09405  0.00239207
          70     1.12779     1.09453  0.00240642
          71     1.12749       1.095  0.00241726
          72     1.07481     1.09472  0.00239989
          73      1.0918     1.09468  0.00236713
          74     1.12222     1.09505   0.0023644
          75     1.09046     1.09499  0.00233346
          76     1.08862     1.09491  0.00230408
          77     1.11154     1.09512   0.0022842
          78     1.11004     1.09531  0.00226282
          79     1.09379     1.09529  0.00223408
          80     1.11495     1.09554  0.00221962
          81     1.08359     1.09539  0.00219701
          82     1.13458     1.09587  0.00222205
          83     1.05791     1.09541  0.00224226
          84       1.077     1.09519  0.00222622
          85     1.08202     1.09504  0.00220532
          86      1.1019     1.09512  0.00218099
          87     1.10407     1.09522  0.00215823
          88     1.10209      1.0953  0.00213499
          89     1.10419      1.0954  0.00211322
          90     1.06475     1.09506  0.00211718
          91     1.06017     1.09467  0.00212859
          92     1.10981     1.09484  0.00211175
          93     1.09937     1.09489  0.00208949
          94     1.09362     1.09487  0.00206718
          95      1.0753     1.09467  0.00205566
          96      1.0973      1.0947  0.00203431
          97     1.09882     1.09474  0.00201368
          98     1.08645     1.09465  0.00199482
          99     1.09698     1.09468  0.00197471
         100     1.08025     1.09453  0.00196018
