           1    -4.97638    -4.97638           0
           2    -5.09568    -5.03603    0.059646
           3    -5.03746    -5.03651   0.0344399
           4      -5.033    -5.03563   0.0243685
           5    -5.00769    -5.03004   0.0196856
           6    -5.03834    -5.03143   0.0161326
           7     -5.0593    -5.03541   0.0142042
           8    -5.03685    -5.03559   0.0123025
           9    -5.01738    -5.03357   0.0110367
          10    -5.07132    -5.03734   0.0105689
          11    -5.05197    -5.03867  0.00965197
          12    -4.98598    -5.03428  0.00984456
          13    -5.02381    -5.03347  0.00909142
          14    -5.02208    -5.03266   0.0084563
          15    -5.02068    -5.03186  0.00791277
          16    -5.00962    -5.03047  0.00753117
          17    -5.03381    -5.03067  0.00707703
          18    -5.02125    -5.03015  0.00669277
          19    -5.05098    -5.03124  0.00642496
          20    -5.07277    -5.03332  0.00643917
          21    -4.99797    -5.03163  0.00635196
          22    -4.99244    -5.02985   0.0063129
          23    -5.02842    -5.02979   0.0060325
          24    -5.00891    -5.02892  0.00584082
          25    -5.04958    -5.02975  0.00566291
          26     -5.0163    -5.02923  0.00546528
          27     -5.0468    -5.02988   0.0052991
          28      -5.091    -5.03206  0.00555332
          29    -5.04159    -5.03239  0.00536847
          30    -5.06668    -5.03354  0.00531086
          31     -5.0254    -5.03327  0.00514339
          32    -5.01808     -5.0328  0.00500263
          33    -5.05038    -5.03333  0.00487785
          34    -5.00489    -5.03249  0.00480557
          35    -5.05408    -5.03311  0.00470681
          36    -5.04786    -5.03352  0.00459252
          37    -5.04035    -5.03371  0.00447048
          38     -5.0052    -5.03296  0.00441541
          39    -5.01074    -5.03239  0.00433827
          40    -4.99098    -5.03135  0.00435327
          41    -5.04382    -5.03165  0.00425665
          42    -5.02415    -5.03148  0.00415791
          43    -5.03219    -5.03149   0.0040601
          44    -5.07149     -5.0324  0.00406959
          45    -5.00513     -5.0318  0.00402401
          46    -5.02458    -5.03164  0.00393868
          47    -4.99833    -5.03093   0.0039186
          48    -4.98167     -5.0299    0.003971
          49    -5.06186    -5.03056  0.00394342
          50    -5.02602    -5.03046  0.00386481
          51    -5.01832    -5.03023  0.00379574
          52    -5.00214    -5.02969  0.00376103
          53    -4.98406    -5.02883  0.00378847
          54    -4.99051    -5.02812  0.00378476
          55    -5.02886    -5.02813  0.00371534
          56    -4.96437    -5.02699   0.0038219
          57    -5.06524    -5.02766  0.00381376
          58    -5.04833    -5.02802  0.00376433
          59    -4.94845    -5.02667   0.0039381
          60    -5.05292    -5.02711  0.00389654
          61    -5.03877     -5.0273   0.0038369
          62    -5.05881    -5.02781  0.00380856
          63    -5.01102    -5.02754  0.00375708
          64    -5.00028    -5.02711  0.00372237
          65    -4.98576    -5.02648  0.00371948
          66    -5.02013    -5.02638  0.00366395
          67    -5.09002    -5.02733  0.00373174
          68    -4.99384    -5.02684   0.0037093
          69    -5.03355    -5.02694  0.00365644
          70    -5.07809    -5.02767  0.00367717
          71    -5.07807    -5.02838  0.00369387
          72    -4.99961    -5.02798  0.00366405
          73    -5.02441    -5.02793  0.00361384
          74      -5.071    -5.02851  0.00361189
          75    -5.02372    -5.02845  0.00356398
          76    -5.02225    -5.02837  0.00351771
          77    -5.05482    -5.02871  0.00348869
          78    -5.05277    -5.02902  0.00345746
          79    -5.02513    -5.02897  0.00341377
          80     -5.0569    -5.02932  0.00338886
          81    -5.00893    -5.02907  0.00335621
          82    -5.08689    -5.02977   0.0033892
          83     -4.9718    -5.02907   0.0034202
          84    -5.00127    -5.02874  0.00339541
          85    -5.00994    -5.02852  0.00336251
          86    -5.04025    -5.02866  0.00332598
          87    -5.04422    -5.02884  0.00329239
          88    -5.03741    -5.02893  0.00325621
          89    -5.04273    -5.02909  0.00322315
          90    -4.98152    -5.02856  0.00323067
          91    -4.97463    -5.02797  0.00324946
          92    -5.05103    -5.02822  0.00322371
          93    -5.03532    -5.02829  0.00318978
          94     -5.0271    -5.02828  0.00315569
          95    -4.99868    -5.02797   0.0031378
          96    -5.03326    -5.02802  0.00310543
          97    -5.03397    -5.02809  0.00307386
          98     -5.0151    -5.02795  0.00304522
          99    -5.02798    -5.02795   0.0030143
         100    -5.00191    -5.02769  0.00299535
