    0.949037           0           0
    0.974686    0.687311           0
     1.00034     1.39919           0
     1.02599     3.10554           0
     1.05164     3.46472           0
     1.07728     3.46475           0
     1.10293     3.61494           0
     1.12858     4.33626           0
     1.15423     2.60113           0
     1.17988     3.56742           0
     1.20553     2.70924           0
     1.23118     2.28931           0
     1.25683     1.36617           0
     1.28248     1.88329           0
     1.30813     1.48162           0
     1.33378     1.10889           0
     1.35943     0.86443           0
     1.38508        0.98           0
     1.41073    0.614253           0
     1.43638     1.00303           0
     1.46203    0.748348           0
     1.48768     0.80804           0
     1.51333    0.781107           0
     1.53898    0.954315           0
     1.56463    0.923534           0
     1.59028    0.745181           0
     1.61593    0.721896           0
     1.64158    0.664702           0
     1.66723    0.746334           0
     1.69288    0.822792           0
     1.71853     1.05414           0
     1.74418     1.11664           0
     1.76983     1.05461           0
     1.79547     1.43487           0
     1.82112     1.50889           0
     1.84677     1.10759           0
     1.87242      1.2393           0
     1.89807     1.44226           0
     1.92372     1.45538           0
     1.94937      1.3181           0
     1.97502      1.9628           0
     2.00067     1.29903           0
     2.02632     1.56592           0
     2.05197     1.90907           0
     2.07762     1.90634           0
     2.10327      1.7321           0
     2.12892     1.58649           0
     2.15457     1.81415           0
     2.18022     1.29413           0
     2.20587     1.71178           0
     2.23152     1.50178           0
     2.25717     1.31938           0
     2.28282     1.48993           0
     2.30847     1.58157           0
     2.33412     1.30382           0
     2.35977      1.1567           0
     2.38542      1.0988           0
     2.41107     1.02677           0
     2.43672     1.05326           0
     2.46237     1.37539           0
     2.48802      1.1636           0
     2.51366     1.05008           0
     2.53931     1.17609           0
           0           0           0
   0.0256496           0           0
   0.0512993           0           0
   0.0769489           0           0
    0.102599           0           0
    0.128248           0           0
    0.153898           0           0
    0.179547           0           0
    0.205197           0           0
    0.230847           0           0
    0.256496           0           0
    0.282146           0           0
    0.307796           0           0
    0.333445           0           0
    0.359095           0           0
    0.384745           0           0
    0.410394           0           0
    0.436044           0           0
    0.461694           0           0
    0.487343           0           0
    0.512993           0           0
    0.538642           0           0
    0.564292           0           0
    0.589942           0           0
    0.615591           0           0
    0.641241           0           0
    0.666891           0           0
     0.69254           0           0
     0.71819           0           0
     0.74384           0           0
    0.769489           0           0
    0.795139           0           0
    0.820788           0           0
    0.846438           0           0
    0.872088           0           0
    0.897737           0           0
    0.923387    0.218483           0
    0.949037    0.206987           0
    0.974686     1.27644           0
     1.00034      2.2387           0
     1.02599       3.283           0
     1.05164     3.38021           0
     1.07728     4.27051           0
     1.10293     3.46112           0
     1.12858     3.01333           0
     1.15423     3.23384           0
     1.17988     2.15392           0
     1.20553     2.12869           0
     1.23118     1.67058           0
     1.25683     1.48496           0
     1.28248     1.19846           0
     1.30813     1.26212           0
     1.33378     1.42572           0
     1.35943     1.42377           0
     1.38508       0.931           0
     1.41073    0.614253           0
     1.43638     1.32218           0
     1.46203    0.704328           0
     1.48768     1.02068           0
     1.51333     1.15111           0
     1.53898    0.835026           0
     1.56463    0.885053           0
     1.59028    0.894218           0
     1.61593     1.19113           0
     1.64158    0.909592           0
     1.66723    0.983803           0
     1.69288     1.08608           0
     1.71853     0.76665           0
     1.74418    0.837483           0
     1.76983     1.08474           0
     1.79547     1.22989           0
     1.82112    0.996438           0
     1.84677     1.38449           0
     1.87242     1.67037           0
     1.89807     1.44226           0
     1.92372     1.53198           0
     1.94937     1.21862           0
     1.97502     1.38123           0
     2.00067     1.65331           0
     2.02632     2.00346           0
     2.05197      1.8417           0
     2.07762     1.66531           0
     2.10327     1.47549           0
     2.12892     1.37774           0
     2.15457     1.48801           0
     2.18022     1.33395           0
     2.20587     1.47835           0
     2.23152     1.36871           0
     2.25717     1.65387           0
     2.28282      1.5626           0
     2.30847     1.45718           0
     2.33412     1.47766           0
     2.35977     1.37784           0
     2.38542      1.0988           0
     2.41107     1.28754           0
     2.43672    0.989424           0
     2.46237     1.25035           0
     2.48802     1.36263           0
     2.51366     1.12509           0
     2.53931     1.08789           0
           0           0           0
   0.0256496           0           0
   0.0512993           0           0
   0.0769489           0           0
    0.102599           0           0
    0.128248           0           0
    0.153898           0           0
    0.179547           0           0
    0.205197           0           0
    0.230847           0           0
    0.256496           0           0
    0.282146           0           0
    0.307796           0           0
    0.333445           0           0
    0.359095           0           0
    0.384745           0           0
    0.410394           0           0
    0.436044           0           0
    0.461694           0           0
    0.487343           0           0
    0.512993           0           0
    0.538642           0           0
    0.564292           0           0
    0.589942           0           0
    0.615591           0           0
    0.641241           0           0
    0.666891           0           0
     0.69254           0           0
     0.71819           0           0
     0.74384           0           0
    0.769489           0           0
    0.795139           0           0
    0.820788           0           0
    0.846438           0           0
    0.872088           0           0
    0.897737           0           0
    0.923387    0.109242           0
    0.949037    0.931441           0
    0.974686       1.571           0
     1.00034     2.33198           0
     1.02599     2.66189           0
     1.05164     3.63373           0
     1.07728      2.9813           0
     1.10293     3.15346           0
     1.12858     3.23382           0
     1.15423     2.67144           0
     1.17988     2.49046           0
     1.20553     1.87067           0
     1.23118     2.41305           0
     1.25683     1.48496           0
     1.28248     1.48381           0
     1.30813     1.48162           0
     1.33378     1.42572           0
     1.35943     1.32207           0
     1.38508       1.421           0
     1.41073    0.992254           0
     1.43638     1.00303           0
     1.46203     0.96845           0
     1.48768    0.765511           0
     1.51333    0.739997           0
     1.53898    0.795263           0
     1.56463    0.577209           0
     1.59028     1.00599           0
     1.61593     1.26332           0
     1.64158     0.73467           0
     1.66723    0.848106           0
     1.69288     0.98735           0
     1.71853    0.638875           0
     1.74418    0.837483           0
     1.76983     1.20527           0
     1.79547      1.2006           0
     1.82112     1.42348           0
     1.84677      1.3568           0
     1.87242     1.29319           0
     1.89807      1.2587           0
     1.92372     1.65964           0
     1.94937     1.41758           0
     1.97502     1.45393           0
     2.00067     1.72417           0
     2.02632     1.88832           0
     2.05197     1.66202           0
     2.07762     1.66531           0
     2.10327     1.43273           0
     2.12892     1.52386           0
     2.15457     1.79376           0
     2.18022     1.45341           0
     2.20587     1.78958           0
     2.23152      1.5398           0
     2.25717      1.5052           0
     2.28282     1.45359           0
     2.30847     1.24394           0
     2.33412     1.21689           0
     2.35977     1.24176           0
     2.38542     1.33188           0
     2.41107     1.28754           0
     2.43672     1.02134           0
     2.46237     1.23472           0
     2.48802      1.1636           0
     2.51366     1.06508           0
     2.53931       1.279           0
           0           0           0
   0.0256496           0           0
   0.0512993           0           0
   0.0769489           0           0
    0.102599           0           0
    0.128248           0           0
    0.153898           0           0
    0.179547           0           0
    0.205197           0           0
    0.230847           0           0
    0.256496           0           0
    0.282146           0           0
    0.307796           0           0
    0.333445           0           0
    0.359095           0           0
    0.384745           0           0
    0.410394           0           0
    0.436044           0           0
    0.461694           0           0
    0.487343           0           0
    0.512993           0           0
    0.538642           0           0
    0.564292           0           0
    0.589942           0           0
    0.615591           0           0
    0.641241           0           0
    0.666891           0           0
     0.69254           0           0
     0.71819           0           0
     0.74384           0           0
    0.769489           0           0
    0.795139           0           0
    0.820788           0           0
    0.846438           0           0
    0.872088           0           0
    0.897737           0           0
    0.923387    0.327725           0
    0.949037    0.931441           0
    0.974686     1.17825           0
     1.00034     2.70509           0
     1.02599     2.83935           0
     1.05164     2.87318           0
     1.07728     3.06187           0
     1.10293     4.15334           0
     1.12858     2.93984           0
     1.15423     2.17933           0
     1.17988     2.55777           0
     1.20553     2.32221           0
     1.23118     1.91807           0
     1.25683     1.42557           0
     1.28248     1.48381           0
     1.30813     1.81087           0
     1.33378     1.32011           0
     1.35943    0.966128           0
     1.38508       1.274           0
     1.41073       1.134           0
     1.43638     1.00303           0
     1.46203    0.704328           0
     1.48768     0.80804           0
     1.51333    0.822218           0
     1.53898     1.15313           0
     1.56463    0.538728           0
     1.59028     1.22955           0
     1.61593     0.97456           0
     1.64158     1.15448           0
     1.66723    0.780258           0
     1.69288    0.822792           0
     1.71853    0.862481           0
     1.74418    0.775448           0
     1.76983      1.2354           0
     1.79547     1.22989           0
     1.82112     1.28113           0
     1.84677      1.0799           0
     1.87242     1.50872           0
     1.89807     1.46849           0
     1.92372     1.30218           0
     1.94937     1.98958           0
     1.97502     1.50239           0
     2.00067     1.36989           0
     2.02632     1.77318           0
     2.05197     1.52726           0
     2.07762      1.8406           0
     2.10327     1.26165           0
     2.12892     1.79524           0
     2.15457     1.50839           0
     2.18022     1.61268           0
     2.20587     1.43945           0
     2.23152      1.7299           0
     2.25717     1.31938           0
     2.28282     1.36274           0
     2.30847     1.27948           0
     2.33412      1.3212           0
     2.35977     1.41186           0
     2.38542     1.19869           0
     2.41107     1.05937           0
     2.43672     1.32455           0
     2.46237     1.29724           0
     2.48802     1.22484           0
     2.51366     1.21509           0
     2.53931      1.2496           0
           0           0           0
   0.0256496           0           0
   0.0512993           0           0
   0.0769489           0           0
    0.102599           0           0
    0.128248           0           0
    0.153898           0           0
    0.179547           0           0
    0.205197           0           0
    0.230847           0           0
    0.256496           0           0
    0.282146           0           0
    0.307796           0           0
    0.333445           0           0
    0.359095           0           0
    0.384745           0           0
    0.410394           0           0
    0.436044           0           0
    0.461694           0           0
    0.487343           0           0
    0.512993           0           0
    0.538642           0           0
    0.564292           0           0
    0.589942           0           0
    0.615591           0           0
    0.641241           0           0
    0.666891           0           0
     0.69254           0           0
     0.71819           0           0
     0.74384           0           0
    0.769489           0           0
    0.795139           0           0
    0.820788           0           0
    0.846438           0           0
    0.872088           0           0
    0.897737    0.115482           0
    0.923387    0.109242           0
    0.949037     1.34542           0
    0.974686    0.785499           0
     1.00034     2.51853           0
     1.02599     3.63792           0
     1.05164     3.88725           0
     1.07728     2.65899           0
     1.10293     2.99963           0
     1.12858     3.08683           0
     1.15423     2.81204           0
     1.17988     2.22123           0
     1.20553     2.06418           0
     1.23118     1.79432           0
     1.25683     1.30677           0
     1.28248     1.71209           0
     1.30813     1.04262           0
     1.33378     1.53133           0
     1.35943     1.57631           0
     1.38508       1.176           0
     1.41073       1.134           0
     1.43638    0.911849           0
     1.46203    0.836389           0
     1.48768      1.1908           0
     1.51333    0.822218           0
     1.53898    0.994079           0
     1.56463     1.11594           0
     1.59028    0.596145           0
     1.61593    0.433138           0
     1.64158     1.01454           0
     1.66723    0.848106           0
     1.69288    0.954438           0
     1.71853     1.34164           0
     1.74418     1.30275           0
     1.76983     1.11487           0
     1.79547     1.28845           0
     1.82112     1.28113           0
     1.84677     1.24604           0
     1.87242     1.15848           0
     1.89807     1.15381           0
     1.92372     1.32771           0
     1.94937     1.29323           0
     1.97502     1.79318           0
     2.00067     1.55883           0
     2.02632     1.33564           0
     2.05197     1.81924           0
     2.07762      1.8406           0
     2.10327     1.64656           0
     2.12892     1.54474           0
     2.15457     1.69185           0
     2.18022     1.79187           0
     2.20587      1.9452           0
     2.23152     1.21664           0
     2.25717     1.37512           0
     2.28282     1.09019           0
     2.30847     1.52826           0
     2.33412      0.9909           0
     2.35977     1.54794           0
     2.38542     1.36517           0
     2.41107     1.12456           0
     2.43672     1.30859           0
     2.46237     1.14095           0
     2.48802      1.3167           0
     2.51366      1.3051           0
     2.53931    0.940874           0
           0           0           0
   0.0256496           0           0
   0.0512993           0           0
   0.0769489           0           0
    0.102599           0           0
    0.128248           0           0
    0.153898           0           0
    0.179547           0           0
    0.205197           0           0
    0.230847           0           0
    0.256496           0           0
    0.282146           0           0
    0.307796           0           0
    0.333445           0           0
    0.359095           0           0
    0.384745           0           0
    0.410394           0           0
    0.436044           0           0
    0.461694           0           0
    0.487343           0           0
    0.512993           0           0
    0.538642           0           0
    0.564292           0           0
    0.589942           0           0
    0.615591           0           0
    0.641241           0           0
    0.666891           0           0
     0.69254           0           0
     0.71819           0           0
     0.74384           0           0
    0.769489           0           0
    0.795139           0           0
    0.820788           0           0
    0.846438           0           0
    0.872088           0           0
    0.897737           0           0
    0.923387    0.218483           0
    0.949037    0.620961           0
    0.974686     1.37462           0
     1.00034     2.51853           0
     1.02599     2.30697           0
     1.05164     4.05626           0
     1.07728     3.86763           0
     1.10293     3.15346           0
     1.12858     2.71935           0
     1.15423     2.10903           0
     1.17988     2.49046           0
     1.20553      2.2577           0
     1.23118     1.97994           0
     1.25683     1.78196           0
     1.28248     1.25553           0
     1.30813      1.5365           0
     1.33378      1.2673           0
     1.35943     1.32207           0
     1.38508       1.225           0
     1.41073     1.22851           0
     1.43638    0.866257           0
     1.46203     1.10051           0
     1.48768     1.02068           0
     1.51333    0.945551           0
     1.53898     1.23266           0
     1.56463    0.731131           0
     1.59028     1.00599           0
     1.61593    0.505328           0
     1.64158     0.73467           0
     1.66723    0.644561           0
     1.69288     0.98735           0
     1.71853     1.05414           0
     1.74418    0.992573           0
     1.76983     1.29566           0
     1.79547    0.761358           0
     1.82112     1.05338           0
     1.84677     1.55062           0
     1.87242      1.5626           0
     1.89807     1.57338           0
     1.92372     1.25111           0
     1.94937     1.66628           0
     1.97502     1.59932           0
     2.00067     1.84226           0
     2.02632     1.51987           0
     2.05197     1.59464           0
     2.07762     1.33663           0
     2.10327     1.64656           0
     2.12892     1.35686           0
     2.15457      1.8753           0
     2.18022     1.55295           0
     2.20587     1.55616           0
     2.23152     1.67287           0
     2.25717     1.39371           0
     2.28282     1.58077           0
     2.30847     1.49272           0
     2.33412      1.0952           0
     2.35977     1.08866           0
     2.38542     1.39847           0
     2.41107     1.14086           0
     2.43672     1.35647           0
     2.46237     1.29724           0
     2.48802     1.30139           0
     2.51366      1.3201           0
     2.53931    0.867368           0
           0           0           0
   0.0256496           0           0
   0.0512993           0           0
   0.0769489           0           0
    0.102599           0           0
    0.128248           0           0
    0.153898           0           0
    0.179547           0           0
    0.205197           0           0
    0.230847           0           0
    0.256496           0           0
    0.282146           0           0
    0.307796           0           0
    0.333445           0           0
    0.359095           0           0
    0.384745           0           0
    0.410394           0           0
    0.436044           0           0
    0.461694           0           0
    0.487343           0           0
    0.512993           0           0
    0.538642           0           0
    0.564292           0           0
    0.589942           0           0
    0.615591           0           0
    0.641241           0           0
    0.666891           0           0
     0.69254           0           0
     0.71819           0           0
     0.74384           0           0
    0.769489           0           0
    0.795139           0           0
    0.820788           0           0
    0.846438           0           0
    0.872088           0           0
    0.897737    0.115482           0
    0.923387    0.218483           0
    0.949037     1.03493           0
    0.974686    0.981873           0
     1.00034     2.70509           0
     1.02599     3.10554           0
     1.05164     2.61967           0
     1.07728     3.54533           0
     1.10293     2.84581           0
     1.12858     3.74829           0
     1.15423     2.88234           0
     1.17988     2.62508           0
     1.20553     2.12869           0
     1.23118      1.8562           0
     1.25683     1.72256           0
     1.28248     1.19846           0
     1.30813     1.59137           0
     1.33378     1.37291           0
     1.35943    0.915279           0
     1.38508       1.176           0
     1.41073    0.945004           0
     1.43638     1.09422           0
     1.46203    0.704328           0
     1.48768     1.10574           0
     1.51333     1.02777           0
     1.53898    0.874789           0
     1.56463    0.885053           0
     1.59028    0.745181           0
     1.61593    0.794086           0
     1.64158    0.804639           0
     1.66723    0.746334           0
     1.69288    0.954438           0
     1.71853     1.40552           0
     1.74418     0.74443           0
     1.76983     1.02448           0
     1.79547     1.22989           0
     1.82112      1.2242           0
     1.84677     1.41218           0
     1.87242      1.2393           0
     1.89807     1.31115           0
     1.92372     1.55751           0
     1.94937     1.69115           0
     1.97502     1.98704           0
     2.00067     1.58245           0
     2.02632     1.86529           0
     2.05197     1.79678           0
     2.07762     1.38045           0
     2.10327     1.53965           0
     2.12892     1.52386           0
     2.15457     1.50839           0
     2.18022     1.75205           0
     2.20587     1.51726           0
     2.23152     1.40673           0
     2.25717     1.41229           0
     2.28282      1.3264           0
     2.30847     1.03069           0
     2.33412      1.4255           0
     2.35977     1.49691           0
     2.38542     1.26528           0
     2.41107     1.25494           0
     2.43672      1.0373           0
     2.46237      1.0628           0
     2.48802     1.28608           0
     2.51366      1.2901           0
     2.53931     1.16139           0
           0           0           0
   0.0256496           0           0
   0.0512993           0           0
   0.0769489           0           0
    0.102599           0           0
    0.128248           0           0
    0.153898           0           0
    0.179547           0           0
    0.205197           0           0
    0.230847           0           0
    0.256496           0           0
    0.282146           0           0
    0.307796           0           0
    0.333445           0           0
    0.359095           0           0
    0.384745           0           0
    0.410394           0           0
    0.436044           0           0
    0.461694           0           0
    0.487343           0           0
    0.512993           0           0
    0.538642           0           0
    0.564292           0           0
    0.589942           0           0
    0.615591           0           0
    0.641241           0           0
    0.666891           0           0
     0.69254           0           0
     0.71819           0           0
     0.74384           0           0
    0.769489           0           0
    0.795139           0           0
    0.820788           0           0
    0.846438           0           0
    0.872088           0           0
    0.897737           0           0
    0.923387    0.436967           0
    0.949037     1.03493           0
    0.974686     1.76737           0
     1.00034     2.51853           0
     1.02599     3.37173           0
     1.05164      3.1267           0
     1.07728     3.46475           0
     1.10293     3.30729           0
     1.12858      1.8374           0
     1.15423     2.95264           0
     1.17988     2.35585           0
     1.20553     2.51572           0
     1.23118      1.8562           0
     1.25683     2.07895           0
     1.28248     1.02725           0
     1.30813     1.04262           0
     1.33378     1.37291           0
     1.35943     1.16952           0
     1.38508       1.127           0
     1.41073     1.08675           0
     1.43638    0.911849           0
     1.46203    0.660307           0
     1.48768    0.722983           0
     1.51333     1.02777           0
     1.53898    0.954315           0
     1.56463    0.846573           0
     1.59028     1.04325           0
     1.61593    0.830181           0
     1.64158      1.3294           0
     1.66723    0.780258           0
     1.69288     1.21773           0
     1.71853     1.24581           0
     1.74418     1.05461           0
     1.76983     1.29566           0
     1.79547      1.3763           0
     1.82112     1.16726           0
     1.84677     1.27373           0
     1.87242     1.45483           0
     1.89807     1.38982           0
     1.92372     1.07238           0
     1.94937      1.3181           0
     1.97502     1.40546           0
     2.00067     1.62969           0
     2.02632      1.3817           0
     2.05197     1.34758           0
     2.07762     2.16928           0
     2.10327     1.38996           0
     2.12892     1.48211           0
     2.15457     1.77338           0
     2.18022     1.55295           0
     2.20587     1.28383           0
     2.23152     1.57782           0
     2.25717     1.44946           0
     2.28282     1.52627           0
     2.30847     1.47495           0
     2.33412     1.23428           0
     2.35977     1.20774           0
     2.38542     1.19869           0
     2.41107     1.41792           0
     2.43672     1.24476           0
     2.46237     1.09406           0
     2.48802     1.20953           0
     2.51366      1.2601           0
     2.53931    0.896771           0
           0           0           0
   0.0256496           0           0
   0.0512993           0           0
   0.0769489           0           0
    0.102599           0           0
    0.128248           0           0
    0.153898           0           0
    0.179547           0           0
    0.205197           0           0
    0.230847           0           0
    0.256496           0           0
    0.282146           0           0
    0.307796           0           0
    0.333445           0           0
    0.359095           0           0
    0.384745           0           0
    0.410394           0           0
    0.436044           0           0
    0.461694           0           0
    0.487343           0           0
    0.512993           0           0
    0.538642           0           0
    0.564292           0           0
    0.589942           0           0
    0.615591           0           0
    0.641241           0           0
    0.666891           0           0
     0.69254           0           0
     0.71819           0           0
     0.74384           0           0
    0.769489           0           0
    0.795139           0           0
    0.820788           0           0
    0.846438           0           0
    0.872088           0           0
    0.897737           0           0
    0.923387    0.327725           0
    0.949037     1.34542           0
    0.974686       1.571           0
     1.00034      2.2387           0
     1.02599     3.37173           0
     1.05164     3.04219           0
     1.07728     2.57842           0
     1.10293     3.69186           0
     1.12858     2.79284           0
     1.15423     2.60113           0
     1.17988     2.15392           0
     1.20553     2.64473           0
     1.23118     1.42308           0
     1.25683     1.54436           0
     1.28248     2.16864           0
     1.30813       1.317           0
     1.33378    0.844869           0
     1.35943     1.01698           0
     1.38508       0.931           0
     1.41073       1.134           0
     1.43638     1.04863           0
     1.46203     1.10051           0
     1.48768     1.06321           0
     1.51333    0.945551           0
     1.53898     1.19289           0
     1.56463     1.03898           0
     1.59028    0.894218           0
     1.61593    0.757991           0
     1.64158    0.874608           0
     1.66723    0.508864           0
     1.69288    0.954438           0
     1.71853     1.24581           0
     1.74418    0.868501           0
     1.76983      1.2354           0
     1.79547     1.05419           0
     1.82112     1.42348           0
     1.84677     1.41218           0
     1.87242     1.32013           0
     1.89807     1.12759           0
     1.92372     1.60858           0
     1.94937     1.54193           0
     1.97502     1.79318           0
     2.00067     1.72417           0
     2.02632     1.40472           0
     2.05197     1.70694           0
     2.07762     1.64339           0
     2.10327     1.71072           0
     2.12892     2.04573           0
     2.15457     1.58993           0
     2.18022     1.53304           0
     2.20587     1.40054           0
     2.23152     1.36871           0
     2.25717     1.43087           0
     2.28282      1.3264           0
     2.30847     1.15508           0
     2.33412     1.18213           0
     2.35977     1.20774           0
     2.38542     1.04885           0
     2.41107     1.32014           0
     2.43672     1.14901           0
     2.46237     1.31287           0
     2.48802     1.05642           0
     2.51366    0.930073           0
     2.53931     1.19079           0
           0           0           0
   0.0256496           0           0
   0.0512993           0           0
   0.0769489           0           0
    0.102599           0           0
    0.128248           0           0
    0.153898           0           0
    0.179547           0           0
    0.205197           0           0
    0.230847           0           0
    0.256496           0           0
    0.282146           0           0
    0.307796           0           0
    0.333445           0           0
    0.359095           0           0
    0.384745           0           0
    0.410394           0           0
    0.436044           0           0
    0.461694           0           0
    0.487343           0           0
    0.512993           0           0
    0.538642           0           0
    0.564292           0           0
    0.589942           0           0
    0.615591           0           0
    0.641241           0           0
    0.666891           0           0
     0.69254           0           0
     0.71819           0           0
     0.74384           0           0
    0.769489           0           0
    0.795139           0           0
    0.820788           0           0
    0.846438           0           0
    0.872088           0           0
    0.897737           0           0
    0.923387    0.109242           0
    0.949037     1.34542           0
    0.974686     1.76737           0
     1.00034      2.2387           0
     1.02599       3.283           0
     1.05164     3.71823           0
     1.07728     3.14245           0
     1.10293     2.84581           0
     1.12858     3.38081           0
     1.15423     2.95264           0
     1.17988     2.08661           0
     1.20553     1.74165           0
     1.23118     2.16556           0
     1.25683     1.96015           0
     1.28248    0.913113           0
     1.30813     1.26212           0
     1.33378    0.950478           0
     1.35943     1.11867           0
     1.38508       0.833           0
     1.41073       1.134           0
     1.43638    0.866257           0
     1.46203     1.05649           0
     1.48768    0.850568           0
     1.51333     1.02777           0
     1.53898      1.0736           0
     1.56463    0.923534           0
     1.59028      0.8197           0
     1.61593     1.11894           0
     1.64158    0.699686           0
     1.66723    0.780258           0
     1.69288    0.855703           0
     1.71853     1.18192           0
     1.74418     1.14766           0
     1.76983      1.3258           0
     1.79547     1.17132           0
     1.82112     1.28113           0
     1.84677     1.66138           0
     1.87242     1.53566           0
     1.89807     1.10137           0
     1.92372     1.20005           0
     1.94937     1.59167           0
     1.97502     1.64779           0
     2.00067     1.67693           0
     2.02632     1.77318           0
     2.05197     1.77432           0
     2.07762     1.24898           0
     2.10327     1.53965           0
     2.12892     1.50299           0
     2.15457       1.753           0
     2.18022     1.55295           0
     2.20587     1.77013           0
     2.23152     1.67287           0
     2.25717     1.33796           0
     2.28282     1.19921           0
     2.30847     1.01292           0
     2.33412     1.11259           0
     2.35977     1.24176           0
     2.38542     1.39847           0
     2.41107     1.14086           0
     2.43672     1.21284           0
     2.46237     1.09406           0
     2.48802    0.964559           0
     2.51366     1.20009           0
     2.53931     1.48482           0
           0           0           0
   0.0256496           0           0
   0.0512993           0           0
   0.0769489           0           0
    0.102599           0           0
    0.128248           0           0
    0.153898           0           0
    0.179547           0           0
    0.205197           0           0
    0.230847           0           0
    0.256496           0           0
    0.282146           0           0
    0.307796           0           0
    0.333445           0           0
    0.359095           0           0
    0.384745           0           0
    0.410394           0           0
    0.436044           0           0
    0.461694           0           0
    0.487343           0           0
    0.512993           0           0
    0.538642           0           0
    0.564292           0           0
    0.589942           0           0
    0.615591           0           0
    0.641241           0           0
    0.666891           0           0
     0.69254           0           0
     0.71819           0           0
     0.74384           0           0
    0.769489           0           0
    0.795139           0           0
    0.820788           0           0
    0.846438           0           0
    0.872088           0           0
    0.897737           0           0
    0.923387    0.327725           0
    0.949037    0.517467           0
    0.974686     1.96375           0
     1.00034     2.51853           0
     1.02599     3.46046           0
     1.05164     2.78868           0
     1.07728      3.3036           0
     1.10293     2.99963           0
     1.12858     3.01333           0
     1.15423     2.60113           0
     1.17988     1.95199           0
     1.20553     2.19319           0
     1.23118     2.16556           0
     1.25683     1.48496           0
     1.28248     1.59795           0
     1.30813     1.15237           0
     1.33378     1.53133           0
     1.35943     1.27122           0
     1.38508       1.421           0
     1.41073    0.803253           0
     1.43638       1.231           0
     1.46203    0.880409           0
     1.48768    0.893096           0
     1.51333    0.863329           0
     1.53898    0.715737           0
     1.56463    0.923534           0
     1.59028    0.856959           0
     1.61593    0.938465           0
     1.64158    0.909592           0
     1.66723    0.915955           0
     1.69288    0.822792           0
     1.71853     1.14997           0
     1.74418     1.14766           0
     1.76983    0.934084           0
     1.79547      1.3763           0
     1.82112     1.13879           0
     1.84677     1.19066           0
     1.87242     1.58954           0
     1.89807     1.54716           0
     1.92372     1.37878           0
     1.94937     1.51706           0
     1.97502     1.38123           0
     2.00067     1.74778           0
     2.02632     1.75015           0
     2.05197      1.5048           0
     2.07762     1.40236           0
     2.10327     1.98871           0
     2.12892     1.71174           0
     2.15457      1.6307           0
     2.18022      1.4335           0
     2.20587     1.55616           0
     2.23152     1.23565           0
     2.25717     1.20788           0
     2.28282     1.47176           0
     2.30847     1.27948           0
     2.33412     1.35597           0
     2.35977     1.19073           0
     2.38542     1.24863           0
     2.41107     1.20605           0
     2.43672     1.38838           0
     2.46237     1.29724           0
     2.48802    0.933938           0
     2.51366     1.05008           0
     2.53931     1.05848           0
           0           0           0
   0.0256496           0           0
   0.0512993           0           0
   0.0769489           0           0
    0.102599           0           0
    0.128248           0           0
    0.153898           0           0
    0.179547           0           0
    0.205197           0           0
    0.230847           0           0
    0.256496           0           0
    0.282146           0           0
    0.307796           0           0
    0.333445           0           0
    0.359095           0           0
    0.384745           0           0
    0.410394           0           0
    0.436044           0           0
    0.461694           0           0
    0.487343           0           0
    0.512993           0           0
    0.538642           0           0
    0.564292           0           0
    0.589942           0           0
    0.615591           0           0
    0.641241           0           0
    0.666891           0           0
     0.69254           0           0
     0.71819           0           0
     0.74384           0           0
    0.769489           0           0
    0.795139           0           0
    0.820788           0           0
    0.846438           0           0
    0.872088           0           0
    0.897737           0           0
    0.923387           0           0
    0.949037    0.620961           0
    0.974686     1.47281           0
     1.00034     2.79837           0
     1.02599       3.283           0
     1.05164     3.29571           0
     1.07728     3.78705           0
     1.10293     3.07655           0
     1.12858     2.71935           0
     1.15423     2.46053           0
     1.17988     2.69239           0
     1.20553     2.38671           0
     1.23118      1.6087           0
     1.25683     1.84136           0
     1.28248     1.59795           0
     1.30813     1.42675           0
     1.33378     1.05609           0
     1.35943     1.27122           0
     1.38508       1.127           0
     1.41073       1.134           0
     1.43638    0.820664           0
     1.46203     0.96845           0
     1.48768    0.893096           0
     1.51333    0.616664           0
     1.53898     1.15313           0
     1.56463    0.808092           0
     1.59028    0.782441           0
     1.61593    0.721896           0
     1.64158     1.04953           0
     1.66723    0.949879           0
     1.69288    0.756968           0
     1.71853     1.21386           0
     1.74418     1.02359           0
     1.76983     1.20527           0
     1.79547    0.878491           0
     1.82112    0.996438           0
     1.84677     1.27373           0
     1.87242     1.45483           0
     1.89807     1.49471           0
     1.92372     1.48091           0
     1.94937     1.74089           0
     1.97502     1.59932           0
     2.00067     1.70055           0
     2.02632     1.51987           0
     2.05197     1.95399           0
     2.07762     1.79678           0
     2.10327     1.30442           0
     2.12892     1.60736           0
     2.15457     1.85492           0
     2.18022      1.6525           0
     2.20587        1.42           0
     2.23152     1.34971           0
     2.25717     1.28221           0
     2.28282      1.3264           0
     2.30847     1.35056           0
     2.33412     1.37335           0
     2.35977     1.36083           0
     2.38542     1.26528           0
     2.41107     1.22235           0
     2.43672     1.16497           0
     2.46237     1.09406           0
     2.48802     1.14828           0
     2.51366     1.21509           0
     2.53931     1.20549           0
           0           0           0
   0.0256496           0           0
   0.0512993           0           0
   0.0769489           0           0
    0.102599           0           0
    0.128248           0           0
    0.153898           0           0
    0.179547           0           0
    0.205197           0           0
    0.230847           0           0
    0.256496           0           0
    0.282146           0           0
    0.307796           0           0
    0.333445           0           0
    0.359095           0           0
    0.384745           0           0
    0.410394           0           0
    0.436044           0           0
    0.461694           0           0
    0.487343           0           0
    0.512993           0           0
    0.538642           0           0
    0.564292           0           0
    0.589942           0           0
    0.615591           0           0
    0.641241           0           0
    0.666891           0           0
     0.69254           0           0
     0.71819           0           0
     0.74384           0           0
    0.769489           0           0
    0.795139           0           0
    0.820788           0           0
    0.846438           0           0
    0.872088           0           0
    0.897737           0           0
    0.923387    0.218483           0
    0.949037    0.724454           0
    0.974686     1.08006           0
     1.00034     3.26477           0
     1.02599     2.75062           0
     1.05164     3.38021           0
     1.07728     4.43166           0
     1.10293     3.23038           0
     1.12858     2.93984           0
     1.15423     2.10903           0
     1.17988     2.42316           0
     1.20553     1.74165           0
     1.23118      1.6087           0
     1.25683     1.36617           0
     1.28248     1.59795           0
     1.30813     1.26212           0
     1.33378     1.32011           0
     1.35943     1.42377           0
     1.38508       1.274           0
     1.41073       1.134           0
     1.43638    0.820664           0
     1.46203     1.14453           0
     1.48768    0.850568           0
     1.51333    0.945551           0
     1.53898    0.914552           0
     1.56463    0.885053           0
     1.59028    0.856959           0
     1.61593     0.97456           0
     1.64158      1.1195           0
     1.66723     1.01773           0
     1.69288    0.954438           0
     1.71853     1.18192           0
     1.74418    0.837483           0
     1.76983    0.934084           0
     1.79547     0.96634           0
     1.82112     1.08185           0
     1.84677     1.32911           0
     1.87242     1.50872           0
     1.89807     1.62583           0
     1.92372     1.20005           0
     1.94937     1.76576           0
     1.97502      1.2843           0
     2.00067     1.81864           0
     2.02632     1.79621           0
     2.05197     1.57218           0
     2.07762     1.38045           0
     2.10327     1.66795           0
     2.12892     1.58649           0
     2.15457     1.48801           0
     2.18022     1.79187           0
     2.20587     1.18657           0
     2.23152     1.61584           0
     2.25717     1.48662           0
     2.28282     1.39908           0
     2.30847    0.941837           0
     2.33412     1.47766           0
     2.35977     1.20774           0
     2.38542      1.0655           0
     2.41107     1.67869           0
     2.43672     1.27668           0
     2.46237     1.14095           0
     2.48802     1.25546           0
     2.51366      1.3351           0
     2.53931     1.44071           0
           0           0           0
   0.0256496           0           0
   0.0512993           0           0
   0.0769489           0           0
    0.102599           0           0
    0.128248           0           0
    0.153898           0           0
    0.179547           0           0
    0.205197           0           0
    0.230847           0           0
    0.256496           0           0
    0.282146           0           0
    0.307796           0           0
    0.333445           0           0
    0.359095           0           0
    0.384745           0           0
    0.410394           0           0
    0.436044           0           0
    0.461694           0           0
    0.487343           0           0
    0.512993           0           0
    0.538642           0           0
    0.564292           0           0
    0.589942           0           0
    0.615591           0           0
    0.641241           0           0
    0.666891           0           0
     0.69254           0           0
     0.71819           0           0
     0.74384           0           0
    0.769489           0           0
    0.795139           0           0
    0.820788           0           0
    0.846438           0           0
    0.872088           0           0
    0.897737           0           0
    0.923387    0.218483           0
    0.949037    0.620961           0
    0.974686    0.981873           0
     1.00034     2.61181           0
     1.02599     2.83935           0
     1.05164     4.05626           0
     1.07728     4.10935           0
     1.10293     3.53803           0
     1.12858     3.38081           0
     1.15423     2.10903           0
     1.17988     2.49046           0
     1.20553     1.87067           0
     1.23118      1.6087           0
     1.25683     1.60376           0
     1.28248     1.14139           0
     1.30813       1.317           0
     1.33378     1.05609           0
     1.35943     1.01698           0
     1.38508       1.323           0
     1.41073    0.992254           0
     1.43638     1.09422           0
     1.46203     1.01247           0
     1.48768     0.80804           0
     1.51333     1.06888           0
     1.53898    0.715737           0
     1.56463     1.11594           0
     1.59028    0.968736           0
     1.61593    0.649707           0
     1.64158    0.874608           0
     1.66723     1.01773           0
     1.69288     1.18482           0
     1.71853     1.11803           0
     1.74418     1.39581           0
     1.76983     1.35593           0
     1.79547     1.11275           0
     1.82112     1.42348           0
     1.84677     1.71676           0
     1.87242     1.15848           0
     1.89807     1.15381           0
     1.92372     1.17452           0
     1.94937      1.3181           0
     1.97502     1.21161           0
     2.00067     1.48798           0
     2.02632     1.61198           0
     2.05197     1.34758           0
     2.07762     1.77487           0
     2.10327     1.75348           0
     2.12892     1.54474           0
     2.15457     1.73261           0
     2.18022     1.67241           0
     2.20587     1.38109           0
     2.23152     1.19763           0
     2.25717     1.65387           0
     2.28282     1.61711           0
     2.30847     1.31502           0
     2.33412     1.19951           0
     2.35977     1.05464           0
     2.38542     1.63155           0
     2.41107     1.22235           0
     2.43672     1.10113           0
     2.46237     1.46917           0
     2.48802     1.10235           0
     2.51366     1.18509           0
     2.53931     1.11729           0
           0           0           0
   0.0256496           0           0
   0.0512993           0           0
   0.0769489           0           0
    0.102599           0           0
    0.128248           0           0
    0.153898           0           0
    0.179547           0           0
    0.205197           0           0
    0.230847           0           0
    0.256496           0           0
    0.282146           0           0
    0.307796           0           0
    0.333445           0           0
    0.359095           0           0
    0.384745           0           0
    0.410394           0           0
    0.436044           0           0
    0.461694           0           0
    0.487343           0           0
    0.512993           0           0
    0.538642           0           0
    0.564292           0           0
    0.589942           0           0
    0.615591           0           0
    0.641241           0           0
    0.666891           0           0
     0.69254           0           0
     0.71819           0           0
     0.74384           0           0
    0.769489           0           0
    0.795139           0           0
    0.820788           0           0
    0.846438           0           0
    0.872088           0           0
    0.897737    0.115482           0
    0.923387    0.109242           0
    0.949037    0.620961           0
    0.974686     1.47281           0
     1.00034     2.79837           0
     1.02599     3.10554           0
     1.05164     3.38021           0
     1.07728     3.78705           0
     1.10293     3.61494           0
     1.12858     2.93984           0
     1.15423     2.88234           0
     1.17988     1.61544           0
     1.20553     1.54814           0
     1.23118     1.97994           0
     1.25683     1.60376           0
     1.28248     1.19846           0
     1.30813     1.70112           0
     1.33378    0.792065           0
     1.35943    0.966128           0
     1.38508       1.372           0
     1.41073    0.945004           0
     1.43638     1.00303           0
     1.46203    0.792369           0
     1.48768      1.1908           0
     1.51333    0.657775           0
     1.53898     1.19289           0
     1.56463      1.1929           0
     1.59028     1.26681           0
     1.61593     1.01066           0
     1.64158     1.15448           0
     1.66723    0.746334           0
     1.69288     1.18482           0
     1.71853    0.734706           0
     1.74418     1.11664           0
     1.76983     1.05461           0
     1.79547     1.25917           0
     1.82112     1.42348           0
     1.84677     1.19066           0
     1.87242     1.45483           0
     1.89807     1.38982           0
     1.92372     1.17452           0
     1.94937     1.21862           0
     1.97502     1.59932           0
     2.00067     2.05483           0
     2.02632     1.45078           0
     2.05197     1.66202           0
     2.07762     1.38045           0
     2.10327     1.62518           0
     2.12892     1.87874           0
     2.15457     1.24341           0
     2.18022     1.53304           0
     2.20587     1.30328           0
     2.23152     1.40673           0
     2.25717     1.35654           0
     2.28282      1.5081           0
     2.30847     1.42164           0
     2.33412      1.4255           0
     2.35977     1.19073           0
     2.38542     1.23199           0
     2.41107     1.41792           0
     2.43672     1.19688           0
     2.46237     1.18784           0
     2.48802     1.22484           0
     2.51366      1.2751           0
     2.53931      1.2349           0
           0           0           0
   0.0256496           0           0
   0.0512993           0           0
   0.0769489           0           0
    0.102599           0           0
    0.128248           0           0
    0.153898           0           0
    0.179547           0           0
    0.205197           0           0
    0.230847           0           0
    0.256496           0           0
    0.282146           0           0
    0.307796           0           0
    0.333445           0           0
    0.359095           0           0
    0.384745           0           0
    0.410394           0           0
    0.436044           0           0
    0.461694           0           0
    0.487343           0           0
    0.512993           0           0
    0.538642           0           0
    0.564292           0           0
    0.589942           0           0
    0.615591           0           0
    0.641241           0           0
    0.666891           0           0
     0.69254           0           0
     0.71819           0           0
     0.74384           0           0
    0.769489           0           0
    0.795139           0           0
    0.820788           0           0
    0.846438           0           0
    0.872088  0.00366821  0.00209634
    0.897737   0.0288706  0.00528698
    0.923387    0.237054    0.017639
    0.949037    0.756537   0.0241124
    0.974686     1.63482   0.0401667
     1.00034     2.43925   0.0460111
     1.02599     3.08513    0.047971
     1.05164     3.38697   0.0465602
     1.07728     3.46636   0.0483722
     1.10293     3.16961   0.0468587
     1.12858     2.99496   0.0415805
     1.15423     2.62433   0.0426286
     1.17988       2.302   0.0353332
     1.20553     2.08224   0.0356519
     1.23118     1.87352   0.0349353
     1.25683     1.65603   0.0330909
     1.28248     1.47182   0.0314293
     1.30813     1.40315    0.028297
     1.33378     1.23985   0.0241161
     1.35943     1.18529   0.0217145
     1.38508      1.0633   0.0225086
     1.41073     1.00454   0.0206519
     1.43638     1.00121   0.0219365
     1.46203    0.923109   0.0220454
     1.48768    0.938602   0.0184265
     1.51333    0.920885   0.0228186
     1.53898    0.909383   0.0202568
     1.56463    0.879281   0.0171164
     1.59028     0.88453   0.0179793
     1.61593    0.915365   0.0166519
     1.64158    0.939678   0.0188365
     1.66723    0.943773   0.0172063
     1.69288    0.977476   0.0183185
     1.71853      1.0452   0.0177134
     1.74418     1.09834   0.0173464
     1.76983     1.13536   0.0189744
     1.79547     1.19826   0.0195693
     1.82112     1.26121   0.0167013
     1.84677     1.28536   0.0207442
     1.87242      1.3856   0.0197134
     1.89807      1.4302   0.0184275
     1.92372     1.45691   0.0198004
     1.94937     1.48473   0.0178483
     1.97502     1.53123   0.0165347
     2.00067     1.60017   0.0193935
     2.02632     1.64514   0.0185885
     2.05197     1.60093   0.0205849
     2.07762     1.61776   0.0188212
     2.10327     1.61898    0.017964
     2.12892     1.58252   0.0166568
     2.15457     1.55915   0.0196488
     2.18022     1.54121   0.0164328
     2.20587     1.52329    0.016391
     2.23152     1.46262   0.0182153
     2.25717     1.43998   0.0148767
     2.28282     1.36601    0.015216
     2.30847     1.35518   0.0143162
     2.33412     1.29825   0.0163039
     2.35977     1.28734   0.0143584
     2.38542     1.24347   0.0150641
     2.41107     1.21746    0.015485
     2.43672     1.21141   0.0134785
     2.46237     1.19971   0.0136889
     2.48802     1.19789   0.0129532
     2.51366     1.18629   0.0122478
     2.53931     1.18418   0.0150959
