           1   0.0523372   0.0523372           0
           2   0.0462671   0.0493021  0.00303503
           3   0.0489611   0.0491884  0.00175596
           4   0.0521089   0.0499186  0.00144041
           5   0.0506834   0.0500715  0.00112617
           6   0.0476545   0.0496687  0.00100388
           7   0.0451689   0.0490259  0.00106446
           8   0.0489518   0.0490166 0.000921893
           9   0.0487645   0.0489886 0.000813516
          10   0.0486854   0.0489583 0.000728262
          11   0.0536804   0.0493876 0.000786269
          12   0.0527845   0.0496706 0.000771569
          13   0.0487178   0.0495973 0.000713515
          14   0.0517702   0.0497525 0.000678574
          15    0.047465      0.0496 0.000649865
          16   0.0519295   0.0497456 0.000625084
          17   0.0514814   0.0498477 0.000595976
          18    0.049155   0.0498093 0.000563208
          19   0.0452307   0.0495683 0.000584707
          20    0.053531   0.0497664 0.000589025
          21   0.0492722   0.0497429 0.000560769
          22   0.0500806   0.0497582 0.000534892
          23   0.0591892   0.0501683 0.000655259
          24   0.0473795   0.0500521 0.000638034
          25   0.0510905   0.0500936 0.000613388
          26   0.0496194   0.0500754 0.000589607
          27   0.0477915   0.0499908  0.00057362
          28   0.0529048   0.0500949 0.000562466
          29   0.0488913   0.0500534 0.000544309
          30   0.0500543   0.0500534 0.000525852
          31   0.0482268   0.0499945 0.000512008
          32    0.045285   0.0498473 0.000517134
          33   0.0504956   0.0498669 0.000501603
          34   0.0500732    0.049873 0.000486664
          35   0.0484253   0.0498316 0.000474362
          36   0.0475642   0.0497687 0.000465279
          37   0.0432812   0.0495933  0.00048531
          38   0.0478475   0.0495474 0.000474595
          39   0.0493451   0.0495422 0.000462295
          40     0.04787   0.0495004 0.000452524
          41    0.048574   0.0494778 0.000441927
          42   0.0494248   0.0494765 0.000431278
          43   0.0440822   0.0493511 0.000439417
          44    0.047965   0.0493196 0.000430469
          45    0.047623   0.0492819  0.00042248
          46   0.0523624   0.0493488 0.000418585
          47   0.0493062   0.0493479 0.000409583
          48   0.0509634   0.0493816 0.000402369
          49   0.0516148   0.0494272 0.000396699
          50   0.0444746   0.0493281 0.000401107
          51   0.0521335   0.0493831 0.000396993
          52   0.0548088   0.0494875 0.000403024
          53   0.0490907     0.04948 0.000395417
          54   0.0515822   0.0495189 0.000389974
          55   0.0483419   0.0494975 0.000383415
          56   0.0485637   0.0494808 0.000376875
          57   0.0531292   0.0495448 0.000375697
          58   0.0515476   0.0495794 0.000370774
          59   0.0516561   0.0496146 0.000366131
          60   0.0505814   0.0496307 0.000360338
          61   0.0497629   0.0496328 0.000354388
          62   0.0483597   0.0496123 0.000349229
          63   0.0478822   0.0495849 0.000344737
          64   0.0500897   0.0495927 0.000339399
          65   0.0503984   0.0496051 0.000334367
          66   0.0513314   0.0496313 0.000330299
          67   0.0473963   0.0495979 0.000327038
          68   0.0521031   0.0496348 0.000324292
          69   0.0513121   0.0496591  0.00032048
          70    0.050359   0.0496691 0.000316027
          71   0.0549471   0.0497434  0.00032029
          72   0.0484398   0.0497253 0.000316329
          73   0.0473268   0.0496925 0.000313691
          74   0.0508379   0.0497079  0.00030981
          75     0.04917   0.0497008 0.000305736
          76   0.0480494    0.049679 0.000302467
          77   0.0494183   0.0496756 0.000298533
          78    0.050411   0.0496851 0.000294831
          79   0.0511275   0.0497033 0.000291647
          80   0.0469754   0.0496692  0.00028999
          81   0.0508858   0.0496843 0.000286781
          82   0.0468892   0.0496502 0.000285306
          83   0.0564483   0.0497321 0.000293507
          84   0.0512994   0.0497507 0.000290592
          85   0.0544355   0.0498058 0.000292394
          86   0.0498622   0.0498065 0.000288975
          87   0.0572269   0.0498918 0.000298097
          88   0.0559235   0.0499603 0.000302556
          89   0.0540207    0.050006 0.000302596
          90   0.0458296   0.0499596 0.000302792
          91   0.0491018   0.0499501 0.000299594
          92   0.0502431   0.0499533 0.000296337
          93   0.0511275   0.0499659 0.000293405
          94   0.0487122   0.0499526 0.000290573
          95   0.0546671   0.0500022  0.00029175
          96   0.0464271    0.049965 0.000291087
          97   0.0501111   0.0499665 0.000288074
          98   0.0522543   0.0499898 0.000286074
          99   0.0448302   0.0499377 0.000287925
         100   0.0465874   0.0499042 0.000286994
