     1.09876           0           0
     1.16339     0.85032           0
     1.22803    0.382681           0
     1.29266           0           0
     1.35729    0.314808           0
     1.42193    0.287452           0
     1.48656    0.263512           0
     1.55119    0.484885           0
     1.61583    0.895211           0
     1.68046     0.82893           0
     1.74509     0.57731           0
     1.80973    0.895854           0
     1.87436    0.668922           0
     1.93899    0.782227           0
     2.00362    0.880025           0
     2.06826     1.10228           0
     2.13289    0.778092           0
     2.19752    0.855915           0
     2.26216     1.84772           0
     2.32679     1.20166           0
     2.39142     2.38035           0
     2.45606    0.589124           0
     2.52069     1.30591           0
     2.58532     1.59714           0
     2.64995      1.5211           0
     2.71459     1.04748           0
     2.77922     1.61519           0
     2.84385     1.17593           0
     2.90849     1.82782           0
     2.97312     1.88468           0
     3.03775     1.74165           0
     3.10239     1.42308           0
     3.16702     1.30677           0
     3.23165     1.54088           0
     3.29629     1.70112           0
     3.36092     1.10889           0
     3.42555     1.16952           0
     3.49018       2.107           0
     3.55482     1.22851           0
     3.61945     1.59574           0
     3.68408    0.880409           0
     3.74872     1.40344           0
     3.81335     1.19222           0
     3.87798    0.994079           0
     3.94262    0.962014           0
     4.00725     1.19229           0
     4.07188     1.29941           0
     4.13651     1.01454           0
     4.20115     1.18735           0
     4.26578     1.15191           0
     4.33041     1.37358           0
     4.39505     1.39581           0
     4.45968      1.2354           0
     4.52431     1.46415           0
     4.58895     1.11032           0
     4.65358     0.99683           0
     4.71821     1.02377           0
     4.78285     1.38982           0
     4.84748     1.35325           0
     4.91211     1.29323           0
     4.97674     1.38123           0
     5.04138      1.1337           0
     5.10601     1.51987           0
     5.17064      1.2802           0
     5.23528     1.44619           0
     5.29991     1.32581           0
     5.36454     1.54474           0
     5.42918     1.46763           0
     5.49381     1.47332           0
     5.55844     1.53671           0
     5.62307     1.46376           0
     5.68771     1.87686           0
     5.75234      1.5081           0
     5.81697     1.35056           0
     5.88161     1.26905           0
     5.94624     1.54794           0
     6.01087     1.36517           0
     6.07551     1.41792           0
     6.14014     1.11709           0
     6.20477     1.20347           0
      6.2694     1.13297           0
     6.33404     1.38011           0
     6.39867     1.11729           0
           0           0           0
    0.064633           0           0
    0.129266           0           0
    0.193899           0           0
    0.258532           0           0
    0.323165           0           0
    0.387798           0           0
    0.452431           0           0
    0.517064           0           0
    0.581697           0           0
     0.64633           0           0
    0.710963           0           0
    0.775596           0           0
     0.84023           0           0
    0.904863           0           0
    0.969496    0.605602           0
     1.03413     3.20665           0
     1.09876    0.475124           0
     1.16339     1.70064           0
     1.22803     2.29609           0
     1.29266     1.73132           0
     1.35729    0.944425           0
     1.42193    0.574903           0
     1.48656    0.527024           0
     1.55119     1.45466           0
     1.61583     1.34282           0
     1.68046     1.86509           0
     1.74509    0.769747           0
     1.80973    0.537512           0
     1.87436     1.17061           0
     1.93899     1.87734           0
     2.00362    0.586683           0
     2.06826     1.65341           0
     2.13289    0.518728           0
     2.19752    0.855915           0
     2.26216    0.692895           0
     2.32679     1.85711           0
     2.39142    0.931441           0
     2.45606     1.47281           0
     2.52069     1.67902           0
     2.58532     1.15349           0
     2.64995     1.18307           0
     2.71459    0.805756           0
     2.77922     1.23062           0
     2.84385    0.808455           0
     2.90849     1.47632           0
     2.97312     1.21158           0
     3.03775     1.61264           0
     3.10239     1.36121           0
     3.16702     1.42557           0
     3.23165     1.54088           0
     3.29629      1.0975           0
     3.36092     1.05609           0
     3.42555     1.27122           0
     3.49018       1.078           0
     3.55482     1.18125           0
     3.61945     1.32218           0
     3.68408      1.7168           0
     3.74872     1.31838           0
     3.81335     1.56221           0
     3.87798     1.11337           0
     3.94262      1.3853           0
     4.00725      1.6394           0
     4.07188     1.55208           0
     4.13651     1.53931           0
     4.20115     1.22127           0
     4.26578     1.21773           0
     4.33041    0.798594           0
     4.39505      1.2097           0
     4.45968     1.11487           0
     4.52431      1.3763           0
     4.58895     1.39501           0
     4.65358     1.27373           0
     4.71821     1.37401           0
     4.78285     1.38982           0
     4.84748     1.42985           0
     4.91211      1.0694           0
     4.97674     1.57509           0
     5.04138     1.06284           0
     5.10601      1.2205           0
     5.17064      1.1679           0
     5.23528     1.16133           0
     5.29991     1.09058           0
     5.36454     1.48211           0
     5.42918     1.42686           0
     5.49381     1.33395           0
     5.55844     1.53671           0
     5.62307     1.44475           0
     5.68771     1.30079           0
     5.75234     1.30823           0
     5.81697     1.29725           0
     5.88161     1.66888           0
     5.94624     1.49691           0
     6.01087     1.28193           0
     6.07551     1.33643           0
     6.14014     1.24476           0
     6.20477     1.70361           0
      6.2694     1.28608           0
     6.33404     1.47011           0
     6.39867      1.2202           0
           0           0           0
    0.064633           0           0
    0.129266           0           0
    0.193899           0           0
    0.258532           0           0
    0.323165           0           0
    0.387798           0           0
    0.452431           0           0
    0.517064           0           0
    0.581697           0           0
     0.64633           0           0
    0.710963           0           0
    0.775596           0           0
     0.84023           0           0
    0.904863           0           0
    0.969496           0           0
     1.03413     3.74109           0
     1.09876    0.950248           0
     1.16339     1.27548           0
     1.22803     3.06145           0
     1.29266     1.38506           0
     1.35729     2.20366           0
     1.42193    0.862355           0
     1.48656     2.10809           0
     1.55119     1.45466           0
     1.61583     1.56662           0
     1.68046      1.2434           0
     1.74509    0.962184           0
     1.80973     1.07502           0
     1.87436    0.836153           0
     1.93899    0.782227           0
     2.00362     1.32004           0
     2.06826     1.65341           0
     2.13289     1.55618           0
     2.19752     1.58956           0
     2.26216     1.50127           0
     2.32679     1.09242           0
     2.39142     1.03493           0
     2.45606     1.27644           0
     2.52069    0.839511           0
     2.58532    0.887297           0
     2.64995     1.01406           0
     2.71459    0.966907           0
     2.77922     1.46136           0
     2.84385     1.10244           0
     2.90849    0.913912           0
     2.97312     1.07696           0
     3.03775     1.74165           0
     3.10239     1.36121           0
     3.16702     1.30677           0
     3.23165     1.54088           0
     3.29629     1.70112           0
     3.36092     1.42572           0
     3.42555     1.57631           0
     3.49018       1.274           0
     3.55482     1.98451           0
     3.61945     1.00303           0
     3.68408    0.748348           0
     3.74872    0.978153           0
     3.81335     1.43888           0
     3.87798    0.994079           0
     3.94262     1.03898           0
     4.00725     1.15503           0
     4.07188     1.44379           0
     4.13651     1.25943           0
     4.20115     1.59444           0
     4.26578     1.08608           0
     4.33041     1.43747           0
     4.39505     1.14766           0
     4.45968      1.3258           0
     4.52431     1.31774           0
     4.58895     1.25266           0
     4.65358     1.66138           0
     4.71821     1.48178           0
     4.78285     1.10137           0
     4.84748     1.22558           0
     4.91211     1.61654           0
     4.97674     1.23584           0
     5.04138     1.27541           0
     5.10601     1.42775           0
     5.17064     1.34758           0
     5.23528     1.31472           0
     5.29991     1.11197           0
     5.36454     1.27337           0
     5.42918     1.34532           0
     5.49381     1.39368           0
     5.55844     1.36164           0
     5.62307     1.10258           0
     5.68771     1.37512           0
     5.75234     1.39908           0
     5.81697     1.59935           0
     5.88161     1.46027           0
     5.94624     1.42887           0
     6.01087     1.16539           0
     6.07551      1.5809           0
     6.14014     1.56393           0
     6.20477     1.29724           0
      6.2694     1.43918           0
     6.33404     1.45511           0
     6.39867      1.3084           0
           0           0           0
    0.064633           0           0
    0.129266           0           0
    0.193899           0           0
    0.258532           0           0
    0.323165           0           0
    0.387798           0           0
    0.452431           0           0
    0.517064           0           0
    0.581697           0           0
     0.64633           0           0
    0.710963           0           0
    0.775596           0           0
     0.84023           0           0
    0.904863           0           0
    0.969496      1.2112           0
     1.03413     2.67221           0
     1.09876     1.42537           0
     1.16339      2.1258           0
     1.22803     1.53072           0
     1.29266     1.03879           0
     1.35729     1.57404           0
     1.42193     2.01216           0
     1.48656     1.31756           0
     1.55119     0.96977           0
     1.61583     2.01422           0
     1.68046     1.03616           0
     1.74509     1.15462           0
     1.80973    0.895854           0
     1.87436     1.17061           0
     1.93899     1.25156           0
     2.00362     1.61338           0
     2.06826     1.10228           0
     2.13289      1.4265           0
     2.19752     1.22274           0
     2.26216    0.577412           0
     2.32679      1.3109           0
     2.39142     1.86288           0
     2.45606     1.17825           0
     2.52069     1.49246           0
     2.58532     1.33095           0
     2.64995     1.43659           0
     2.71459     1.20863           0
     2.77922     1.15371           0
     2.84385     1.46992           0
     2.90849     1.26542           0
     2.97312     1.75006           0
     3.03775     1.54814           0
     3.10239     1.29934           0
     3.16702     1.54436           0
     3.23165    0.798974           0
     3.29629     1.15237           0
     3.36092      1.2145           0
     3.42555     1.27122           0
     3.49018       1.323           0
     3.55482     1.51201           0
     3.61945      1.8237           0
     3.68408     1.23257           0
     3.74872     1.23332           0
     3.81335     1.43888           0
     3.87798     1.11337           0
     3.94262      1.1929           0
     4.00725     1.19229           0
     4.07188    0.938465           0
     4.13651     1.36439           0
     4.20115     1.28912           0
     4.26578     1.54685           0
     4.33041      1.5333           0
     4.39505      1.2097           0
     4.45968     1.20527           0
     4.52431     1.22989           0
     4.58895     1.13879           0
     4.65358     1.21835           0
     4.71821     1.45483           0
     4.78285     1.44226           0
     4.84748     1.22558           0
     4.91211     1.46732           0
     4.97674     1.26007           0
     5.04138     1.25179           0
     5.10601     1.19747           0
     5.17064     1.66202           0
     5.23528     1.62148           0
     5.29991     1.47549           0
     5.36454     1.23162           0
     5.42918     1.10072           0
     5.49381     1.35386           0
     5.55844     1.26438           0
     5.62307     1.23565           0
     5.68771    0.929138           0
     5.75234     1.43542           0
     5.81697     1.36833           0
     5.88161     1.39074           0
     5.94624      1.3098           0
     6.01087     1.31523           0
     6.07551     1.56461           0
     6.14014     1.13305           0
     6.20477     1.28161           0
      6.2694     1.39325           0
     6.33404     1.45511           0
     6.39867     1.66123           0
           0           0           0
    0.064633           0           0
    0.129266           0           0
    0.193899           0           0
    0.258532           0           0
    0.323165           0           0
    0.387798           0           0
    0.452431           0           0
    0.517064           0           0
    0.581697           0           0
     0.64633           0           0
    0.710963           0           0
    0.775596           0           0
     0.84023           0           0
    0.904863           0           0
    0.969496      1.2112           0
     1.03413     1.60333           0
     1.09876     1.42537           0
     1.16339     1.70064           0
     1.22803    0.765362           0
     1.29266     2.42385           0
     1.35729     1.88885           0
     1.42193     1.14981           0
     1.48656     1.58107           0
     1.55119     1.45466           0
     1.61583     1.11901           0
     1.68046     1.86509           0
     1.74509     0.57731           0
     1.80973     1.43337           0
     1.87436     1.00338           0
     1.93899    0.782227           0
     2.00362     1.17337           0
     2.06826     1.24006           0
     2.13289      1.4265           0
     2.19752     1.22274           0
     2.26216      1.9632           0
     2.32679     1.20166           0
     2.39142     1.44891           0
     2.45606     1.47281           0
     2.52069     1.02607           0
     2.58532     1.86332           0
     2.64995     1.94362           0
     2.71459     1.28921           0
     2.77922    0.846051           0
     2.84385     1.54341           0
     2.90849     1.26542           0
     2.97312     1.48082           0
     3.03775     1.61264           0
     3.10239     1.36121           0
     3.16702     1.24737           0
     3.23165     1.19846           0
     3.29629      1.0975           0
     3.36092      1.2145           0
     3.42555     1.11867           0
     3.49018       1.421           0
     3.55482    0.992254           0
     3.61945     1.41337           0
     3.68408     1.14453           0
     3.74872     1.70114           0
     3.81335     1.47999           0
     3.87798     1.27242           0
     3.94262     1.23138           0
     4.00725      1.6394           0
     4.07188      1.3716           0
     4.13651     1.15448           0
     4.20115     1.22127           0
     4.26578      1.4152           0
     4.33041     1.18192           0
     4.39505     1.14766           0
     4.45968     1.05461           0
     4.52431     1.46415           0
     4.58895      1.2242           0
     4.65358     1.49524           0
     4.71821     1.34707           0
     4.78285     1.18003           0
     4.84748     1.35325           0
     4.91211     1.16888           0
     4.97674     1.69625           0
     5.04138      1.5116           0
     5.10601     1.40472           0
     5.17064     1.48234           0
     5.23528      1.0956           0
     5.29991     1.43273           0
     5.36454     1.29424           0
     5.42918     1.36571           0
     5.49381     1.33395           0
     5.55844        1.42           0
     5.62307     1.25466           0
     5.68771     1.13355           0
     5.75234     1.12653           0
     5.81697     1.33279           0
     5.88161      1.3212           0
     5.94624     1.22475           0
     6.01087     1.18204           0
     6.07551     1.15716           0
     6.14014     1.38838           0
     6.20477     1.29724           0
      6.2694     1.45449           0
     6.33404     1.41011           0
     6.39867      1.2349           0
           0           0           0
    0.064633           0           0
    0.129266           0           0
    0.193899           0           0
    0.258532           0           0
    0.323165           0           0
    0.387798           0           0
    0.452431           0           0
    0.517064           0           0
    0.581697           0           0
     0.64633           0           0
    0.710963           0           0
    0.775596           0           0
     0.84023           0           0
    0.904863     0.69198           0
    0.969496     3.02801           0
     1.03413     3.20665           0
     1.09876           0           0
     1.16339     1.27548           0
     1.22803     1.91341           0
     1.29266     1.38506           0
     1.35729     1.88885           0
     1.42193     2.87452           0
     1.48656    0.790535           0
     1.55119     1.21221           0
     1.61583     1.11901           0
     1.68046      1.2434           0
     1.74509     2.30924           0
     1.80973     1.07502           0
     1.87436     1.00338           0
     1.93899    0.938672           0
     2.00362      1.0267           0
     2.06826     1.10228           0
     2.13289     1.55618           0
     2.19752    0.978189           0
     2.26216     1.61675           0
     2.32679     0.65545           0
     2.39142    0.931441           0
     2.45606     1.37462           0
     2.52069     1.21263           0
     2.58532     1.24222           0
     2.64995     1.26758           0
     2.71459     1.20863           0
     2.77922      1.6921           0
     2.84385     1.39642           0
     2.90849     1.40602           0
     2.97312     1.27889           0
     3.03775     2.06418           0
     3.10239     1.42308           0
     3.16702    0.950378           0
     3.23165     1.48381           0
     3.29629    0.932872           0
     3.36092     1.32011           0
     3.42555     1.42377           0
     3.49018       1.127           0
     3.55482     1.32301           0
     3.61945     1.45896           0
     3.68408     1.54072           0
     3.74872     1.31838           0
     3.81335     1.39777           0
     3.87798     1.55076           0
     3.94262     1.34682           0
     4.00725      1.6394           0
     4.07188     1.19113           0
     4.13651      1.3294           0
     4.20115    0.915955           0
     4.26578     1.51394           0
     4.33041     1.24581           0
     4.39505     1.36479           0
     4.45968     1.35593           0
     4.52431     1.40558           0
     4.58895     1.33807           0
     4.65358     1.21835           0
     4.71821     1.13154           0
     4.78285     1.18003           0
     4.84748     1.17452           0
     4.91211     1.39271           0
     4.97674     1.26007           0
     5.04138     1.58245           0
     5.10601     1.19747           0
     5.17064     1.32512           0
     5.23528     1.18324           0
     5.29991     1.26165           0
     5.36454     1.31512           0
     5.42918     1.42686           0
     5.49381     1.21449           0
     5.55844     1.36164           0
     5.62307     1.27367           0
     5.68771     1.20788           0
     5.75234     1.29006           0
     5.81697       1.084           0
     5.88161     1.66888           0
     5.94624     1.34382           0
     6.01087     1.28193           0
     6.07551     1.43422           0
     6.14014     1.38838           0
     6.20477     1.15658           0
      6.2694     1.25546           0
     6.33404     1.50012           0
     6.39867     1.05848           0
           0           0           0
    0.064633           0           0
    0.129266           0           0
    0.193899           0           0
    0.258532           0           0
    0.323165           0           0
    0.387798           0           0
    0.452431           0           0
    0.517064           0           0
    0.581697           0           0
     0.64633           0           0
    0.710963           0           0
    0.775596           0           0
     0.84023           0           0
    0.904863           0           0
    0.969496    0.605602           0
     1.03413     4.80998           0
     1.09876      1.9005           0
     1.16339     0.42516           0
     1.22803     1.53072           0
     1.29266     1.38506           0
     1.35729     2.20366           0
     1.42193     1.14981           0
     1.48656    0.527024           0
     1.55119    0.727328           0
     1.61583     1.11901           0
     1.68046     1.03616           0
     1.74509     1.15462           0
     1.80973     1.43337           0
     1.87436     1.17061           0
     1.93899     1.40801           0
     2.00362     1.90672           0
     2.06826    0.688922           0
     2.13289     1.03746           0
     2.19752     1.58956           0
     2.26216      1.9632           0
     2.32679     1.42014           0
     2.39142     1.34542           0
     2.45606     1.66918           0
     2.52069     1.02607           0
     2.58532     1.06476           0
     2.64995     1.18307           0
     2.71459    0.644605           0
     2.77922    0.922964           0
     2.84385    0.955447           0
     2.90849     1.40602           0
     2.97312     1.88468           0
     3.03775     1.29011           0
     3.10239     1.42308           0
     3.16702    0.890979           0
     3.23165      1.3126           0
     3.29629     1.48162           0
     3.36092     1.32011           0
     3.42555     1.27122           0
     3.49018        0.98           0
     3.55482     1.08675           0
     3.61945     1.59574           0
     3.68408     1.58474           0
     3.74872     1.48849           0
     3.81335      1.5211           0
     3.87798     1.19289           0
     3.94262     1.88555           0
     4.00725     1.71392           0
     4.07188     1.69646           0
     4.13651    0.944576           0
     4.20115     1.69621           0
     4.26578     1.05317           0
     4.33041     1.34164           0
     4.39505      1.2097           0
     4.45968      1.3258           0
     4.52431    0.937057           0
     4.58895     1.39501           0
     4.65358     1.30142           0
     4.71821     1.21236           0
     4.78285    0.812913           0
     4.84748     1.27665           0
     4.91211      1.3181           0
     4.97674     1.23584           0
     5.04138     1.62969           0
     5.10601     1.31261           0
     5.17064     1.32512           0
     5.23528     1.05177           0
     5.29991     1.11197           0
     5.36454     1.10637           0
     5.42918     1.34532           0
     5.49381     1.41359           0
     5.55844     1.30328           0
     5.62307      1.3307           0
     5.68771     1.20788           0
     5.75234     1.58077           0
     5.81697      1.5638           0
     5.88161     1.39074           0
     5.94624     1.54794           0
     6.01087     1.34852           0
     6.07551     1.22235           0
     6.14014     1.57989           0
     6.20477     1.14095           0
      6.2694     1.33201           0
     6.33404     1.15509           0
     6.39867      1.2202           0
           0           0           0
    0.064633           0           0
    0.129266           0           0
    0.193899           0           0
    0.258532           0           0
    0.323165           0           0
    0.387798           0           0
    0.452431           0           0
    0.517064           0           0
    0.581697           0           0
     0.64633           0           0
    0.710963           0           0
    0.775596           0           0
     0.84023           0           0
    0.904863     0.69198           0
    0.969496           0           0
     1.03413     1.06888           0
     1.09876      1.9005           0
     1.16339     1.27548           0
     1.22803     1.53072           0
     1.29266     4.15517           0
     1.35729     2.20366           0
     1.42193           0           0
     1.48656    0.527024           0
     1.55119     0.96977           0
     1.61583    0.447605           0
     1.68046     1.65786           0
     1.74509     1.73193           0
     1.80973    0.895854           0
     1.87436    0.836153           0
     1.93899     1.87734           0
     2.00362      1.0267           0
     2.06826     1.10228           0
     2.13289    0.778092           0
     2.19752     1.46728           0
     2.26216     1.27031           0
     2.32679     1.63863           0
     2.39142      1.6559           0
     2.45606    0.883686           0
     2.52069     1.30591           0
     2.58532     1.15349           0
     2.64995     1.35209           0
     2.71459     1.04748           0
     2.77922     1.53827           0
     2.84385     1.61691           0
     2.90849     1.33572           0
     2.97312     1.00965           0
     3.03775     1.22561           0
     3.10239    0.742478           0
     3.16702     1.18797           0
     3.23165     1.42674           0
     3.29629     1.42675           0
     3.36092      1.1617           0
     3.42555     1.32207           0
     3.49018       1.029           0
     3.55482     1.27576           0
     3.61945       1.231           0
     3.68408     1.58474           0
     3.74872     1.31838           0
     3.81335     1.19222           0
     3.87798     1.55076           0
     3.94262     1.26986           0
     4.00725     1.49036           0
     4.07188     1.15503           0
     4.13651     1.08451           0
     4.20115     1.59444           0
     4.26578     1.51394           0
     4.33041     1.24581           0
     4.39505     1.36479           0
     4.45968     1.17514           0
     4.52431     1.11275           0
     4.58895     1.67971           0
     4.65358     1.46755           0
     4.71821     1.15848           0
     4.78285     1.10137           0
     4.84748     1.20005           0
     4.91211     1.44245           0
     4.97674     1.23584           0
     5.04138      1.5116           0
     5.10601    0.944159           0
     5.17064     1.57218           0
     5.23528     1.16133           0
     5.29991     1.47549           0
     5.36454     1.35686           0
     5.42918     1.67146           0
     5.49381     1.33395           0
     5.55844     1.05041           0
     5.62307     1.29268           0
     5.68771     1.30079           0
     5.75234     1.43542           0
     5.81697     1.22616           0
     5.88161     1.26905           0
     5.94624     1.44588           0
     6.01087     1.19869           0
     6.07551     1.18975           0
     6.14014      1.4203           0
     6.20477     1.54731           0
      6.2694     1.28608           0
     6.33404      1.2601           0
     6.39867     1.54362           0
           0           0           0
    0.064633           0           0
    0.129266           0           0
    0.193899           0           0
    0.258532           0           0
    0.323165           0           0
    0.387798           0           0
    0.452431           0           0
    0.517064           0           0
    0.581697           0           0
     0.64633           0           0
    0.710963           0           0
    0.775596           0           0
     0.84023           0           0
    0.904863     0.69198           0
    0.969496    0.605602           0
     1.03413     1.60333           0
     1.09876     2.37562           0
     1.16339     1.27548           0
     1.22803     1.53072           0
     1.29266     2.07758           0
     1.35729     1.88885           0
     1.42193     1.43726           0
     1.48656     1.31756           0
     1.55119     2.42443           0
     1.61583     2.23803           0
     1.68046     0.82893           0
     1.74509    0.769747           0
     1.80973    0.895854           0
     1.87436     1.17061           0
     1.93899    0.938672           0
     2.00362     1.76005           0
     2.06826     1.10228           0
     2.13289     1.55618           0
     2.19752     1.34501           0
     2.26216     1.38579           0
     2.32679     1.20166           0
     2.39142    0.931441           0
     2.45606    0.981873           0
     2.52069     1.39919           0
     2.58532    0.976027           0
     2.64995     1.35209           0
     2.71459     1.85324           0
     2.77922     1.23062           0
     2.84385     1.91089           0
     2.90849     1.33572           0
     2.97312     1.41351           0
     3.03775      1.1611           0
     3.10239     1.17559           0
     3.16702     1.06917           0
     3.23165     1.14139           0
     3.29629     1.15237           0
     3.36092      1.2145           0
     3.42555     0.86443           0
     3.49018       1.029           0
     3.55482     1.51201           0
     3.61945     1.41337           0
     3.68408     1.10051           0
     3.74872     1.06321           0
     3.81335    0.863329           0
     3.87798     1.67005           0
     3.94262     1.07746           0
     4.00725     1.67666           0
     4.07188     1.04675           0
     4.13651     1.22445           0
     4.20115     1.28912           0
     4.26578     1.15191           0
     4.33041     1.11803           0
     4.39505     1.17868           0
     4.45968     1.05461           0
     4.52431     1.25917           0
     4.58895     1.36654           0
     4.65358     1.24604           0
     4.71821     1.83201           0
     4.78285     1.38982           0
     4.84748     1.42985           0
     4.91211      1.3181           0
     4.97674     1.16314           0
     5.04138     1.29903           0
     5.10601     1.45078           0
     5.17064     1.48234           0
     5.23528      1.2928           0
     5.29991     1.00505           0
     5.36454     1.27337           0
     5.42918     1.32494           0
     5.49381      1.2344           0
     5.55844     1.12822           0
     5.62307     1.69188           0
     5.68771     1.54237           0
     5.75234     1.23555           0
     5.81697    0.852984           0
     5.88161     1.37335           0
     5.94624     1.41186           0
     6.01087     1.51501           0
     6.07551     1.04307           0
     6.14014     1.43626           0
     6.20477     1.68798           0
      6.2694     1.63822           0
     6.33404      1.3201           0
     6.39867     1.13199           0
           0           0           0
    0.064633           0           0
    0.129266           0           0
    0.193899           0           0
    0.258532           0           0
    0.323165           0           0
    0.387798           0           0
    0.452431           0           0
    0.517064           0           0
    0.581697           0           0
     0.64633           0           0
    0.710963           0           0
    0.775596           0           0
     0.84023           0           0
    0.904863           0           0
    0.969496     1.81681           0
     1.03413     1.60333           0
     1.09876     1.42537           0
     1.16339     2.97612           0
     1.22803     1.53072           0
     1.29266     2.07758           0
     1.35729    0.944425           0
     1.42193     3.16197           0
     1.48656    0.790535           0
     1.55119     1.45466           0
     1.61583     2.01422           0
     1.68046     2.07233           0
     1.74509     1.34706           0
     1.80973      1.2542           0
     1.87436     1.50508           0
     1.93899     1.09512           0
     2.00362      1.0267           0
     2.06826    0.964491           0
     2.13289    0.907774           0
     2.19752     1.46728           0
     2.26216    0.923859           0
     2.32679     0.65545           0
     2.39142     1.34542           0
     2.45606     1.47281           0
     2.52069     2.14542           0
     2.58532     1.59714           0
     2.64995     1.43659           0
     2.71459     1.20863           0
     2.77922     1.15371           0
     2.84385     1.61691           0
     2.90849     1.19512           0
     2.97312      1.3462           0
     3.03775     1.35462           0
     3.10239    0.989971           0
     3.16702     1.18797           0
     3.23165    0.856043           0
     3.29629    0.823123           0
     3.36092     1.58413           0
     3.42555    0.966128           0
     3.49018        1.47           0
     3.55482     1.32301           0
     3.61945     1.09422           0
     3.68408     1.01247           0
     3.74872     1.27585           0
     3.81335     1.68555           0
     3.87798     1.59053           0
     3.94262     1.15442           0
     4.00725     1.41584           0
     4.07188     0.97456           0
     4.13651      1.3294           0
     4.20115    0.983803           0
     4.26578     1.54685           0
     4.33041     1.30969           0
     4.39505     1.36479           0
     4.45968     1.35593           0
     4.52431     1.25917           0
     4.58895    0.882559           0
     4.65358     1.32911           0
     4.71821     1.26625           0
     4.78285     1.31115           0
     4.84748     1.14898           0
     4.91211     1.24349           0
     4.97674     1.33277           0
     5.04138     1.48798           0
     5.10601     1.63501           0
     5.17064     1.19036           0
     5.23528     1.11751           0
     5.29991     1.21889           0
     5.36454     1.64911           0
     5.42918      1.1211           0
     5.49381     1.27422           0
     5.55844     1.32274           0
     5.62307     1.17862           0
     5.68771     1.22646           0
     5.75234     1.25372           0
     5.81697     1.29725           0
     5.88161     1.30382           0
     5.94624     1.10567           0
     6.01087     1.28193           0
     6.07551     1.49941           0
     6.14014     1.19688           0
     6.20477     1.21909           0
      6.2694     1.42387           0
     6.33404     1.47011           0
     6.39867     1.17609           0
           0           0           0
    0.064633           0           0
    0.129266           0           0
    0.193899           0           0
    0.258532           0           0
    0.323165           0           0
    0.387798           0           0
    0.452431           0           0
    0.517064           0           0
    0.581697           0           0
     0.64633           0           0
    0.710963           0           0
    0.775596           0           0
     0.84023           0           0
    0.904863     0.69198           0
    0.969496      1.2112           0
     1.03413     1.60333           0
     1.09876     3.32587           0
     1.16339     0.85032           0
     1.22803     1.53072           0
     1.29266     1.03879           0
     1.35729    0.944425           0
     1.42193     1.43726           0
     1.48656    0.790535           0
     1.55119     1.93954           0
     1.61583     2.23803           0
     1.68046     1.03616           0
     1.74509     1.15462           0
     1.80973      1.2542           0
     1.87436     1.17061           0
     1.93899     1.56445           0
     2.00362    0.880025           0
     2.06826     1.37784           0
     2.13289      1.4265           0
     2.19752     1.71183           0
     2.26216     1.03934           0
     2.32679    0.764692           0
     2.39142     1.86288           0
     2.45606     1.96375           0
     2.52069     0.93279           0
     2.58532     1.50841           0
     2.64995     1.18307           0
     2.71459     1.77266           0
     2.77922     1.61519           0
     2.84385    0.734959           0
     2.90849     1.61692           0
     2.97312     1.07696           0
     3.03775     1.29011           0
     3.10239     1.05184           0
     3.16702     1.24737           0
     3.23165     1.88329           0
     3.29629    0.987747           0
     3.36092    0.950478           0
     3.42555     1.16952           0
     3.49018        1.47           0
     3.55482     1.18125           0
     3.61945     1.50455           0
     3.68408     1.36463           0
     3.74872     1.91378           0
     3.81335     1.02777           0
     3.87798     1.39171           0
     3.94262     1.11594           0
     4.00725     1.19229           0
     4.07188     1.15503           0
     4.13651     1.36439           0
     4.20115    0.949879           0
     4.26578     1.25064           0
     4.33041     1.27775           0
     4.39505     1.24072           0
     4.45968     1.26553           0
     4.52431     1.43487           0
     4.58895      1.2242           0
     4.65358      1.0799           0
     4.71821     1.34707           0
     4.78285     1.57338           0
     4.84748     1.27665           0
     4.91211     1.46732           0
     4.97674     1.30854           0
     5.04138     1.08646           0
     5.10601     1.65804           0
     5.17064     1.19036           0
     5.23528     1.62148           0
     5.29991     1.47549           0
     5.36454     1.31512           0
     5.42918     1.24341           0
     5.49381     1.21449           0
     5.55844     1.20602           0
     5.62307     1.21664           0
     5.68771     1.20788           0
     5.75234     1.29006           0
     5.81697     1.22616           0
     5.88161     1.25166           0
     5.94624     1.27578           0
     6.01087     1.36517           0
     6.07551     1.43422           0
     6.14014      1.2288           0
     6.20477     1.21909           0
      6.2694     1.34732           0
     6.33404     1.47011           0
     6.39867     1.17609           0
           0           0           0
    0.064633           0           0
    0.129266           0           0
    0.193899           0           0
    0.258532           0           0
    0.323165           0           0
    0.387798           0           0
    0.452431           0           0
    0.517064           0           0
    0.581697           0           0
     0.64633           0           0
    0.710963           0           0
    0.775596           0           0
     0.84023           0           0
    0.904863     0.69198           0
    0.969496     1.81681           0
     1.03413     2.13777           0
     1.09876      1.9005           0
     1.16339      2.1258           0
     1.22803     1.14804           0
     1.29266    0.692528           0
     1.35729     1.88885           0
     1.42193     1.14981           0
     1.48656     1.31756           0
     1.55119     1.45466           0
     1.61583     1.34282           0
     1.68046      1.2434           0
     1.74509    0.962184           0
     1.80973     1.07502           0
     1.87436    0.836153           0
     1.93899     1.09512           0
     2.00362    0.880025           0
     2.06826     1.51563           0
     2.13289     2.07491           0
     2.19752     1.71183           0
     2.26216    0.808377           0
     2.32679     1.20166           0
     2.39142     1.75939           0
     2.45606       1.571           0
     2.52069     1.02607           0
     2.58532     1.15349           0
     2.64995     1.94362           0
     2.71459     1.45036           0
     2.77922    0.999878           0
     2.84385     1.39642           0
     2.90849    0.984213           0
     2.97312     1.41351           0
     3.03775     1.29011           0
     3.10239      1.6087           0
     3.16702     1.36617           0
     3.23165      1.3126           0
     3.29629     1.15237           0
     3.36092     1.58413           0
     3.42555     1.16952           0
     3.49018       1.323           0
     3.55482     1.27576           0
     3.61945      1.1854           0
     3.68408     1.45268           0
     3.74872     1.27585           0
     3.81335     1.23333           0
     3.87798     1.23266           0
     3.94262     1.42378           0
     4.00725     1.11777           0
     4.07188     1.47989           0
     4.13651      1.3294           0
     4.20115     1.22127           0
     4.26578     1.54685           0
     4.33041    0.990256           0
     4.39505      1.5509           0
     4.45968      1.2354           0
     4.52431     1.31774           0
     4.58895     1.50889           0
     4.65358     1.10759           0
     4.71821     1.07766           0
     4.78285     1.28493           0
     4.84748     1.35325           0
     4.91211     1.36784           0
     4.97674     1.67202           0
     5.04138     1.27541           0
     5.10601     1.51987           0
     5.17064      1.3925           0
     5.23528     1.31472           0
     5.29991     1.13335           0
     5.36454     1.29424           0
     5.42918     1.46763           0
     5.49381      1.2344           0
     5.55844     1.34219           0
     5.62307     1.34971           0
     5.68771     1.15213           0
     5.75234     1.48993           0
     5.81697      1.3861           0
     5.88161     1.21689           0
     5.94624     1.05464           0
     6.01087     1.24863           0
     6.07551     1.23865           0
     6.14014     1.34051           0
     6.20477     1.25035           0
      6.2694      1.4698           0
     6.33404     1.39511           0
     6.39867     1.04378           0
           0           0           0
    0.064633           0           0
    0.129266           0           0
    0.193899           0           0
    0.258532           0           0
    0.323165           0           0
    0.387798           0           0
    0.452431           0           0
    0.517064           0           0
    0.581697           0           0
     0.64633           0           0
    0.710963           0           0
    0.775596           0           0
     0.84023           0           0
    0.904863     0.69198           0
    0.969496     1.81681           0
     1.03413     3.74109           0
     1.09876     2.85074           0
     1.16339     0.85032           0
     1.22803     1.91341           0
     1.29266     1.38506           0
     1.35729    0.944425           0
     1.42193     2.29961           0
     1.48656     1.31756           0
     1.55119     1.45466           0
     1.61583     1.34282           0
     1.68046     0.82893           0
     1.74509     1.15462           0
     1.80973    0.895854           0
     1.87436    0.836153           0
     1.93899     1.09512           0
     2.00362     1.17337           0
     2.06826     1.65341           0
     2.13289     1.03746           0
     2.19752      1.8341           0
     2.26216    0.692895           0
     2.32679     1.63863           0
     2.39142     1.13843           0
     2.45606     1.08006           0
     2.52069     1.21263           0
     2.58532    0.976027           0
     2.64995      1.6056           0
     2.71459    0.966907           0
     2.77922     1.30753           0
     2.84385    0.955447           0
     2.90849     1.05451           0
     2.97312    0.942338           0
     3.03775      1.0966           0
     3.10239     1.05184           0
     3.16702     1.66316           0
     3.23165     1.42674           0
     3.29629     1.26212           0
     3.36092     1.37291           0
     3.42555     1.57631           0
     3.49018       1.617           0
     3.55482     1.37026           0
     3.61945     1.09422           0
     3.68408     1.67278           0
     3.74872     1.48849           0
     3.81335     1.19222           0
     3.87798     1.35195           0
     3.94262     1.11594           0
     4.00725     1.49036           0
     4.07188     1.44379           0
     4.13651     1.43436           0
     4.20115     1.42482           0
     4.26578     1.54685           0
     4.33041     1.08609           0
     4.39505     1.33377           0
     4.45968     1.41619           0
     4.52431     1.40558           0
     4.58895     1.53736           0
     4.65358     1.55062           0
     4.71821     1.18542           0
     4.78285     1.31115           0
     4.84748     1.22558           0
     4.91211     1.39271           0
     4.97674     1.06621           0
     5.04138     1.20455           0
     5.10601     1.42775           0
     5.17064      1.3925           0
     5.23528      1.2928           0
     5.29991     1.24027           0
     5.36454     1.25249           0
     5.42918     1.48801           0
     5.49381     1.29413           0
     5.55844     1.12822           0
     5.62307     1.04555           0
     5.68771     1.22646           0
     5.75234     1.29006           0
     5.81697     1.35056           0
     5.88161     1.19951           0
     5.94624     1.51392           0
     6.01087     1.26528           0
     6.07551     1.66239           0
     6.14014     1.45222           0
     6.20477     1.34413           0
      6.2694     1.43918           0
     6.33404     1.21509           0
     6.39867     1.17609           0
           0           0           0
    0.064633           0           0
    0.129266           0           0
    0.193899           0           0
    0.258532           0           0
    0.323165           0           0
    0.387798           0           0
    0.452431           0           0
    0.517064           0           0
    0.581697           0           0
     0.64633           0           0
    0.710963           0           0
    0.775596           0           0
     0.84023           0           0
    0.904863           0           0
    0.969496           0           0
     1.03413     1.06888           0
     1.09876     2.37562           0
     1.16339      2.1258           0
     1.22803     2.67877           0
     1.29266     1.03879           0
     1.35729     2.20366           0
     1.42193     1.72471           0
     1.48656     1.31756           0
     1.55119      1.6971           0
     1.61583     2.01422           0
     1.68046     1.45063           0
     1.74509     1.15462           0
     1.80973     1.07502           0
     1.87436     1.17061           0
     1.93899    0.782227           0
     2.00362      1.0267           0
     2.06826     1.37784           0
     2.13289    0.907774           0
     2.19752     1.34501           0
     2.26216    0.692895           0
     2.32679    0.873934           0
     2.39142    0.931441           0
     2.45606       1.571           0
     2.52069     1.39919           0
     2.58532     1.24222           0
     2.64995     1.18307           0
     2.71459     1.53094           0
     2.77922     1.61519           0
     2.84385     1.02894           0
     2.90849     1.05451           0
     2.97312     1.41351           0
     3.03775     1.03209           0
     3.10239     1.36121           0
     3.16702     1.24737           0
     3.23165     1.08432           0
     3.29629    0.713373           0
     3.36092     1.63693           0
     3.42555     1.37292           0
     3.49018       1.568           0
     3.55482     1.46476           0
     3.61945     1.50455           0
     3.68408     1.23257           0
     3.74872     1.23332           0
     3.81335     1.39777           0
     3.87798     1.03384           0
     3.94262     1.61618           0
     4.00725     1.34133           0
     4.07188     1.19113           0
     4.13651      1.3294           0
     4.20115      1.1195           0
     4.26578     1.08608           0
     4.33041     1.62913           0
     4.39505     1.39581           0
     4.45968     1.35593           0
     4.52431     1.02491           0
     4.58895      1.2242           0
     4.65358     1.24604           0
     4.71821     1.50872           0
     4.78285     1.49471           0
     4.84748     1.35325           0
     4.91211     1.49219           0
     4.97674      1.2843           0
     5.04138     1.58245           0
     5.10601     1.35867           0
     5.17064     1.23528           0
     5.23528     1.24898           0
     5.29991     1.64656           0
     5.36454     1.31512           0
     5.42918     1.28417           0
     5.49381     1.25431           0
     5.55844     1.32274           0
     5.62307     1.10258           0
     5.68771     1.43087           0
     5.75234     1.29006           0
     5.81697     1.26171           0
     5.88161     1.33858           0
     5.94624     1.29279           0
     6.01087     1.33188           0
     6.07551     1.28754           0
     6.14014     1.24476           0
     6.20477     1.29724           0
      6.2694     1.22484           0
     6.33404     1.47011           0
     6.39867     1.54362           0
           0           0           0
    0.064633           0           0
    0.129266           0           0
    0.193899           0           0
    0.258532           0           0
    0.323165           0           0
    0.387798           0           0
    0.452431           0           0
    0.517064           0           0
    0.581697           0           0
     0.64633           0           0
    0.710963           0           0
    0.775596           0           0
     0.84023           0           0
    0.904863     0.69198           0
    0.969496    0.605602           0
     1.03413     1.06888           0
     1.09876     5.22637           0
     1.16339      2.1258           0
     1.22803     2.29609           0
     1.29266     3.11638           0
     1.35729     1.88885           0
     1.42193     2.01216           0
     1.48656     1.05405           0
     1.55119    0.484885           0
     1.61583    0.671408           0
     1.68046     1.45063           0
     1.74509    0.962184           0
     1.80973     1.07502           0
     1.87436     1.17061           0
     1.93899      1.7209           0
     2.00362      1.0267           0
     2.06826    0.826707           0
     2.13289     1.03746           0
     2.19752     1.95638           0
     2.26216     1.27031           0
     2.32679    0.873934           0
     2.39142     1.75939           0
     2.45606    0.785499           0
     2.52069     1.58574           0
     2.58532     1.24222           0
     2.64995    0.760548           0
     2.71459    0.886331           0
     2.77922     1.30753           0
     2.84385     1.10244           0
     2.90849    0.843611           0
     2.97312    0.740408           0
     3.03775     1.54814           0
     3.10239     1.48496           0
     3.16702     1.36617           0
     3.23165     1.54088           0
     3.29629     1.59137           0
     3.36092     1.00328           0
     3.42555    0.813582           0
     3.49018       1.274           0
     3.55482     1.18125           0
     3.61945      1.8237           0
     3.68408    0.880409           0
     3.74872     1.61608           0
     3.81335    0.945551           0
     3.87798     1.27242           0
     3.94262     1.46226           0
     4.00725     1.34133           0
     4.07188     1.11894           0
     4.13651     1.25943           0
     4.20115     1.05165           0
     4.26578     1.67849           0
     4.33041     1.37358           0
     4.39505     1.05461           0
     4.45968     1.59698           0
     4.52431       1.552           0
     4.58895     1.13879           0
     4.65358     1.30142           0
     4.71821     1.13154           0
     4.78285     1.10137           0
     4.84748     1.45538           0
     4.91211     1.21862           0
     4.97674     1.30854           0
     5.04138     1.29903           0
     5.10601     1.12839           0
     5.17064     1.32512           0
     5.23528     1.55575           0
     5.29991     1.56103           0
     5.36454     1.50299           0
     5.42918     1.34532           0
     5.49381     1.33395           0
     5.55844     1.69232           0
     5.62307     1.06456           0
     5.68771     1.46804           0
     5.75234     1.19921           0
     5.81697     1.42164           0
     5.88161     1.35597           0
     5.94624     1.32681           0
     6.01087     1.53166           0
     6.07551     1.72759           0
     6.14014     1.21284           0
     6.20477     1.12532           0
      6.2694     1.42387           0
     6.33404      1.2601           0
     6.39867     1.16139           0
           0           0           0
    0.064633           0           0
    0.129266           0           0
    0.193899           0           0
    0.258532           0           0
    0.323165           0           0
    0.387798           0           0
    0.452431           0           0
    0.517064           0           0
    0.581697           0           0
     0.64633           0           0
    0.710963           0           0
    0.775596           0           0
     0.84023           0           0
    0.904863    0.214514   0.0389647
    0.969496     1.29599   0.0834632
     1.03413     2.72031    0.108521
     1.09876     3.11681    0.111645
     1.16339     2.59773    0.110256
     1.22803     2.27313    0.104174
     1.29266     2.01526   0.0775645
     1.35729       1.807   0.0774513
     1.42193     1.78795   0.0715376
     1.48656     1.62323   0.0679064
     1.55119     1.55891   0.0585052
     1.61583     1.47038   0.0532524
     1.68046     1.43198   0.0552695
     1.74509     1.37785    0.049515
     1.80973     1.29361   0.0503935
     1.87436     1.34788   0.0453374
     1.93899     1.29537    0.046488
     2.00362      1.3347   0.0448329
     2.06826     1.39989   0.0414845
     2.13289     1.33961   0.0464131
     2.19752     1.33034   0.0414661
     2.26216     1.40311   0.0404522
     2.32679     1.32292   0.0386585
     2.39142     1.35576   0.0389049
     2.45606     1.32062   0.0361606
     2.52069     1.31057   0.0341477
     2.58532     1.25553   0.0317393
     2.64995     1.37321   0.0376653
     2.71459     1.26423   0.0327489
     2.77922     1.27907   0.0332063
     2.84385     1.31999   0.0292293
     2.90849     1.26753   0.0285512
     2.97312     1.32533   0.0267311
     3.03775     1.25722   0.0303459
     3.10239     1.28201   0.0293138
     3.16702     1.29133   0.0269319
     3.23165     1.26866   0.0284002
     3.29629     1.29779   0.0261417
     3.36092     1.30004   0.0245594
     3.42555     1.28037   0.0245876
     3.49018     1.30585    0.025697
     3.55482      1.2904   0.0258337
     3.61945     1.29209   0.0216988
     3.68408     1.28584    0.025006
     3.74872     1.28181   0.0211481
     3.81335     1.33364   0.0254119
     3.87798     1.29866   0.0241322
     3.94262     1.34951   0.0233349
     4.00725     1.31785   0.0212996
     4.07188     1.30086   0.0229257
     4.13651     1.30806   0.0195948
     4.20115     1.31898   0.0191497
     4.26578     1.30396   0.0204695
     4.33041     1.27679   0.0187885
     4.39505     1.33501   0.0195127
     4.45968     1.36316   0.0203289
     4.52431      1.2946   0.0188185
     4.58895     1.34605   0.0182455
     4.65358     1.29671   0.0192648
     4.71821     1.32552   0.0189424
     4.78285     1.33344   0.0191592
     4.84748     1.31929    0.016165
     4.91211     1.28701   0.0180047
     4.97674     1.29715   0.0176209
     5.04138     1.30375   0.0167077
     5.10601     1.32343   0.0158245
     5.17064     1.33141   0.0177712
     5.23528     1.33203   0.0180403
     5.29991     1.31682   0.0178787
     5.36454     1.30384   0.0156872
     5.42918     1.32657    0.017397
     5.49381     1.31842    0.014381
     5.55844     1.29395   0.0143835
     5.62307     1.31587   0.0151396
     5.68771      1.3283   0.0141879
     5.75234     1.31386    0.016117
     5.81697     1.33776   0.0136581
     5.88161     1.34154   0.0147221
     5.94624     1.31201   0.0147258
     6.01087     1.33737   0.0134486
     6.07551     1.34605   0.0163343
     6.14014     1.33971   0.0135096
     6.20477     1.32428   0.0134941
      6.2694     1.31027    0.015124
     6.33404      1.3072   0.0126447
     6.39867     1.32531   0.0154277
