           1   -0.381334   -0.381334           0
           2   -0.352565   -0.366949   0.0143845
           3   -0.350593   -0.361497  0.00993457
           4   -0.390207   -0.368675   0.0100431
           5   -0.410191   -0.376978   0.0113781
           6   -0.391035   -0.379321  0.00958105
           7   -0.393374   -0.381328  0.00834261
           8    -0.38098   -0.381285  0.00722505
           9   -0.378401   -0.380964  0.00637994
          10   -0.455467   -0.388415  0.00938452
          11   -0.434664   -0.392619  0.00947282
          12   -0.400293   -0.393259  0.00867108
          13   -0.392888    -0.39323  0.00797628
          14   -0.452707   -0.397478  0.00851943
          15   -0.418463   -0.398877  0.00805359
          16   -0.386483   -0.398103  0.00757316
          17   -0.415067   -0.399101   0.0071834
          18   -0.397521   -0.399013  0.00677314
          19   -0.364425   -0.397192  0.00666036
          20   -0.410632   -0.397864   0.0063542
          21   -0.339603    -0.39509  0.00665038
          22   -0.385584   -0.394658   0.0063556
          23   -0.408358   -0.395254  0.00610212
          24   -0.363623   -0.393936  0.00598915
          25   -0.353608   -0.392323  0.00596678
          26   -0.363514   -0.391215   0.0058388
          27   -0.340844   -0.389349  0.00592002
          28    -0.40899    -0.39005  0.00574764
          29   -0.459095   -0.392431  0.00603535
          30   -0.445068   -0.394186  0.00608897
          31   -0.418392   -0.394967  0.00594082
          32   -0.379832   -0.394494  0.00577158
          33   -0.409733   -0.394955  0.00561298
          34   -0.399072   -0.395077  0.00544674
          35    -0.42506   -0.395933  0.00535776
          36   -0.429163   -0.396856  0.00528799
          37   -0.385456   -0.396548  0.00515231
          38   -0.362602   -0.395655  0.00509383
          39   -0.405582   -0.395909  0.00496803
          40   -0.437443   -0.396948  0.00495231
          41   -0.441743    -0.39804  0.00495204
          42   -0.475498   -0.399885  0.00517264
          43   -0.482374   -0.401803  0.00540294
          44    -0.53042   -0.404726  0.00603403
          45   -0.459658   -0.405947  0.00602341
          46   -0.443872   -0.406771  0.00594843
          47   -0.421619   -0.407087  0.00582905
          48   -0.487525   -0.408763   0.0059473
          49   -0.483959   -0.410297  0.00602343
          50   -0.426868   -0.410629  0.00591103
          51   -0.408731   -0.410592  0.00579409
          52   -0.431326    -0.41099  0.00569555
          53   -0.407393   -0.410923  0.00558746
          54   -0.411994   -0.410942  0.00548305
          55   -0.414158   -0.411001  0.00538276
          56   -0.398295   -0.410774  0.00529063
          57   -0.427934   -0.411075  0.00520569
          58   -0.394314   -0.410786  0.00512331
          59   -0.388206   -0.410403  0.00505025
          60   -0.380361   -0.409903  0.00499055
          61   -0.370038   -0.409249  0.00495137
          62    -0.41161   -0.409287    0.004871
          63   -0.403593   -0.409197  0.00479391
          64   -0.383409   -0.408794  0.00473559
          65    -0.40942   -0.408804  0.00466217
          66   -0.366414   -0.408161   0.0046357
          67   -0.372291   -0.407626  0.00459726
          68   -0.345115   -0.406707   0.0046215
          69   -0.353574   -0.405937  0.00461868
          70    -0.35283   -0.405178    0.004615
          71   -0.334311    -0.40418  0.00465774
          72   -0.332134   -0.403179  0.00470034
          73   -0.344072   -0.402369  0.00470569
          74   -0.413377   -0.402518  0.00464405
          75   -0.449305   -0.403142  0.00462398
          76   -0.445498   -0.403699  0.00459664
          77   -0.417858   -0.403883  0.00454028
          78   -0.407883   -0.403934  0.00448199
          79   -0.365457   -0.403447  0.00445161
          80   -0.327781   -0.402502  0.00449623
          81   -0.396485   -0.402427  0.00444099
          82   -0.407272   -0.402486   0.0043869
          83   -0.422239   -0.402724  0.00434025
          84   -0.389625   -0.402568   0.0042911
          85   -0.366504   -0.402144  0.00426149
          86   -0.302264   -0.400983  0.00436885
          87   -0.297394   -0.399792  0.00447948
          88   -0.337361   -0.399083  0.00448476
          89   -0.384594    -0.39892  0.00443707
          90   -0.368034   -0.398577  0.00440089
          91       -0.35   -0.398043  0.00438487
          92   -0.339746   -0.397409    0.004383
          93   -0.365487   -0.397066  0.00434918
          94   -0.361114   -0.396683  0.00431963
          95    -0.35004   -0.396192  0.00430202
          96   -0.387743   -0.396104  0.00425789
          97   -0.391308   -0.396055  0.00421405
          98   -0.391203   -0.396006  0.00417112
          99    -0.35832   -0.395625  0.00414629
         100   -0.376432   -0.395433   0.0041091
