           1     1.19352     1.19352           0
           2     1.17432     1.18392  0.00960175
           3     1.17297     1.18027  0.00663736
           4     1.19941     1.18506  0.00670171
           5     1.21273     1.19059  0.00758763
           6     1.19999     1.19216  0.00639044
           7     1.20153      1.1935  0.00556452
           8     1.19325     1.19347  0.00481912
           9     1.19149     1.19325  0.00425574
          10     1.24284     1.19821  0.00625194
          11     1.22896       1.201  0.00630863
          12     1.20605     1.20142  0.00577431
          13     1.20114      1.2014  0.00531163
          14     1.24105     1.20423  0.00567481
          15     1.21822     1.20517  0.00536465
          16     1.19687     1.20465  0.00504488
          17     1.21594     1.20531  0.00478516
          18     1.20421     1.20525   0.0045119
          19     1.18208     1.20403  0.00443864
          20     1.21286     1.20447  0.00423396
          21     1.16553     1.20262  0.00443377
          22     1.19625     1.20233  0.00423734
          23      1.2115     1.20273   0.0040685
          24     1.18169     1.20185  0.00399267
          25     1.17497     1.20078  0.00397775
          26     1.18157     1.20004  0.00389245
          27     1.16648     1.19879  0.00394636
          28      1.2119     1.19926   0.0038315
          29     1.24528     1.20085  0.00402314
          30     1.23591     1.20202  0.00405862
          31     1.21811     1.20254  0.00395968
          32     1.19242     1.20222  0.00384696
          33     1.21238     1.20253  0.00374124
          34     1.20529     1.20261  0.00363045
          35     1.22265     1.20318  0.00357139
          36     1.22532      1.2038  0.00352483
          37     1.19614     1.20359  0.00343448
          38     1.18093     1.20299  0.00339566
          39     1.20956     1.20316  0.00331173
          40     1.23078     1.20385   0.0033009
          41     1.23366     1.20458  0.00330043
          42     1.25619     1.20581  0.00344738
          43     1.26082     1.20709  0.00360113
          44     1.29286     1.20904  0.00402226
          45     1.24562     1.20985  0.00401504
          46     1.23507      1.2104  0.00396488
          47     1.22022     1.21061  0.00388523
          48     1.26419     1.21172  0.00396387
          49     1.26188     1.21275  0.00401479
          50     1.22386     1.21297  0.00393995
          51     1.21181     1.21295  0.00386199
          52     1.22688     1.21321  0.00379646
          53     1.21092     1.21317  0.00372439
          54     1.21396     1.21319   0.0036548
          55     1.21538     1.21323  0.00358796
          56     1.20477     1.21307  0.00352654
          57     1.22452     1.21328  0.00346993
          58      1.2021     1.21308  0.00341502
          59     1.19803     1.21283  0.00336632
          60     1.19279     1.21249  0.00332654
          61     1.18592     1.21206  0.00330044
          62     1.21367     1.21208  0.00324687
          63     1.20828     1.21202  0.00319549
          64     1.19483     1.21175  0.00315661
          65      1.2122     1.21176  0.00310768
          66     1.18354     1.21133  0.00308996
          67     1.18745     1.21098  0.00306429
          68     1.16933     1.21036   0.0030804
          69     1.17494     1.20985  0.00307855
          70     1.17446     1.20935  0.00307609
          71      1.1621     1.20868  0.00310461
          72     1.16065     1.20801  0.00313304
          73     1.16862     1.20747  0.00313658
          74     1.21487     1.20757  0.00309552
          75     1.23883     1.20799  0.00308226
          76     1.23629     1.20836  0.00306415
          77     1.21787     1.20849  0.00302661
          78     1.21118     1.20852  0.00298776
          79     1.18291      1.2082  0.00296745
          80     1.15781     1.20757  0.00299705
          81     1.20359     1.20752  0.00296022
          82     1.21079     1.20756  0.00292417
          83     1.22076     1.20772   0.0028931
          84     1.19903     1.20761  0.00286032
          85      1.1836     1.20733  0.00284056
          86     1.14078     1.20656  0.00291202
          87     1.13755     1.20576  0.00298565
          88     1.16422     1.20529  0.00298904
          89     1.19573     1.20518  0.00295722
          90     1.18468     1.20496  0.00293304
          91     1.17264      1.2046  0.00292229
          92      1.1658     1.20418  0.00292096
          93     1.18292     1.20395  0.00289841
          94     1.17999      1.2037  0.00287871
          95     1.17257     1.20337  0.00286703
          96      1.1977     1.20331  0.00283762
          97     1.20009     1.20328  0.00280841
          98     1.20009     1.20324   0.0027798
          99     1.17815     1.20299  0.00276323
         100     1.19024     1.20286  0.00273842
