           1     1.40895     1.40895           0
           2     1.40892     1.40893  1.8143e-05
           3     1.40886     1.40891 2.54092e-05
           4      1.4089     1.40891 1.80456e-05
           5      1.4089     1.40891  1.4164e-05
           6     1.40895     1.40891 1.41106e-05
           7     1.40893     1.40892 1.20349e-05
           8      1.4089     1.40891 1.07384e-05
           9     1.40883      1.4089 1.32485e-05
          10      1.4088     1.40889 1.60608e-05
          11     1.40878     1.40888 1.77474e-05
          12     1.40878     1.40887 1.83273e-05
          13     1.40883     1.40887 1.72764e-05
          14     1.40887     1.40887 1.59966e-05
          15     1.40887     1.40887  1.4892e-05
          16     1.40882     1.40887 1.42465e-05
          17     1.40884     1.40887 1.34831e-05
          18     1.40879     1.40886 1.33356e-05
          19     1.40869     1.40885 1.53798e-05
          20     1.40866     1.40884 1.74346e-05
          21     1.40869     1.40884 1.81664e-05
          22     1.40879     1.40883 1.74549e-05
          23     1.40889     1.40884 1.68584e-05
          24     1.40892     1.40884 1.64871e-05
          25     1.40884     1.40884  1.5814e-05
          26     1.40884     1.40884 1.51943e-05
          27     1.40887     1.40884 1.46711e-05
          28     1.40886     1.40884 1.41529e-05
          29     1.40882     1.40884 1.36779e-05
          30      1.4088     1.40884 1.32997e-05
          31     1.40877     1.40884 1.30692e-05
          32      1.4088     1.40884 1.27147e-05
          33     1.40883     1.40884 1.23241e-05
          34     1.40887     1.40884 1.19989e-05
          35     1.40891     1.40884 1.18488e-05
          36     1.40882     1.40884 1.15316e-05
          37     1.40876     1.40884 1.14389e-05
          38     1.40879     1.40883 1.12099e-05
          39     1.40876     1.40883 1.10895e-05
          40     1.40873     1.40883 1.11278e-05
          41     1.40874     1.40883 1.10711e-05
          42     1.40879     1.40883 1.08348e-05
          43     1.40885     1.40883 1.05923e-05
          44     1.40887     1.40883 1.03864e-05
          45     1.40877     1.40883  1.0224e-05
          46     1.40873     1.40883 1.01997e-05
          47     1.40871     1.40882 1.02653e-05
          48     1.40876     1.40882  1.0129e-05
          49     1.40885     1.40882 9.94205e-06
          50     1.40892     1.40882   9.948e-06
          51     1.40899     1.40883 1.02553e-05
          52     1.40899     1.40883  1.0559e-05
          53     1.40899     1.40883 1.07613e-05
          54     1.40894     1.40884 1.07568e-05
          55      1.4089     1.40884 1.06328e-05
          56     1.40886     1.40884 1.04489e-05
          57     1.40885     1.40884 1.02665e-05
          58     1.40884     1.40884  1.0088e-05
          59     1.40884     1.40884 9.91581e-06
          60     1.40883     1.40884 9.75108e-06
          61     1.40884     1.40884 9.58991e-06
          62     1.40889     1.40884 9.46987e-06
          63     1.40882     1.40884 9.32131e-06
          64     1.40884     1.40884 9.17451e-06
          65     1.40888     1.40884 9.05719e-06
          66     1.40889     1.40884 8.95877e-06
          67     1.40889     1.40884 8.85602e-06
          68     1.40888     1.40884 8.74237e-06
          69     1.40883     1.40884 8.61595e-06
          70     1.40885     1.40884 8.49405e-06
          71     1.40884     1.40884 8.37357e-06
          72     1.40883     1.40884 8.25689e-06
          73     1.40886     1.40884 8.14963e-06
          74     1.40893     1.40884 8.12637e-06
          75     1.40893     1.40884 8.10719e-06
          76     1.40894     1.40884 8.10393e-06
          77     1.40895     1.40885 8.10701e-06
          78     1.40888     1.40885 8.01646e-06
          79     1.40892     1.40885 7.96263e-06
          80     1.40894     1.40885 7.93846e-06
          81     1.40891     1.40885 7.87108e-06
          82     1.40891     1.40885 7.80748e-06
          83      1.4089     1.40885 7.73364e-06
          84     1.40893     1.40885  7.6942e-06
          85     1.40889     1.40885 7.61619e-06
          86     1.40891     1.40885  7.5608e-06
          87     1.40893     1.40885 7.52494e-06
          88     1.40897     1.40885 7.54986e-06
          89       1.409     1.40886 7.62939e-06
          90     1.40898     1.40886 7.67207e-06
          91     1.40896     1.40886 7.66466e-06
          92     1.40896     1.40886 7.66003e-06
          93     1.40889     1.40886 7.58601e-06
          94     1.40887     1.40886 7.50559e-06
          95     1.40882     1.40886 7.44068e-06
          96      1.4088     1.40886 7.38503e-06
          97     1.40883     1.40886 7.31515e-06
          98     1.40894     1.40886 7.28428e-06
          99     1.40891     1.40886 7.22612e-06
         100     1.40893     1.40886 7.18533e-06
