           1     1.79029     1.79029           0
           2     1.76148     1.77588   0.0144026
           3     1.75946     1.77041  0.00995604
           4     1.79911     1.77758   0.0100526
           5     1.81909     1.78588   0.0113814
           6     1.79999     1.78824  0.00958566
           7      1.8023     1.79024  0.00834679
           8     1.78988      1.7902  0.00722868
           9     1.78723     1.78987  0.00638361
          10     1.86426     1.79731  0.00937791
          11     1.84345      1.8015  0.00946295
          12     1.80907     1.80213  0.00866146
          13     1.80171      1.8021  0.00796745
          14     1.86157     1.80635  0.00851222
          15     1.82733     1.80775  0.00804697
          16     1.79531     1.80697  0.00756732
          17     1.82391     1.80797  0.00717773
          18     1.80631     1.80787  0.00676785
          19     1.77312     1.80605  0.00665796
          20     1.81929     1.80671  0.00635094
          21     1.74829     1.80393  0.00665066
          22     1.79437     1.80349    0.006356
          23     1.81725     1.80409  0.00610275
          24     1.77254     1.80278    0.005989
          25     1.76245     1.80116  0.00596662
          26     1.77235     1.80005  0.00583868
          27     1.74972     1.79819  0.00591953
          28     1.81785     1.79889  0.00574725
          29     1.86791     1.80127   0.0060347
          30     1.85386     1.80303  0.00608793
          31     1.82716      1.8038  0.00593952
          32     1.78863     1.80333  0.00577043
          33     1.81856     1.80379  0.00561186
          34     1.80794     1.80391  0.00544567
          35     1.83397     1.80477  0.00535709
          36     1.83798     1.80569  0.00528724
          37     1.79421     1.80538  0.00515171
          38     1.77139     1.80449  0.00509349
          39     1.81434     1.80474   0.0049676
          40     1.84617     1.80578  0.00495135
          41     1.85048     1.80687  0.00495064
          42     1.88429     1.80871  0.00517107
          43     1.89122     1.81063  0.00540169
          44     1.93929     1.81355  0.00603339
          45     1.86843     1.81477  0.00602256
          46     1.85261      1.8156  0.00594732
          47     1.83033     1.81591  0.00582784
          48     1.89629     1.81758   0.0059458
          49     1.89281     1.81912  0.00602219
          50     1.83579     1.81945  0.00590993
          51     1.81772     1.81942  0.00579299
          52     1.84032     1.81982  0.00569469
          53     1.81638     1.81976  0.00558659
          54     1.82094     1.81978   0.0054822
          55     1.82306     1.81984  0.00538194
          56     1.80715     1.81961  0.00528981
          57     1.83678     1.81991   0.0052049
          58     1.80315     1.81962  0.00512254
          59     1.79705     1.81924  0.00504948
          60     1.78919     1.81874  0.00498982
          61     1.77888     1.81809  0.00495066
          62      1.8205     1.81813  0.00487031
          63     1.81242     1.81803  0.00479324
          64     1.79225     1.81763  0.00473492
          65      1.8183     1.81764  0.00466152
          66     1.77531       1.817  0.00463494
          67     1.78118     1.81647  0.00459644
          68     1.75399     1.81555  0.00462059
          69      1.7624     1.81478  0.00461782
          70     1.76168     1.81402  0.00461414
          71     1.74315     1.81302  0.00465691
          72     1.74097     1.81202  0.00469956
          73     1.75294     1.81121  0.00470487
          74     1.82231     1.81136  0.00464328
          75     1.85824     1.81199  0.00462339
          76     1.85444     1.81254  0.00459623
          77      1.8268     1.81273  0.00453992
          78     1.81677     1.81278  0.00448164
          79     1.77437     1.81229  0.00445118
          80     1.73672     1.81135  0.00449557
          81     1.80539     1.81128  0.00444033
          82     1.81618     1.81134  0.00438626
          83     1.83114     1.81157  0.00433965
          84     1.79855     1.81142  0.00429048
          85     1.77539       1.811  0.00426084
          86     1.71118     1.80984  0.00436803
          87     1.70632     1.80865  0.00447847
          88     1.74633     1.80794  0.00448356
          89     1.79359     1.80778  0.00443583
          90     1.77702     1.80743  0.00439956
          91     1.75896      1.8069  0.00438344
          92     1.74871     1.80627  0.00438143
          93     1.77438     1.80593  0.00434761
          94     1.76998     1.80554  0.00431807
          95     1.75886     1.80505  0.00430055
          96     1.79655     1.80496  0.00425644
          97     1.80014     1.80491  0.00421262
          98     1.80014     1.80487   0.0041697
          99     1.76723     1.80449  0.00414484
         100     1.78536     1.80429  0.00410764
