           0           0           0
    0.064633           0           0
    0.129266           0           0
    0.193899           0           0
    0.258532           0           0
    0.323165           0           0
    0.387798           0           0
    0.452431           0           0
    0.517064           0           0
    0.581697           0           0
     0.64633           0           0
    0.710963           0           0
    0.775596           0           0
     0.84023  0.00798243  0.00798243
    0.904863    0.249113   0.0361642
    0.969496     1.29599   0.0839059
     1.03413     2.38896    0.104556
     1.09876     2.93152    0.125625
     1.16339     2.78054    0.117709
     1.22803     2.39558    0.096631
     1.29266      2.1503    0.093029
     1.35729     1.87626   0.0852411
     1.42193     1.85694   0.0711679
     1.48656     1.61796   0.0554293
     1.55119     1.52011   0.0615323
     1.61583     1.41667   0.0531383
     1.68046     1.45477   0.0572651
     1.74509     1.39517   0.0514893
     1.80973     1.49249   0.0483224
     1.87436     1.33617   0.0414084
     1.93899     1.37359   0.0500477
     2.00362     1.37871   0.0468011
     2.06826     1.33789    0.043142
     2.13289     1.30979   0.0408222
     2.19752     1.43182    0.040434
     2.26216     1.31996   0.0414677
     2.32679     1.32619   0.0369078
     2.39142     1.45305   0.0337983
     2.45606     1.31571   0.0331724
     2.52069     1.30591    0.036333
     2.58532     1.27593   0.0321229
     2.64995      1.4087   0.0332439
     2.71459     1.36737    0.034098
     2.77922     1.31984   0.0327363
     2.84385     1.32954   0.0321822
     2.90849     1.31252   0.0240654
     2.97312     1.35831   0.0265539
     3.03775     1.31656     0.03112
     3.10239     1.31542   0.0279434
     3.16702     1.35488    0.029071
     3.23165      1.2989   0.0226414
     3.29629     1.31261   0.0274283
     3.36092     1.31694   0.0261591
     3.42555     1.35309   0.0277844
     3.49018     1.31026   0.0272742
     3.55482      1.3145   0.0281296
     3.61945     1.31033   0.0238594
     3.68408     1.32017   0.0250545
     3.74872     1.29456   0.0219393
     3.81335     1.35255   0.0235513
     3.87798     1.33485   0.0207522
     3.94262     1.32065   0.0213788
     4.00725      1.2724   0.0184318
     4.07188     1.35897   0.0225171
     4.13651     1.31751   0.0208026
     4.20115     1.34917   0.0235373
     4.26578     1.32107   0.0210713
     4.33041     1.32726   0.0204332
     4.39505     1.29562   0.0202265
     4.45968      1.3261   0.0212783
     4.52431     1.34907   0.0189422
     4.58895     1.31672   0.0181704
     4.65358     1.32246   0.0210993
     4.71821     1.30504   0.0185723
     4.78285     1.32924   0.0194017
     4.84748     1.32771    0.017908
     4.91211     1.31288   0.0161457
     4.97674     1.32695    0.018381
     5.04138     1.31202   0.0184525
     5.10601     1.31169   0.0171359
     5.17064     1.28806       0.018
     5.23528     1.30551   0.0170219
     5.29991     1.31704   0.0175104
     5.36454     1.31574   0.0175015
     5.42918     1.30272   0.0123942
     5.49381     1.33295   0.0165911
     5.55844     1.31865   0.0132199
     5.62307     1.32442   0.0162231
     5.68771     1.30358   0.0173447
     5.75234     1.30932    0.014736
     5.81697     1.31324   0.0153003
     5.88161     1.32954   0.0152265
     5.94624     1.30844    0.017063
     6.01087     1.31706     0.01383
     6.07551     1.28444   0.0135365
     6.14014     1.32806   0.0134125
     6.20477     1.29271    0.012696
      6.2694     1.30828   0.0138461
     6.33404     1.31185   0.0137494
     6.39867     1.31134   0.0142119
