           0           0           0
   0.0230664           0           0
   0.0461329           0           0
   0.0691993           0           0
   0.0922657           0           0
    0.115332           0           0
    0.138399           0           0
    0.161465           0           0
    0.184531           0           0
    0.207598           0           0
    0.230664           0           0
    0.253731           0           0
    0.276797           0           0
    0.299864           0           0
     0.32293           0           0
    0.345996           0           0
    0.369063           0           0
    0.392129           0           0
    0.415196           0           0
    0.438262           0           0
    0.461329           0           0
    0.484395           0           0
    0.507461           0           0
    0.530528           0           0
    0.553594           0           0
    0.576661           0           0
    0.599727           0           0
    0.622794           0           0
     0.64586           0           0
    0.668926           0           0
    0.691993           0           0
    0.715059           0           0
    0.738126           0           0
    0.761192           0           0
    0.784259           0           0
    0.807325           0           0
    0.830391           0           0
    0.853458           0           0
    0.876524           0           0
    0.899591  0.00279837  0.00159924
    0.922657   0.0647727  0.00744559
    0.945724    0.361683   0.0166898
     0.96879     1.35286   0.0339214
    0.991856     2.95349   0.0483117
     1.01492     4.78091   0.0513396
     1.03799     6.21038   0.0576714
     1.06106     6.61185   0.0571932
     1.08412     6.07128   0.0632309
     1.10719     4.84715   0.0534806
     1.13026     3.52352   0.0439327
     1.15332     2.43459   0.0369695
     1.17639     1.47723   0.0236145
     1.19945    0.903482     0.02347
     1.22252    0.462725   0.0158919
     1.24559     0.23177   0.0112915
     1.26865    0.119543  0.00887039
     1.29172    0.060638  0.00557658
     1.31479   0.0519442   0.0055393
     1.33785   0.0769764  0.00575663
     1.36092    0.147177  0.00816342
     1.38399    0.232217  0.00953646
     1.40705    0.409049   0.0118782
     1.43012    0.614775   0.0124704
     1.45319    0.846063   0.0148187
     1.47625     1.03169   0.0158924
     1.49932     1.22263    0.017478
     1.52238     1.30725   0.0209727
     1.54545      1.2704   0.0211104
     1.56852     1.07105   0.0185294
     1.59158    0.847907    0.014774
     1.61465    0.621386   0.0107216
     1.63772    0.417365   0.0107991
     1.66078    0.296003   0.0102681
     1.68385    0.265642  0.00979294
     1.70692    0.324378   0.0115762
     1.72998    0.567598   0.0144566
     1.75305     1.00051    0.017521
     1.77612     1.59835   0.0182183
     1.79918     2.28346    0.021234
     1.82225     2.97111   0.0272198
     1.84531     3.47294   0.0296705
     1.86838     3.62533   0.0318409
     1.89145     3.40818   0.0289329
     1.91451      2.9277   0.0261845
     1.93758     2.26993   0.0196659
     1.96065     1.59636   0.0178715
     1.98371     1.07861   0.0154169
     2.00678    0.705839    0.013718
     2.02985    0.577924   0.0139274
     2.05291    0.601785   0.0112431
     2.07598    0.765553   0.0124808
     2.09905     1.01732   0.0137184
     2.12211     1.23921   0.0140695
     2.14518     1.36584    0.013949
     2.16824     1.35941   0.0130262
     2.19131     1.23502   0.0135277
     2.21438     1.04154   0.0125872
     2.23744    0.865807   0.0100394
     2.26051    0.755159   0.0122395
     2.28358    0.760638     0.01302
