           1      7.4295      7.4295           0
           2     7.65096     7.54023    0.110728
           3     7.64222     7.57423   0.0724061
           4     7.60326     7.58148   0.0517108
           5     7.62561     7.59031   0.0410158
           6     7.48963     7.57353   0.0374577
           7     7.56951     7.57296   0.0316627
           8     7.47357     7.56053   0.0301039
           9     7.45048     7.54831   0.0292297
          10     7.58971     7.55245   0.0264696
          11     7.45093     7.54322   0.0256596
          12      7.6943     7.55581    0.026593
          13     7.56373     7.55642   0.0244696
          14     7.61717     7.56076   0.0230663
          15     7.57516     7.56172    0.021495
          16     7.64395     7.56686   0.0207532
          17     7.60652     7.56919   0.0196333
          18      7.5129     7.56606   0.0187728
          19     7.64799     7.57037   0.0182733
          20     7.49751     7.56673   0.0177143
          21     7.50002     7.56355   0.0171464
          22     7.55274     7.56306   0.0163559
          23     7.47181      7.5591   0.0161243
          24     7.59797     7.56071   0.0155226
          25     7.55833     7.56062    0.014889
          26     7.59963     7.56212   0.0143834
          27     7.62505     7.56445   0.0140352
          28     7.63018      7.5668   0.0137269
          29      7.5626     7.56665   0.0132459
          30     7.59226     7.56751   0.0128252
          31     7.48066     7.56471    0.012717
          32     7.48627     7.56225   0.0125548
          33     7.51854     7.56093   0.0122403
          34       7.551     7.56064   0.0118784
          35      7.6139     7.56216    0.011634
          36     7.66724     7.56508    0.011677
          37     7.61268     7.56636   0.0114296
          38     7.70342     7.56997   0.0116949
          39     7.58459     7.57035   0.0113972
          40     7.61274     7.57141   0.0111591
          41     7.54825     7.57084   0.0108982
          42     7.61183     7.57182   0.0106802
          43     7.66653     7.57402   0.0106589
          44     7.49759     7.57228   0.0105577
          45     7.42832     7.56908   0.0108049
          46     7.61786     7.57014   0.0106205
          47      7.6041     7.57087   0.0104172
          48     7.65042     7.57252   0.0103316
          49     7.53742     7.57181   0.0101439
          50     7.64933     7.57336   0.0100592
          51     7.50224     7.57196   0.0099581
          52     7.65948     7.57365   0.0099087
          53     7.65331     7.57515  0.00983548
          54     7.67788     7.57705  0.00983733
          55     7.58026     7.57711  0.00965699
          56     7.71831     7.57963  0.00981245
          57     7.50633     7.57835  0.00972418
          58      7.5648     7.57811  0.00955791
          59     7.59841     7.57846  0.00940081
          60      7.5641     7.57822   0.0092459
          61     7.56935     7.57807  0.00909423
          62     7.57814     7.57807  0.00894635
          63     7.65422     7.57928  0.00888578
          64      7.5402     7.57867  0.00876713
          65     7.57629     7.57863  0.00863128
          66     7.63607      7.5795  0.00854392
          67       7.618     7.58008  0.00843503
          68     7.53574     7.57943   0.0083356
          69     7.58196     7.57946  0.00821399
          70     7.59124     7.57963  0.00809754
          71     7.62307     7.58024  0.00800608
          72     7.59635     7.58047  0.00789728
          73     7.53881      7.5799  0.00780922
          74      7.7222     7.58182  0.00793937
          75     7.64939     7.58272  0.00788445
          76     7.66137     7.58376  0.00784853
          77     7.49862     7.58265  0.00782445
          78     7.66407     7.58369   0.0077937
          79     7.64208     7.58443  0.00772982
          80     7.45992     7.58288  0.00778966
          81     7.63085     7.58347  0.00771566
          82     7.70197     7.58491   0.0077568
          83     7.62695     7.58542  0.00767949
          84      7.6638     7.58635  0.00764469
          85     7.56228     7.58607  0.00755952
          86     7.79633     7.58851  0.00786098
          87     7.60649     7.58872  0.00777284
          88     7.62598     7.58914  0.00769566
          89     7.53964     7.58859    0.007629
          90     7.56353     7.58831   0.0075489
          91     7.60711     7.58852  0.00746834
          92     7.62368      7.5889   0.0073966
          93     7.61194     7.58915  0.00732083
          94      7.6289     7.58957  0.00725486
          95     7.62379     7.58993  0.00718713
          96     7.52311     7.58923  0.00714584
          97     7.65406      7.5899   0.0071033
          98     7.53114      7.5893  0.00705597
          99     7.58994     7.58931  0.00698434
         100     7.64025     7.58982  0.00693288
