2.61219
3.43266
3.64114
4.11705
4.49126
5.20067
5.24702
5.38981
5.89572
6.3344
6.34723
6.1168
6.10835
5.90191
5.93484
6.37564
6.5388
7.23166
7.38193
8.20145
7.56061
7.85742
7.50588
7.24679
6.96191
7.35395
7.49375
7.45217
7.27648
7.36587
7.4518
7.49339
7.43032
7.1436
7.03638
7.23007
7.12445
7.16448
6.93898
6.51212
6.71704
7.01547
7.09442
6.80875
6.50856
6.64248
7.03708
6.93085
7.02005
7.32286
7.38527
7.06017
7.20549
7.62184
7.22798
6.84911
6.13699
6.54644
6.32518
6.7354
6.42497
6.70072
6.91574
7.28856
7.82575
7.92905
7.91641
7.90818
7.63319
7.73322
7.51557
7.56196
7.42666
7.08999
6.87332
7.07528
7.10445
6.66807
6.40947
6.37903
6.28108
6.3638
6.41853
6.6967
7.21649
7.17898
6.95118
6.99452
6.90069
6.98312
6.96644
7.11557
7.0276
7.17177
7.14169
7.24009
7.57949
7.4722
7.58568
7.19968
7.6797
7.84915
7.9273
7.89727
7.594
7.4404
7.42459
7.61653
7.34137
7.65023
7.53353
7.10067
7.07751
7.33923
7.23673
6.99092
6.78019
7.10769
7.01197
7.24451
7.97173
7.4787
7.6307
7.7103
7.49798
7.12131
6.9553
7.16885
7.286
6.43025
6.62361
6.96513
6.83247
6.55024
7.20284
7.15958
7.13616
7.19211
7.28331
7.56239
7.26239
7.15267
7.3704
7.36164
7.41824
7.60742
7.79575
7.66685
7.36078
7.34599
7.52166
7.48889
7.4124
7.47032
7.17621
7.18993
7.49486
7.07497
7.63727
7.7186
7.29214
7.23597
7.63915
7.39232
7.53921
7.75049
7.98845
8.09636
7.65424
7.76017
7.65512
7.7606
7.46346
7.36765
7.04429
7.37187
7.22472
6.90581
7.18213
7.22743
7.19719
6.84095
7.07883
7.36186
7.06451
7.18238
7.46086
7.3525
7.55838
7.48777
7.80744
8.09527
7.66775
6.94344
7.2817
7.23084
7.70711
6.9807
6.98698
7.11265
7.1562
7.44345
7.26551
7.08477
6.9146
7.15916
7.4401
7.78134
7.69231
7.58456
7.14281
7.61725
7.76319
8.08024
8.46076
7.88369
7.46801
7.77089
7.26978
6.82524
6.83846
6.72008
6.8012
7.0252
6.96613
7.04669
7.10299
7.058
7.28837
7.5708
7.72061
7.51699
7.70006
7.49575
7.31741
7.34715
7.43691
7.8983
8.37592
8.15003
7.87031
7.72726
7.38884
7.51461
7.80744
8.09718
8.45472
8.01473
8.47333
8.03529
8.55486
8.39748
8.13961
7.87287
7.25649
7.31234
7.58284
7.29922
6.74798
6.4533
6.24118
6.21248
6.37804
6.52699
6.9215
7.18544
7.16435
7.34876
7.35082
7.57207
8.04259
7.64725
7.27113
7.25
7.43665
7.58924
7.41928
7.59527
8.23478
8.44425
8.26964
7.90921
8.16425
7.83829
7.41634
7.95997
7.82808
7.99964
8.15522
7.93649
8.00498
7.65057
7.64064
7.79253
7.60287
7.99467
7.84408
8.17666
8.20193
8.03179
7.94619
7.96582
7.773
8.24615
8.05904
7.92713
8.00979
8.85963
9.15817
9.03078
9.11382
9.01934
8.55611
8.63249
8.88543
8.31166
8.01452
7.77735
7.78221
7.65437
7.4771
7.62917
7.7665
7.68463
7.58106
7.90267
7.86265
7.74475
7.93545
7.95149
7.63654
7.29858
7.397
7.43644
7.75292
8.21271
8.34903
8.2747
8.47203
8.10285
7.84338
7.9517
7.49532
7.58981
7.56714
7.5459
8.00737
7.86013
7.16468
7.18222
7.23195
7.01275
7.39008
7.67517
7.97526
7.67324
7.97452
7.95921
7.93858
7.74772
7.89231
8.60535
7.9728
7.80464
7.40558
7.47822
8.16877
7.5787
7.53128
7.77172
7.72543
7.74875
7.59189
7.56453
7.83772
7.94334
7.71531
7.9425
7.36278
7.53271
7.33135
7.40951
7.62474
7.41777
7.29658
7.09206
7.46059
7.42035
7.30306
7.4812
7.23947
7.43409
7.68786
7.76597
8.02269
7.79407
7.39425
7.34799
6.82222
7.0851
7.06247
7.21559
7.34284
7.1721
7.05874
7.21847
7.06887
7.12942
7.02224
6.88611
6.97873
6.92749
7.05247
6.80229
7.13715
7.2927
8.10706
7.76274
7.51985
7.42701
7.02067
6.40838
6.97061
7.16516
6.99512
6.79527
7.29659
7.26009
7.49629
7.35
7.40051
7.58132
7.68798
7.90768
7.28126
6.89962
7.34323
7.51818
7.59859
7.42578
7.29728
7.17845
6.71942
6.80003
7.34352
7.09294
7.38655
7.05187
7.25895
7.08537
7.34567
7.24311
7.25135
7.61187
7.73403
7.83797
7.81405
8.25516
7.55539
7.52364
7.88834
7.87632
7.67985
7.34252
7.35715
7.03337
6.97423
7.14576
7.14115
7.08254
7.66699
7.68819
7.8308
8.06949
7.9932
7.91883
7.93692
7.56262
7.46926
7.61184
7.44403
7.109
7.01083
7.53323
7.37154
7.30803
7.73097
7.30861
7.50294
7.96173
7.47294
7.63929
7.63905
7.44224
7.40319
7.6082
6.98504
7.2172
7.07965
7.01136
