-8.46073
-8.30965
-8.26753
-8.18269
-8.11378
-7.98391
-7.97764
-7.95146
-7.85437
-7.77765
-7.77684
-7.81408
-7.81451
-7.8528
-7.84432
-7.76755
-7.73831
-7.61407
-7.58621
-7.43886
-7.5541
-7.50249
-7.57283
-7.61751
-7.66179
-7.58944
-7.56711
-7.58089
-7.60562
-7.59277
-7.57836
-7.57254
-7.57847
-7.63205
-7.65592
-7.61826
-7.6383
-7.62822
-7.67001
-7.74739
-7.71079
-7.6568
-7.64692
-7.6869
-7.73612
-7.71134
-7.63787
-7.65932
-7.64196
-7.58616
-7.57881
-7.64026
-7.61676
-7.53893
-7.60815
-7.67905
-7.80892
-7.73608
-7.77735
-7.70625
-7.76035
-7.71491
-7.67657
-7.60971
-7.51142
-7.49499
-7.49516
-7.49303
-7.54552
-7.52673
-7.56146
-7.55119
-7.5776
-7.63717
-7.67614
-7.63899
-7.63055
-7.70422
-7.75158
-7.76055
-7.78236
-7.77017
-7.75345
-7.70214
-7.60768
-7.61565
-7.6549
-7.6507
-7.66846
-7.6558
-7.65671
-7.63043
-7.64849
-7.61816
-7.62017
-7.6051
-7.54379
-7.56379
-7.54838
-7.61615
-7.53096
-7.49573
-7.47858
-7.48778
-7.53684
-7.55972
-7.56687
-7.53112
-7.58348
-7.53144
-7.55355
-7.63422
-7.64013
-7.59057
-7.60988
-7.65549
-7.69318
-7.63492
-7.65243
-7.61128
-7.47159
-7.56266
-7.53617
-7.51824
-7.56076
-7.62885
-7.65673
-7.61444
-7.59552
-7.75203
-7.72377
-7.66054
-7.68169
-7.73421
-7.61728
-7.62342
-7.62995
-7.61818
-7.59797
-7.54783
-7.60544
-7.62297
-7.58646
-7.59013
-7.57879
-7.54817
-7.51748
-7.54582
-7.60139
-7.60062
-7.56487
-7.56993
-7.58618
-7.57128
-7.61929
-7.62446
-7.56717
-7.64423
-7.54145
-7.52278
-7.60289
-7.60981
-7.54189
-7.57817
-7.55147
-7.51224
-7.47738
-7.4615
-7.5392
-7.52175
-7.54268
-7.52383
-7.57489
-7.59052
-7.65019
-7.59434
-7.62548
-7.67676
-7.6272
-7.61532
-7.62278
-7.68608
-7.6452
-7.59405
-7.64334
-7.62706
-7.57303
-7.59438
-7.55773
-7.57869
-7.51899
-7.46803
-7.5399
-7.66905
-7.60858
-7.61731
-7.53629
-7.66381
-7.6629
-7.64165
-7.63156
-7.58123
-7.6103
-7.64725
-7.68233
-7.63622
-7.58775
-7.52469
-7.53931
-7.55664
-7.63323
-7.54155
-7.51659
-7.46245
-7.39598
-7.50115
-7.57064
-7.50903
-7.60421
-7.68629
-7.6815
-7.70359
-7.68825
-7.64813
-7.6646
-7.65573
-7.64125
-7.64663
-7.60184
-7.54699
-7.51518
-7.55405
-7.52431
-7.55962
-7.59307
-7.58804
-7.57442
-7.48754
-7.40332
-7.44216
-7.49435
-7.51798
-7.57845
-7.56303
-7.51288
-7.45396
-7.37973
-7.46465
-7.37956
-7.4618
-7.37146
-7.40635
-7.46071
-7.50797
-7.61029
-7.59858
-7.54721
-7.59727
-7.70147
-7.75035
-7.79126
-7.78955
-7.76062
-7.7315
-7.66161
-7.62227
-7.62128
-7.59367
-7.58946
-7.55335
-7.46995
-7.54008
-7.60265
-7.60339
-7.56554
-7.54257
-7.58083
-7.55288
-7.4323
-7.38734
-7.42191
-7.49143
-7.44903
-7.50717
-7.58095
-7.48499
-7.5146
-7.48044
-7.45769
-7.49469
-7.47292
-7.53847
-7.5357
-7.51039
-7.53842
-7.47444
-7.50644
-7.449
-7.44033
-7.47612
-7.48611
-7.47762
-7.51874
-7.43087
-7.46442
-7.49459
-7.47574
-7.32633
-7.27023
-7.29576
-7.28223
-7.29494
-7.37308
-7.3614
-7.32212
-7.424
-7.47432
-7.51224
-7.51152
-7.53447
-7.56826
-7.54252
-7.51894
-7.53257
-7.55215
-7.49331
-7.50362
-7.52464
-7.48532
-7.47806
-7.53981
-7.60351
-7.58116
-7.57721
-7.51859
-7.44096
-7.41121
-7.42509
-7.3838
-7.45332
-7.50269
-7.48673
-7.56662
-7.54737
-7.54849
-7.56305
-7.4756
-7.49721
-7.62
-7.62044
-7.60866
-7.64657
-7.57598
-7.52859
-7.47736
-7.53152
-7.47325
-7.47856
-7.4842
-7.51569
-7.50119
-7.37165
-7.48351
-7.49954
-7.57355
-7.5623
-7.43958
-7.54825
-7.55962
-7.51231
-7.51834
-7.51656
-7.54684
-7.55832
-7.5064
-7.48453
-7.52481
-7.48735
-7.58988
-7.55824
-7.60033
-7.58366
-7.54312
-7.57676
-7.60103
-7.63758
-7.57179
-7.58058
-7.59961
-7.56229
-7.61048
-7.57639
-7.5279
-7.51849
-7.47067
-7.51452
-7.58304
-7.59174
-7.67845
-7.63505
-7.63992
-7.61229
-7.59055
-7.61902
-7.63832
-7.61274
-7.64139
-7.62644
-7.65065
-7.67775
-7.65766
-7.66784
-7.64618
-7.69136
-7.62714
-7.60104
-7.4545
-7.51295
-7.56602
-7.58034
-7.64779
-7.75557
-7.65849
-7.62462
-7.65641
-7.69283
-7.60005
-7.60835
-7.56788
-7.59531
-7.58679
-7.5547
-7.52934
-7.49206
-7.60564
-7.67282
-7.58969
-7.56161
-7.54125
-7.57183
-7.59449
-7.61608
-7.69575
-7.68434
-7.58866
-7.63591
-7.58597
-7.64492
-7.60979
-7.63595
-7.59075
-7.61031
-7.60689
-7.5362
-7.51731
-7.49714
-7.50234
-7.42226
-7.55122
-7.56419
-7.49377
-7.49436
-7.52772
-7.58858
-7.58579
-7.64695
-7.65651
-7.62302
-7.62226
-7.63443
-7.5291
-7.52623
-7.51005
-7.47218
-7.48043
-7.49169
-7.49588
-7.5564
-7.57328
-7.54378
-7.58032
-7.63962
-7.66391
-7.56407
-7.59379
-7.60171
-7.52542
-7.59873
-7.56291
-7.47815
-7.5712
-7.54457
-7.54358
-7.5825
-7.59185
-7.55334
-7.66242
-7.61785
-7.64359
-7.65829
