           1    -7.57732    -7.57732           0
           2    -7.53513    -7.55622   0.0210963
           3    -7.53857    -7.55034   0.0135271
           4    -7.54403    -7.54876  0.00969419
           5     -7.5407    -7.54715  0.00768025
           6    -7.56504    -7.55013  0.00694409
           7    -7.55149    -7.55032  0.00587201
           8    -7.56748    -7.55247  0.00551879
           9    -7.57245    -7.55469  0.00534942
          10    -7.54658    -7.55388  0.00485282
          11    -7.57249    -7.55557  0.00470438
          12    -7.52831     -7.5533   0.0048582
          13    -7.55241    -7.55323  0.00446942
          14    -7.54264    -7.55247  0.00420644
          15    -7.55051    -7.55234  0.00391818
          16    -7.53778    -7.55143  0.00377648
          17    -7.54393    -7.55099  0.00357473
          18    -7.56158    -7.55158   0.0034212
          19    -7.53532    -7.55072  0.00334739
          20    -7.56336    -7.55136  0.00323789
          21    -7.56388    -7.55195  0.00313711
          22    -7.55343    -7.55202  0.00299186
          23    -7.56927    -7.55277   0.0029556
          24    -7.54457    -7.55243   0.0028503
          25    -7.55333    -7.55246  0.00273414
          26    -7.54504    -7.55218  0.00264235
          27    -7.54111    -7.55177  0.00257546
          28     -7.5406    -7.55137  0.00251365
          29    -7.55134    -7.55137  0.00242543
          30    -7.54753    -7.55124  0.00234668
          31    -7.56639    -7.55173  0.00232175
          32    -7.56593    -7.55217  0.00229144
          33    -7.56003    -7.55241  0.00223363
          34    -7.55473    -7.55248  0.00216801
          35    -7.54353    -7.55222  0.00212063
          36    -7.53265    -7.55168  0.00213139
          37    -7.54273    -7.55144  0.00208704
          38    -7.52747    -7.55081    0.002127
          39    -7.54807    -7.55074  0.00207294
          40    -7.54303    -7.55054  0.00202961
          41     -7.5549    -7.55065  0.00198234
          42    -7.54311    -7.55047  0.00194287
          43     -7.5331    -7.55007  0.00193967
          44    -7.56398    -7.55038  0.00192128
          45    -7.57645    -7.55096  0.00196539
          46    -7.54271    -7.55078  0.00193054
          47     -7.5449    -7.55066  0.00189316
          48      -7.537    -7.55037  0.00187501
          49    -7.55617    -7.55049  0.00184015
          50    -7.53623    -7.55021  0.00182541
          51    -7.56287    -7.55045  0.00180639
          52    -7.53409    -7.55014  0.00179905
          53    -7.53529    -7.54986  0.00178688
          54    -7.53199    -7.54953  0.00178443
          55    -7.54878    -7.54952  0.00175173
          56    -7.52339    -7.54905  0.00178231
          57    -7.56212    -7.54928  0.00176572
          58    -7.55098    -7.54931  0.00173526
          59    -7.54505    -7.54924  0.00170712
          60    -7.55206    -7.54928  0.00167909
          61    -7.55038     -7.5493  0.00165143
          62      -7.549     -7.5493  0.00162458
          63    -7.53574    -7.54908    0.001613
          64    -7.55598    -7.54919  0.00159125
          65     -7.5492    -7.54919  0.00156658
          66    -7.54014    -7.54905  0.00154875
          67    -7.54172    -7.54894  0.00152937
          68    -7.55701    -7.54906  0.00151138
          69    -7.54913    -7.54906  0.00148931
          70    -7.54772    -7.54904  0.00146801
          71    -7.54129    -7.54893   0.0014513
          72    -7.54683     -7.5489   0.0014313
          73    -7.55599      -7.549  0.00141489
          74    -7.52308    -7.54865  0.00143893
          75    -7.53667    -7.54849  0.00142857
          76    -7.53437    -7.54831  0.00142185
          77    -7.56447    -7.54852  0.00141888
          78    -7.53367    -7.54833  0.00141344
          79    -7.53707    -7.54818  0.00140269
          80    -7.57085    -7.54847  0.00141373
          81    -7.53909    -7.54835  0.00140096
          82    -7.52772     -7.5481  0.00140645
          83    -7.53984      -7.548  0.00139297
          84    -7.53461    -7.54784  0.00138549
          85    -7.55155    -7.54788  0.00136978
          86    -7.50843    -7.54742   0.0014294
          87    -7.54397    -7.54738  0.00141343
          88    -7.54062    -7.54731  0.00139939
          89    -7.55759    -7.54742  0.00138839
          90    -7.55264    -7.54748   0.0013741
          91    -7.54449    -7.54745  0.00135932
          92    -7.54019    -7.54737  0.00134677
          93    -7.54231    -7.54732  0.00133332
          94    -7.54029    -7.54724  0.00132118
          95     -7.5404    -7.54717  0.00130918
          96    -7.55915    -7.54729  0.00130147
          97    -7.53555    -7.54717  0.00129366
          98    -7.55755    -7.54728  0.00128476
          99    -7.54674    -7.54727  0.00127173
         100    -7.53767    -7.54718   0.0012626
