1.24624
-0.143208
0.0048031
4.26228
0.0532795
-0.405548
-1.08356
2.24327
11.3067
-1.61514
3.52031
0.54729
-0.525982
-0.755353
-0.414321
-0.466396
-4.04101
-0.661568
8.35683
2.89844
0.27178
-0.00694868
0.012641
-0.963275
-0.0606224
0.558184
1.09031
-0.151784
0.357938
-0.870616
0.821133
4.76153
-0.327248
-0.789082
0.796127
-2.42214
-1.13696
-0.528688
-1.13531
-1.88649
0.45351
-4.06249
-0.41681
-0.618323
-1.42034
1.96414
-0.771712
-0.521209
-20.2474
-3.97408
-0.074641
6.68962
1.1948
0.281287
-0.501642
0.313903
-1.97571
-3.0194
-12.4087
-1.17651
-1.08194
-0.209948
1.67958
5.32618
-0.591839
-0.673854
-0.262782
-1.65029
0.422268
2.53084
-1.62453
-3.33567
0.827148
1.88139
1.74573
-1.54046
0.771947
1.06412
0.426314
-0.797633
0.617124
-0.369891
2.84476
2.09346
1.45418
-2.56386
-8.13755
-0.145406
-0.219041
-0.326583
0.240574
-2.05411
-80.0173
10.5137
-0.619543
1.33257
1.2109
0.53038
-4.04849
-4.87484
-3.70224
6.99036
5.09747
-0.667094
-2.30195
1.39071
-1.71662
-0.00462242
1.43762
-0.841983
0.828017
0.287083
-0.474922
0.480878
1.00995
0.190607
1.34956
0.669019
-0.0883409
0.452142
-2.78127
26.1416
-0.285664
0.347441
-0.844298
-6.12185
-1.74033
1.62049
-1.04044
-6.45763
-0.995685
-0.875752
-1.11575
35.5726
-0.243646
-2.75267
1.08378
0.629675
2.97305
7.15697
0.866129
3.86297
1.9428
0.325202
-0.764125
-3.47663
-0.192762
-0.266076
-2.43533
-0.726371
0.969479
12.4567
-0.15895
-1.0215
-8.28372
0.123107
-6.21499
1.24506
-10.1363
-0.458715
6.98754
-0.395557
0.243352
-2.8691
-1.0259
-1.07184
3.32835
-0.0421736
-1.46089
-1.70035
-0.559123
0.199212
1.20588
-0.708769
0.0988927
-0.906451
0.882627
0.957457
-0.0921631
0.614111
-0.626902
-0.116469
1.15928
0.705017
-0.0668797
0.444934
-6.61946
-1.34103
1.29767
2.68792
0.475924
-0.977
-0.0290025
-0.736763
-1.04825
-0.0556612
0.273044
1.11633
-8.75673
1.40151
1.23444
1.02371
0.576986
-0.493633
4.06587
1.75985
-0.152479
15.8984
-0.930021
-0.089006
-0.0508799
-0.928073
0.079506
3.6962
1.21181
-0.255747
-1.65685
8.09726
0.747068
0.282204
-2.97769
-0.361742
-1.07614
-0.458554
-3.78734
0.227087
-0.0980744
-0.301143
1.89378
-0.792956
1.39501
-0.780514
12.9651
2.62592
0.942306
-2.34627
-0.830192
1.16571
-0.597426
6.88739
-4.95688
-0.71406
0.861488
0.121072
0.689698
0.990616
-0.161271
-5.45899
-3.72797
-1.22782
9.94193
2.13705
-45.8572
-1.47321
-1.20028
-3.30879
0.308606
-3.77477
-0.33244
0.574015
-0.790895
-7.44789
1.10777
1.24073
5.10453
-1.39665
2.63034
3.55217
1.59123
-2.90082
-7.10526
-0.726932
-0.139339
11.341
-3.70636
0.112535
5.90165
-0.414321
0.203839
-2.27132
0.550842
-0.921678
0.0586177
-14.4525
0.365206
-7.3397
0.218256
-0.209821
4.05895
-0.417081
-0.258434
0.167181
-1.60503
-1.68728
-1.91357
-0.874218
-0.0150402
-0.418623
3.41319
-3.96783
0.653196
2.07934
-1.12461
-0.435475
0.122484
-10.3953
-1.63552
0.638066
-0.174915
-1.71761
-0.135675
3.56267
0.700084
-7.88104
-5.85032
0.606231
-1.09836
0.194235
-0.10811
4.44624
0.404421
-1.62548
14.8952
0.6983
-0.531222
1.15548
-0.172874
0.840358
-0.469571
-1.23162
-17.7192
0.941774
1.84706
0.0888471
0.667979
-0.562068
0.623641
-3.26162
-2.19397
-7.75225
1.20263
-1.01834
-0.111447
0.349501
-1.96455
0.656093
6.81505
3.35396
3.43735
-0.427294
-5.74783
-0.0291353
1.10627
-0.116352
-0.0963683
-2.17521
2.3432
1.63411
-5.49094
0.364812
-0.886079
-4.4294
-1.65727
-0.437546
4.58638
0.791228
-4.60763
-1.63824
2.867
0.401739
2.72754
0.877706
-98.7989
0.565677
1.70938
2.41553
-28.5047
-1.50109
0.174252
-12.4992
-0.105716
0.143072
-1.16461
-395.957
-5.36243
1.30573
0.25785
1.32489
-1.07259
-0.924813
-0.367823
0.278847
-1.42113
5.93111
2.55844
0.528358
1.64417
-247.508
0.197918
-6.9234
-5.10717
-3.23361
-0.938195
-2.3586
1.2335
-0.951268
-2.72623
-1.32328
2.66862
-0.721753
0.355568
0.142734
-0.575699
0.537585
-0.846
-0.277218
8.63802
0.994466
1.95036
-0.44974
0.259304
-0.595879
2.16248
-1.03547
-5.41097
-1.47351
-1.08811
-1.66304
-0.273497
55.4348
1.33877
0.323091
0.342897
0.231891
-0.0651361
1.53387
-0.505112
-1.23093
3.67734
2.83572
0.760627
1.28549
-0.142388
-0.527176
-0.970387
-0.537977
1.31852
-1.34742
0.165882
-8.20772
-0.85335
1.06647
1.39883
1.60133
-1.77001
-1.44035
131.522
-0.787336
-0.0427658
-5.37092
-0.108223
0.319554
0.626969
0.743282
0.49587
-1.19594
-0.169445
1.10533
1.16744
1.35762
-1.0749
1.32528
-0.56215
0.189695
1.62121
0.718426
-0.397227
4.21299
1.40893
0.0394502
-2.14212
-3.18979
-1.07993
-2.97983
-38.8084
-0.860277
-0.96189
2.54352
0.944638
-0.378177
-0.9115
-0.133431
-0.392744
0.602303
2.13187
1.12
6.85564
-2.60669
-1.0442
1.36197
0.312824
11.1052
-10.3379
-0.312233
-0.716002
-1.59639
-0.388576
4.25573
0.75013
0.955926
-0.565707
0.0817062
0.898283
3.15493
67.4037
1.69118
-2.94088
0.408921
2.50038
0.475596
1.69251
-0.281301
1.26593
2.13997
-1.79822
0.0178759
0.56524
2.04675
0.0136621
-0.558924
55.2857
-2.9459
-0.957217
-31.6022
0.196154
-0.736492
-0.491066
-0.12527
6.55821
-1.34743
0.233247
1.48164
0.860756
1.37543
-2.46218
0.296597
-1.63181
-0.192327
67.7885
-1.96854
-0.126594
-9.60957
2.85389
0.54109
1.08417
1.00714
-0.0130553
4.56641
0.881028
1.62379
-6.35309
1.2309
-0.108269
23.1307
1.52805
0.774662
5.8284
-0.259505
-1.64499
-6.41829
21.6951
6.75333
-1.5693
0.181462
747.315
0.0606174
0.0511529
-0.884531
10.4426
-0.239165
-21.547
-4.96175
0.653494
-0.176733
4.84614
0.947249
-1.52954
0.37593
-1.63492
2.39567
0.815726
2.55656
1.59496
3.71847
0.550799
18.5777
-0.0797175
0.957037
-1.04364
9.48527
-1.42376
0.384227
-0.473221
-1.02821
-0.202124
-1.17381
-2.07979
-1.68892
4.38879
-4.43313
0.892629
-0.299401
-2.2746
4.68189
2.39288
-1.3777
6.08161
-0.855907
-2.28953
-0.557025
0.127622
-0.227241
1.49795
-5.22188
1.60917
0.98811
-0.7816
-1.40692
0.354772
1.16883
-0.0281553
1.02458
0.218765
-5.34322
0.40194
22.5241
0.618761
4.51855
-0.336914
0.428861
1.67608
-1.06738
-3.58898
1.37634
-0.340025
-1.27897
-0.367428
-0.114272
0.46677
-0.840988
0.399136
-2.59084
-0.903907
6.89842
-1.92699
-0.0327188
3.16218
0.747954
-0.859199
0.142152
6.9078
-0.45913
-0.248121
0.0296362
0.643871
2.98889
-5.86484
1.02583
-0.727914
-4.78073
-0.360541
-11.4401
0.331331
0.611863
-7.0626
2.6094
-0.716418
-0.298817
0.646226
2.67578
1.7815
-1.07293
1.40734
-3.196
-7.15035
0.328576
-0.530154
-6.35431
1.20608
-0.192432
-2.18824
-0.958759
-17.1384
8.40145
-0.462604
-1.5986
-1.83417
1.44514
-0.328966
-8.32963
-2.5123
-0.966928
-1.28201
0.790418
-3.20807
-4.56359
0.359892
0.0511912
-1.22638
0.419145
-0.229305
-0.600859
0.166097
1.07971
-0.0369951
-0.365811
-2.86979
26.1197
5.83418
1.18761
-0.542036
-0.254392
1.07691
-0.00837037
1.8676
0.211576
-1.18714
-0.0903397
2.30628
-0.574235
-0.592359
-1.57647
0.503413
-2.11835
0.826375
-5.96403
-0.285822
-1.90948
-3.9316
0.47805
0.819809
1.47426
-0.251572
-0.265814
-0.39268
-5.18891
1.6839
-0.806535
-0.779037
-275.832
0.13307
-0.00811428
1.25768
-59.4149
-0.61156
0.559879
-0.572838
2.46634
-0.172217
-1.60877
5.08853
-1.58337
1.19144
0.126882
-0.672534
7.30554
-2.57073
0.119874
0.0399995
-0.728689
-16.7454
6.42898
-1.85778
-0.432748
0.418986
0.616469
1.61272
-0.412532
0.407507
3.7853
-5.44574
0.00861839
-0.686198
1.78404
-0.452234
3.21798
-1.45105
1.86596
-2.3914
-0.199132
0.353442
0.475472
0.438438
-4.62325
0.798854
-1.64987
12.0364
-0.0813264
-0.786403
-1.12461
-0.285229
0.739561
0.620782
0.500039
1.17249
1.34324
-1.01748
0.566016
0.424287
-0.0222469
-4.71811
0.540106
1.50573
-1.15605
1.584
2.18154
14.2201
-0.218877
4.70722
-0.428684
-0.359357
0.421482
-0.18649
-5.03393
0.804638
0.796431
-0.0101296
-0.540114
0.5829
0.381309
0.767768
0.314814
0.398451
-1.90992
17.2319
6.8955
-1.57571
-0.397376
-0.128014
2.09681
-4.00246
1.22169
0.278396
2.02851
0.62553
0.961525
-1.55823
0.171765
-1.17812
-0.58771
-1.21762
2.64663
1.4788
-2.22208
3.80978
1.39139
-1.43458
4.82236
0.426574
2.37694
-0.606418
-0.174829
0.0608015
-2.01579
-2.96896
-0.182232
0.0774421
-0.749385
-1.52526
0.646926
1.7714
0.0725512
-0.100492
1.46364
1.09539
2.89186
2.39627
5.31903
-1.0741
8.11976
-0.789063
0.109788
3.29116
4.86167
0.183537
-0.13536
-0.944327
-0.245038
-0.938388
-0.903312
1.40584
-18.9708
-0.233878
6.27985
1.54797
6.69385
3.03315
-1.15238
-0.426905
0.279479
0.711331
0.161041
0.761162
0.238702
-0.144051
9.7853
0.557762
0.881485
-0.339939
1.97102
0.460383
0.473153
-2.73105
-8.67559
-2.47381
277.696
-1.45922
-0.0743591
-1.24474
-23.7655
-11.7541
-2.14613
2.35485
1.43816
-0.268422
-1.73293
-3.1971
0.469962
6.61673
-0.145428
0.752967
-0.203859
1.40376
-0.761068
0.345828
30.1166
0.163945
5.84949
0.0517705
-8.0442
21.8897
-3.87823
-5.45288
1.129
-2.06306
-1.80156
-0.105287
-2.43779
0.654938
-0.402801
3.09661
0.378743
0.093204
-0.193609
-0.296443
-0.0164957
6.0045
-1.24429
-0.0172721
-0.0927001
1.19446
2.26485
-2.52003
-0.231176
-1.93716
2.18943
-55.1013
0.822968
-0.377936
-1.16341
-0.294131
-1.53996
-0.345013
2.57644
0.313885
-11.2394
0.30102
1.77448
9.07681
0.343442
-0.537968
0.00441676
-2.80197
2.69524
-0.264409
0.252061
-0.00401479
0.804569
2.0505
0.611421
0.00575412
-2.02364
0.0814962
17.0223
0.443342
-1.4699
-4.17707
-4.08362
-0.22181
0.774607
-1.0288
2.16946
-0.681523
1.31912
-2.39343
-0.197768
-0.844128
0.201442
-0.118875
-167.219
0.0539288
-1.08304
0.672029
0.467965
1.33546
-4.88732
0.279352
-0.90873
1.16939
2.57813
0.535826
-0.398039
2.61676
1.09508
0.621785
0.024097
-3.72367
0.708837
0.187955
-3.68269
7.72715
0.316232
0.694904
-0.136681
1.79911
0.995028
-0.494827
0.257183
-0.643574
-1.14827
-0.118011
-4.02574
0.859664
2.74463
8.95417
-1.38765
2.73618
-2.33505
0.151716
-0.478481
-4.74572
-0.456197
-0.414661
-3.23345
-0.186623
-13.6961
0.0331062
0.472305
2.87133
4.93095
1.57775
0.721589
-1.52135
-6.5691
1.53165
-7.27929
0.259532
-0.571328
0.00623561
7.35499
1.54525
1.79384
0.939898
1.26971
-0.523915
-1.77266
3.89872
-0.342879
-0.070522
-4.19817
0.675746
7.39416
0.368704
0.776346
-2.65575
9.77589
-0.00250062
-1.83412
0.55634
-3.16801
0.0623363
-13.8308
0.942534
0.222795
-1.73604
0.738153
-1.1235
-2.65723
-0.274037
1.49678
-0.373906
2.41448
0.702589
2.92067
0.508311
-2.86954
-23.0978
0.999297
-5.63255
-1.38123
1.25323
0.134701
-5.27708
0.0792716
6.07843
-0.330077
1.46764
0.831506
-0.0802083
-1.03271
-0.0642277
-0.759091
-27.5741
0.952046
-3.11901
-5.79606
3.63067
79.5696
-11.817
0.480345
-7.99094
-2.18534
-0.133268
0.743244
4.69278
0.343904
6.1761
1.43042
40.085
2.99807
-9.58205
1.22481
3.04407
0.220479
15.892
0.136041
-1.6831
0.975346
-0.862175
2.69151
-0.075513
-33.285
-0.89195
-3.12838
0.89872
0.514901
-1.29957
-1.08875
4.39652
-1.80563
0.237368
-1.25871
0.571769
1.07819
-3.01696
0.714209
58.2828
-0.498276
3.81272
4.73231
1.01165
-1.02875
-0.795296
0.00301426
-3.33874
-0.150731
-6.00887
0.498789
0.219863
-0.125574
-3.43526
10.8308
8.52438
-1.84362
1.18872
-1.50229
-18.7048
0.592002
-0.520942
-0.888041
-0.389654
-2.41438
0.0118969
-0.591488
1.11623
-0.069254
0.061695
0.158794
-0.535296
-3.78199
145.696
-18.814
0.266223
1.90012
-0.584966
2.89019
-2.06533
1.31942
1.27759
7.83587
0.292771
-3.29011
0.172682
-0.518937
5.97847
-1.85529
0.745893
0.306361
0.719898
0.477022
-4.95201
-0.0623385
0.195265
0.228763
8.7648
0.3587
0.211989
5.35782
2.67396
-0.291524
-0.631274
12.134
2.02318
-6.81864
0.115575
3.65427
3.43146
0.182282
-0.216782
0.0933039
0.0723154
0.892789
-0.587126
0.4988
-0.197574
0.585695
2.16609
-2.81663
6.14749
0.62862
3.22555
-0.864855
0.438918
4.46033
-0.377725
-3.32673
-0.333204
4.00223
1.93323
-4.00825
-11.9724
0.472358
11.1726
2.52774
-0.165783
0.162696
0.123271
1.34671
3.42494
-1.08534
6.74689
0.357811
18.102
0.813817
-1.64493
16.6104
-0.205615
0.66398
-9.81216
-4.43749
-1.26091
4.77383
26.7911
164.433
44.5689
-3.58024
0.47674
-122.492
0.605886
1.54488
3.64296
-1.06608
3.97087
19.597
2.56946
-1.94505
1.67993
2.55612
-1.99677
-0.27888
-1.05694
-3.06389
0.324367
11.8502
-2.74917
0.90728
6.74348
0.506606
1.1439
0.560024
2.64815
-0.833248
0.504162
1.97314
-0.123365
1.0462
0.820592
-7.59933
0.529847
0.650643
0.0298861
0.950826
-6.94368
1.2643
8.23675
-3.0058
0.871617
-1.07527
-0.220342
-0.0670036
1.0283
-7.03084
-1.51905
6.72878
1.58236
0.133932
-0.154814
-1.52978
0.606358
2.49541
2.6564
0.756444
0.652533
-44.9572
-1.00954
-0.215151
-2.28091
-0.251959
0.0616416
-2.32342
5.26798
-1.07732
-1.06763
5.14113
-2.91693
4.0064
-0.000833589
2.03975
-2.51031
0.00584973
-0.781587
0.493673
0.0914414
-1.29269
2.70137
0.0224782
-2.4743
-0.418716
-0.349544
0.260261
-1.48868
0.0120772
-0.458364
0.484303
-5.04206
-1.05256
-0.434205
2.03791
0.0975534
-2.1441
2.03091
-33.1266
2.19712
-0.694301
1.87121
0.300125
-3.59877
-0.95115
0.916829
4.21068
0.495919
1.69212
0.693951
-0.150742
-0.988893
-13.0903
0.180765
-1.97014
-2.1836
-0.095012
-1.10437
-0.483715
-1.26276
-0.639216
0.615414
-105.712
2.52314
2.70389
-0.269987
1.21319
2.56871
-0.580946
0.697545
-1.54971
-0.203895
0.295493
-0.0903915
2.39227
-2.24038
1.83394
8.11355
-4.7266
-2.05739
0.0397475
-0.89983
-7.34854
-0.37887
-0.491692
1.2483
-4.94358
-7.02692
-4.01208
-1.79241
2.27748
-12.8215
-0.00921686
0.338392
-0.271986
1.2165
0.488513
0.433341
-4.25564
0.0352119
2.07063
-0.375168
-0.417922
-6.84908
0.189599
30.4351
0.543349
-0.471105
-0.741492
-4.44627
-0.650346
0.832002
0.48798
-1.23274
2.13265
0.116426
-2.69647
0.967945
-12.5258
-16.3373
0.878957
-0.238409
-2.69541
2.76373
0.660528
-1.32276
1.15469
-0.435422
-0.621959
2.29492
-0.488168
-6.26131
7.03542
0.00790412
7.12579
-0.251755
-3.02757
-1.44394
0.190232
-0.547835
0.481388
4.13191
1.33893
2.6704
-1.10664
3.69415
1.55527
-0.396502
0.20185
-1.85475
0.281293
3.41996
0.474517
0.735387
4.84
1.81925
-0.215029
0.733597
0.298949
0.852366
0.0672055
-0.632764
-2.5002
-0.675712
1.63669
-6.00707
-0.194541
-0.147749
-0.516995
0.877626
-8.32381
1.03433
-3.11379
-1.31375
-4.66385
5.06794
9.55204
1.72691
7.06215
1.46252
-0.22468
0.0757698
1.86167
1.11386
-0.104085
-0.631469
0.362612
-2.42761
-1.3913
-0.0325537
-0.5116
2.42151
0.106433
-1.14418
-0.347322
0.0884911
-0.619604
0.811693
0.744813
-1.0151
-0.202432
-0.474498
-1.36103
1.39721
-0.05504
0.561614
0.669899
1.94207
1.81083
0.419116
2.24993
0.157641
-0.035837
0.0420263
1.35503
-5.7623
1.6626
0.444742
-0.518496
1.40276
-1.06031
0.0861935
-0.0715868
-18.1803
1.38679
-0.433169
1.93822
-4.01219
1.03002
-0.00850468
-0.629773
-0.179733
-3.41474
1.48204
-0.156208
0.658074
-11.7852
-1.12663
0.660337
-0.463777
-25.9803
-0.662127
-0.158192
-0.327447
0.0870162
-0.328381
67.8951
21.7084
-2.65155
-0.913711
0.751798
2.5641
0.515777
4.58235
0.942295
-1.18509
-8.78326
0.23211
-1.46605
0.246664
-0.868184
9.25942
-0.264213
1.05319
2.49653
-1.77991
-1.31374
-5.04339
-0.48247
0.598182
0.0978419
3.2904
-0.527417
1.90385
-2.18881
-3.73335
-0.410082
3.05524
-0.39037
-0.151389
0.120231
3.39039
-1.38117
0.192612
-1.1983
-1.16051
4.79839
-0.229965
5.89387
-0.056476
0.486865
4.77865
0.523983
-0.420136
0.840798
-0.297668
1.3246
1.42583
-3.61004
-1.28734
2.67739
6.63173
-1.90715
-0.127481
0.329786
-0.228161
7.29312
-2.07846
0.767203
7.37941
0.0848162
0.532086
2.06854
-0.354421
-0.268482
0.433723
0.173313
0.251393
-1.25139
1.96207
0.809364
-2.80244
0.310998
-0.510725
-3.75877
1.34225
-0.914438
0.373157
-0.980413
1.36674
0.201669
-0.830287
0.0798811
-1.57414
0.609971
-4.64483
-2.81135
0.625085
-3.56912
0.0310741
1.10929
1.37264
22.3256
5.90892
5.72848
-68.7799
-0.608401
-34.0302
-0.375349
1.95489
-2.75899
0.0947228
-0.558799
-0.236442
3.02042
-0.36368
0.322934
0.589265
4.37965
-2.0337
0.181202
3.52377
-0.0118625
-0.0170705
-0.48999
-0.0988888
-1.26743
0.74079
0.590202
-0.0276045
-0.101943
0.141732
-3.46102
3.59857
-2.26804
-1.97355
0.0372635
1.51359
-5.64486
-0.0826187
1.25756
1.25149
-1.00469
-0.214624
-0.201442
0.684884
4.47615
1.54074
-0.776886
0.132775
-2.89064
-0.00835963
-6.88034
0.145196
0.318786
4.70037
0.547028
-1.26153
-1.70997
-3.59915
0.538915
-0.540757
-0.573128
-3.15917
-0.0628047
-2.31121
3.27803
2.01298
-380.328
0.245352
1.39942
-0.125002
2.7074
-24.9099
0.833718
-0.990003
2.09828
-0.716146
-1.1746
-6.02815
1.33856
-1.90716
-0.140661
72.2544
11.7135
0.983427
0.0866661
0.625539
-0.36063
10.826
-9.84899
1.41703
-5.31526
0.347133
-0.452063
2.06799
2.38397
0.490907
-2.54084
0.186123
1.63249
-30.0193
-0.34676
-0.111391
0.515538
0.72759
-2.28168
0.828005
-1.24525
-0.965891
6.20681
-9.37231
-1.5244
0.198245
0.212787
-0.683226
3.27834
-0.00374443
1.40114
-4.97503
131.642
-24.8991
-0.0214052
10.0374
-2.11821
5.76934
-0.458135
-0.203335
0.718599
0.604493
-1.78284
-0.592651
0.126608
0.0765296
0.188069
0.0125968
0.0936718
-1.50876
2.08694
0.215172
-1.0844
0.633122
7.06498
-0.366972
-0.0638047
0.709056
0.300554
1.17073
1.04034
-1.03798
1.32858
2.52559
0.156616
3.47109
-0.613417
-1.0804
2.37679
-4.63659
0.155498
-0.0334154
-0.191503
-0.17049
2.0113
14.372
0.14288
-0.191696
-8.32375
-1.2481
0.649095
-5.38288
-2.90999
2.0515
-0.431202
-0.822732
1.58885
-5.32835
-4.11409
-1.46816
0.269505
4.12083
-0.636494
-3.46607
2.62175
1.65846
-2.65976
1.88909
-0.160298
-3.97461
0.99812
1.08669
1.22252
-0.884707
-1.45283
-1.79483
-1.07337
-2.72766
8.41837
4.13793
0.200181
-0.0987107
-0.266892
0.108498
1.9695
-1.12704
1.66123
-0.921795
4.61592
-1.02968
-0.317944
-1.81364
0.725828
-5.00572
0.274833
-0.71845
-2.07697
1.00815
-0.706556
-55.5193
-14.4825
-0.124049
0.124645
5.27297
25.6384
-0.287543
-4.51878
1.02244
-0.102146
5.74425
1.633
0.860209
-0.0611215
1.68561
-0.609809
0.0955138
-1.4895
-0.283175
-0.0661432
-0.32827
-1.28239
-0.152193
0.970177
-2.45934
-1.94922
-0.176505
-2.4665
0.275946
0.43427
0.0784971
-5.36838
-0.171115
1.07199
-4.76848
-43.8314
-2.29994
-0.120914
0.908588
-6.35161
0.467683
0.0937859
0.0959027
-38.5906
-0.215332
-1.05234
0.0430298
4.04642
2.8983
-0.781406
-0.00752404
3.72424
0.263323
-0.248005
6.19779
-0.180072
1.4798
3.36034
0.24848
0.782967
-0.255832
-0.434835
2.01635
2.3335
-24.9736
-2.91279
3.71417
0.26931
-2.3682
1.89399
0.878379
2.80622
-0.124385
-6.11126
-0.835264
-5.62174
3.41256
-0.411371
12.1553
0.294336
2.43596
1.16047
-0.238061
0.919786
-0.510284
1035.11
0.187995
-0.406115
3.89941
0.0501398
1.16613
1.17801
0.737197
-41.1335
0.391098
-4.25383
-2.11567
0.651001
-0.269009
-0.0894093
0.753902
-0.287463
3.48077
15.5733
-2.73511
2.78404
1.15547
0.578519
-0.58332
-4.96005
3.56408
-0.194044
2.16804
1.08725
-0.0265949
11.8864
-9.15202
-1.44565
-2.13608
1.09307
0.0826786
1.28327
0.501774
-2.14476
-0.981212
-0.420162
0.139706
-12.03
0.58975
0.543944
51.8763
3.22188
-0.205456
0.203555
6.43923
-4.78991
-0.0295598
-0.454534
-1.14046
-7.74972
0.861707
-0.860527
-0.496288
-0.705801
-0.641849
0.843219
-1.32313
0.358441
-0.405586
3.12568
6.07435
0.682496
0.258857
-0.252017
6.32769
-0.00645622
-0.0106418
0.394645
0.0791415
0.554727
-0.340077
0.893651
2.21825
-1.69888
-1.6707
-0.185221
-0.549199
22.1055
1.07674
1.79322
1.98335
-1.85712
1.11741
1.0676
-0.497252
2.58052
-0.463927
0.784728
2.71196
0.801302
1.34922
-0.937374
20.419
0.551223
-0.37843
0.521427
0.761388
-1.48574
0.00112309
22.5703
-24.4101
-0.762154
-1.23183
0.0566243
0.159244
-3.8542
-0.803896
-0.412715
-1.99178
-0.477654
2.59284
-0.426723
0.413061
2.56712
0.0898539
7.559
-3.6967
-0.505591
-1.08148
0.665767
5.60567
0.53204
-1.38312
0.372988
0.137031
1.26521
-0.377082
0.11188
-0.271745
0.128906
-7.2119
0.193488
-3.0035
-1.47858
-4.0818
0.4687
-1.19677
-2.37553
1.02753
0.213771
0.489849
-1.78008
0.605366
0.439977
1.14664
-0.0357504
0.0395046
-0.369022
-0.179472
-2.80205
1.12346
-0.93353
4.5513
2.40344
0.452009
1.8587
-8.85362
-1.43908
-1.58964
0.857298
-0.0611151
1.36189
0.263071
-1.81624
1.86447
1.97138
-1.12154
0.55455
-3.56835
0.277266
1.3409
-2.09621
5.95904
2.42783
-13.0968
5.35247
1.31287
0.496144
-0.847707
-0.468994
-1.12443
-1.64132
-0.102518
-2.42843
0.0395603
-0.472197
-0.47883
-0.375807
0.0263143
-1.44441
-2.69791
1.53222
0.605339
-0.899401
-0.81422
-0.380324
13.6169
0.585108
-1.03563
-0.690804
-1.22783
-1.0204
-0.056657
-1.70055
16.0335
1.55299
0.22339
-1.093
-1.07254
-4.8365
-4.64849
-1.25219
-2.24071
-1.16005
-0.232666
5.06418
-0.930577
2.79382
1.46744
0.307297
-0.611537
-7.36586
-2.26808
3.13755
0.211646
0.692209
-0.254133
0.959258
-0.386439
-0.556231
0.612485
7.7993
2.56624
-0.0599513
1.69048
1.35322
-0.872852
-2.19187
-0.453828
-2.28005
1.81871
20.7286
0.352757
0.0817443
1.93971
9.82363
-1.24898
-0.562575
-9.77931
5.90659
0.182952
-0.530932
0.344541
0.00313286
1.51655
-1.96988
0.876358
0.330915
-1.73648
1.72972
1.86412
-46.8403
1.67183
0.639832
0.55329
0.614795
-0.774128
0.950167
-1.13035
22.2159
0.269648
-1.50522
-0.555444
-0.641288
-0.79193
3.32881
-86.9301
1.02097
-1.35451
0.537193
-0.604182
0.698934
-14.654
1.02654
-3.1406
4.74991
-0.545052
-0.521641
-0.20299
0.832054
-9.30587
3.20307
-2.91678
-1.2487
14.4861
-1.49974
-0.731603
0.222289
-0.537406
-0.207529
0.0622734
0.831674
-0.642004
-1.50568
-5.24475
-0.699826
8.53787
0.613445
-0.0359939
1.00956
-1.53686
-0.461989
-6.3629
-1.40329
-27.7045
-0.127272
-1.1664
7.99436
0.692478
5.53812
0.365168
-0.922234
-0.554089
0.174127
-0.693504
1.5273
0.90383
0.717848
0.310415
0.262044
0.0617868
-0.950504
-67.8387
0.0323916
4.73818
1.80746
0.990914
-2.18291
-0.846466
0.508949
-0.78188
0.501719
-1.07157
-0.894705
1.46438
-0.22088
1.28182
6.94547
-0.868311
-0.498961
1.04534
0.734398
-2.39939
-0.374821
2.03843
0.720328
0.686761
0.417652
0.29394
-0.825752
-0.00503126
-2.11277
-13.8065
-0.927472
-1.47438
4.29348
0.968314
1.61666
2.32255
12.2809
0.765057
6.72999
-0.776818
0.543434
0.922335
1.84099
-1.69704
-1.97576
-1.27065
-37.5435
1.48292
-0.951448
0.667201
-0.609734
-1.74443
0.776917
0.860617
2.64914
-0.485514
33.7209
-0.870947
-0.233104
0.540703
-0.37581
0.111912
0.577334
0.714617
-3.46198
5.49827
-1.79102
-8.2385
0.339482
-0.380694
-0.102421
11.7092
-0.94474
-0.0837257
-2.47209
-0.773334
-1.79329
2.16096
1.27701
-0.367339
3.89516
0.997498
0.0639714
0.831083
0.516001
-0.0394582
3.27736
-8.55639
-5.56121
12.5991
3.71616
2.27812
-0.206487
0.654077
-2.39201
0.00964503
-1.90883
-0.063778
-2.1449
3.92424
-5.88666
-2.21718
-0.256445
-0.150052
2.27548
-0.437759
0.0224207
0.272967
0.182642
-11.0118
0.239128
-0.0913556
-1.67895
-4.22726
-0.554803
3.85599
-1.59118
0.492267
1.46343
0.02679
0.757098
-2.02577
-0.212855
1.43935
-2.04495
-3.82877
-0.532165
-8.78302
-0.205209
0.822992
-0.0735571
0.0717047
28.3692
-5.00354
-0.477821
-0.525235
1.47656
2.27557
-2.7453
-0.13269
-0.958084
-4.09406
-0.129806
-0.557759
-1.08608
2.63773
0.45838
-2.61568
0.793531
0.561539
-0.0880174
0.621625
0.450818
-9.0134
2.08433
2.21802
2.08088
5.20473
0.453724
-2.54909
-3.84827
0.900435
0.194975
4.44933
-1.28581
-5.73565
-0.218187
1.36385
-1.26077
-3.3507
-1.53881
-0.120569
-2.33911
14.5921
2.98866
-4.99021
-0.155828
0.718982
1.67605
0.0788847
1.12052
-0.554711
-0.828279
-0.154818
-2.54109
-0.0450935
-0.285856
0.788919
3.48468
-0.309041
-7.20503
-1.55662
1.70444
-0.557347
-0.453108
1.1957
1.12903
1.2965
1.34682
2.34482
-0.130427
0.306445
1.26561
-0.463103
0.99793
-0.828509
2.86962
2.66864
3.79206
-1.45368
-0.0664682
-1.05209
0.721693
-6.42657
0.364691
1.76841
1.08732
0.803987
9.45922
1.40308
-1.11931
-1.18416
-1.4908
0.287024
0.0919116
-0.813073
0.00283964
-0.381152
-0.677601
1.09198
1.68616
-0.685933
-1.35433
-0.981007
2.5378
1.02178
-1.16556
-1.45903
-1.9186
-0.540137
-0.0682679
1.94931
-2.09324
4.62169
0.272254
-0.386796
1.33483
-0.236346
2.19105
0.896747
1.93528
0.924563
-0.255533
7.26751
0.447928
0.0167865
-4.41655
-0.168111
-1.5038
2.63381
-2.77414
-1.94664
-0.530207
0.716755
0.049093
15.8466
0.283041
-0.252022
4.8123
3.79746
0.262304
-2.22959
-3.02161
1.18778
-0.939788
0.507365
1.70205
0.0670091
-0.75049
-0.691698
-0.586148
1.17571
-0.165997
-0.543265
-0.422953
1.41924
0.00123561
2.34013
2.42523
1.07457
-0.377157
-2.65147
0.390999
-3.44473
1.58711
5.91708
0.564789
0.190351
0.271645
0.698334
0.0267486
4.51583
-2.35138
0.276071
1.04476
0.361636
0.297479
-3.8427
-2.37965
0.398419
-0.35678
1.53958
0.86671
57.672
0.0952713
0.594913
-0.198877
0.319556
0.244226
-1.58459
-0.689434
-0.830369
-1.99876
0.299453
17.348
-0.538463
0.626411
17.4594
0.252648
-3.88866
-5.04826
-1.33543
1.4941
1.13955
-0.0426729
-1.45771
0.240712
0.836741
-159.288
-10.9362
1.26172
-3.15523
3.23575
-2.13384
-1.32437
0.858486
1.50554
-2.52031
4.73747
-0.0865432
-2.10362
0.0488869
0.22735
-0.154603
1.15699
0.0169224
-0.19302
0.719519
-1.93842
1.06197
-1.35886
-0.899689
0.200036
0.182602
0.519563
-1.51316
0.00382993
-0.451065
0.383305
2.28844
0.244706
-5.27349
1.2801
0.546544
-0.239755
-1.06964
0.628524
-1.02091
2.14509
-22.6919
-1.57572
-0.833462
-4.02783
-2.27572
-0.309791
-0.291932
1.10653
0.140637
-17.4839
2.29005
1.89072
-0.896034
-0.731751
-1.09006
285.876
-0.465654
-0.503411
3.24902
-0.0377285
-1.08776
2.62572
0.351436
-0.49943
0.0906612
-2.00588
-1.3576
-0.547847
-0.457637
1.61038
-0.0141752
-0.0511339
-0.0471616
-12.0671
2.38395
0.89406
-2.32265
-1.18927
0.51921
-2.04706
0.0682147
-2.49022
-1.13556
-4.11417
-1.44069
-0.773702
1.38826
3.89739
2.81214
0.104841
-0.414426
-0.310937
63.4523
29.4556
0.0646673
1.43914
0.690487
0.512152
1.70632
-8.20107
0.66533
2.22158
0.995862
1.22965
-2.58059
1.34684
4.36089
0.962932
0.585015
0.781962
3.38351
-0.243946
16.7702
-0.706289
0.994556
0.0540394
-0.660419
3.55262
-2.38661
0.27618
-0.549531
0.635456
0.792096
0.11681
13.614
0.368208
-2.77286
0.632927
0.701395
0.2447
0.208529
-0.290429
0.942973
-0.177268
-4.44053
-1.29166
0.42739
0.444747
-0.427017
1.34638
-2.74077
-1.28037
0.375192
2.01231
0.370832
-1.97995
0.809139
10.5134
1.24862
-3.01035
1.78452
-0.290469
-7.6893
-0.10848
-0.89407
4.20295
2.44577
-123.788
-1.55404
0.804286
-2.30947
0.60083
0.153699
-2.13978
3.66636
-0.126987
0.390554
0.112073
0.157454
-6.37192
-0.652381
-1.23373
-2.71608
0.112761
0.578081
0.381678
-2.46771
-0.0914147
0.831668
42.1572
-2.06554
-0.775035
-0.190793
1.2567
-0.167296
-0.522968
-4.17868
-0.442255
0.885724
-0.0676174
-8.80959
0.509158
0.505416
-9.13175
-11.9981
-1.02365
1.04761
0.375743
0.164869
0.375336
1.23279
3.19157
0.423586
-1.49967
0.408897
-2.77108
0.688922
1.47164
0.347225
-0.258248
1.34605
0.666236
-3.2891
0.127625
-0.693829
-2.81577
-0.698744
-1.42469
-0.140344
1.53869
-0.621852
2.04865
1.55604
0.711707
0.678488
-0.135223
0.0246437
1.06458
-0.440505
-1.35388
-0.687838
0.455161
-0.420253
-0.361763
0.111436
-0.780404
-0.527065
-0.604988
-2.25478
11.345
-0.829133
-1.52592
-4.25597
-0.799944
-0.686469
-1.05507
16.465
-1.6174
-2.03382
-1.34491
1.22531
2.38899
-1.79499
19.3094
2.18409
-4.05042
-1.54793
-1.15631
1.30244
2.1437
0.296721
4.09911
-0.231532
-1.41084
-0.206979
-15.9342
0.120126
-0.229799
-0.563151
1.92469
-0.710149
-3.35871
0.423319
2.64827
-1.0589
1.46431
-2.71971
0.313419
-1.03928
-3.38193
-0.215781
-0.865234
-0.971554
-0.290071
0.235306
-0.911852
1.87243
-0.427597
-1.91332
6.20919
0.323847
0.465806
5.04492
-1.19785
-5.09168
1.08622
14.0625
-1.01357
1.86696
-0.93916
-2.72249
22.2624
-1.90854
-0.397053
-2.32403
0.48577
0.0211356
-0.339366
-0.900389
0.799182
0.209148
0.651706
3.83312
0.118752
-1.40439
0.702556
0.613031
-1.14206
1.95704
-0.127263
0.965039
0.457729
0.00908522
4.23204
-1.03296
0.722626
2.31772
2.29415
103.627
-2.6746
0.0624793
-1.52295
-1.99942
0.412682
-1.135
0.0293999
-0.483683
0.0938191
11.6036
0.333687
3.09539
2.6314
1.53078
9.02695
3.47138
0.113985
-3.96671
13.824
0.729239
-1.04863
-0.120819
0.105541
-1.84085
-3.42932
-0.85666
2.73234
0.845868
0.316502
3.19281
0.494266
-1.04898
0.542511
2.8407
-0.998491
1.81638
2.64223
-1.01272
-9.40965
-0.301616
1.05694
5.52522
138.168
0.84233
1.53302
0.163715
-2.88197
0.236858
4.13708
-0.275277
-1.3986
-0.446478
0.577864
-4.94545
-14.2884
-1.40715
-0.716444
-0.573165
-2.83654
-0.1633
2.77034
4.14949
-226.742
0.303968
-10.9142
1.74064
9.0647
-0.0274117
-0.333019
0.073913
1.2409
-0.178199
0.11836
-2.04943
748.066
8.80571
0.475516
-1.28094
0.278483
-1.22603
8.40275
0.113711
-2.06793
-0.566397
-2.86365
-0.913105
2.69456
0.499276
-3.97642
-5.29396
-0.477886
-2.13361
-1.11429
-1.20498
-0.527423
4.45877
-3.79156
-1.0458
1.03516
-1.27227
0.635499
-16.3497
0.610258
-5.35707
-0.381753
-1.62458
0.482151
-3.24707
-5.80466
1.84776
-71.0204
-0.270838
0.480645
-6.83229
0.438258
1.81879
1.55417
-1.09245
2.02134
-0.0126994
-0.0734194
-12.3372
-2.76359
7.45681
0.396643
0.877955
-1.1274
0.0666265
-0.0677818
-0.291691
-0.571056
-0.488533
0.678473
-3.7782
0.389377
-0.731492
-1.69748
1.23409
3.43514
-1.20388
-0.44484
21.426
-1.00312
2.30863
-0.0418434
-1.83192
4.96183
0.394347
-0.35558
-11.845
4.30844
-1.71254
0.26396
-0.284125
-0.932476
-1.18556
0.959038
3.2909
-25.6185
0.478155
1.04572
0.306287
-2.79681
11.6232
1.88198
-5.52744
-0.0548679
-0.567586
-2.53065
0.465761
-67.1079
0.567415
0.94812
-0.503199
0.575782
6.73562
0.37836
-0.118502
-0.830317
-7.62822
2.56284
-1.64608
0.623046
3.64181
-0.205587
7.24931
0.322946
0.786079
1.83069
-8.10592
0.163187
-1.0259
-0.47791
-2.93031
5.22382
0.545532
0.219942
0.909012
-0.92805
-1.84099
1.24927
2.17498
-0.55564
0.0876769
-0.33248
-16.8759
-1.40838
0.110237
-0.19482
-15.1318
-4.7077
-0.514343
0.609224
-1.05389
-1.62496
-3.1389
-0.372396
5.49045
-2.02582
0.203232
2.27892
0.0268744
-0.468917
-1.77528
-0.205288
5.8443
-7.63921
-1.06803
0.791619
-6.63694
0.424214
4.02226
0.327772
-2.72511
1.0557
-0.428754
1.05144
-0.996591
-0.19493
0.773605
0.427591
4.11154
1.46423
0.568789
-1.96584
0.207407
-0.34541
0.935942
-0.421549
1.11606
-5.33688
4.16206
-2.62092
-0.850897
-0.531854
3.96869
0.139466
-0.710335
10.5032
1.22415
1.25252
-3.60809
0.213532
-1.12141
1.11282
-0.591544
0.718561
0.939075
0.304683
0.270542
-0.545479
-1.14265
-3.34295
-1.5418
0.102322
0.0270525
-0.749965
1.90526
0.0231981
0.401312
0.10945
-1.82167
1.40147
-0.235003
1.9756
0.126488
-0.444562
-0.700555
1.66347
-3.4995
0.295217
-0.834745
-2.2992
-0.252646
-13.6309
1.5968
-0.292814
-2.18806
-1.70766
-0.871422
-0.0835164
0.55012
0.732664
1.15162
-0.762081
-1.36296
-205.343
-0.738154
-2.52802
7.33446
-0.744305
-0.602153
-2.18625
2.35595
-0.311007
0.730429
-1.72009
1.33249
0.351703
-118.712
-0.372974
-4.48624
0.394393
-0.182379
-0.645527
-8.32682
-2.70596
1.06866
-0.381428
-0.437045
-0.151655
-4.05339
0.183502
-0.43566
-0.45151
-0.786046
0.793466
-2.15703
0.171208
-0.443621
0.579029
0.373596
-2.8285
0.163051
-11.2918
2.01241
0.387405
11.96
0.0935424
1.36134
-0.257674
-1.36654
-2.45018
-6.16154
-2.95235
1.0454
1.22664
1.16377
0.420935
278.589
12.4829
-1.85372
-1.8596
-1.81259
-1.26121
1.28215
0.35734
-1.33056
-0.122765
1.68139
0.0895242
0.251842
-1.01377
0.374275
1.21457
7.82292
1.04699
-0.334612
1.66982
-9.00446
0.215657
0.338101
0.0998621
0.81067
-3.97226
-1.90795
0.111294
1.23955
1.59164
-15.4803
0.737
-0.166389
0.495539
0.817518
-1.06083
3.26118
-29.9496
-0.54397
-3.15292
8.91396
-0.861623
-4.53508
-0.0403919
-0.562607
-0.26206
0.849772
0.496545
1.08515
0.230101
-2.86522
0.597331
-0.549698
-0.211465
1.08658
0.32897
-2.6714
0.299712
1.42457
-0.24105
-0.412805
-1.27668
2.69488
13.9065
-0.641702
0.487081
-0.470893
-6.08566
-0.650317
1.22371
-0.919677
0.421434
-0.801203
3.43314
0.238253
-0.31938
-0.185477
-13.8237
-1.18171
-1.04211
-3.53748
0.578768
-0.658649
0.489215
0.76147
0.133067
35.6582
-3.20907
-0.605153
0.958693
29.7667
-3.96844
-0.642944
-2.18724
1.7302
0.252762
-3.06882
0.391837
-0.554542
-0.0183772
0.578543
-0.389383
-0.0775864
1.48766
3.79222
2.42476
7.34996
3.42366
3.32327
1.95608
0.989101
-0.487732
-0.0527971
1.07291
0.656909
0.668534
0.584204
1.18608
-15.8535
-0.273411
-0.688027
-0.851751
-0.374916
-0.532028
-10.1072
0.610699
4.769
-12.9575
0.158125
-1.08114
0.810568
-0.894868
6.16479
-1.95327
-3.65895
4.2621
0.953772
0.037013
2.23356
0.0747867
-0.706731
-0.0131079
0.369378
-0.157875
-0.0404102
-0.870386
-0.641527
-2.22966
-5.53438
2.66842
0.0639166
0.191664
2.37095
-0.480435
0.692623
-1.19835
2.17975
-2.70595
-0.643698
-6.2428
0.238978
0.820299
2.04916
1.33239
1.62514
-0.404907
2.22463
-7.02529
-1.36851
2.98618
-0.59158
-0.162012
-0.924077
9.21719
6.90744
-0.95341
1.48027
0.374957
1.21842
-0.408437
-1.49365
-0.0398265
4.19016
-3.19987
-1.22014
2.62927
0.535637
-1.07091
-5.40331
-0.612748
2.40893
2.77467
0.543117
0.14652
-0.59536
0.559091
-0.381063
-0.100408
-0.144938
-1.26347
-0.25659
-0.268476
1.67063
-39.6464
-13.594
0.112062
9.23231
1.73566
0.901314
0.988267
-0.197068
-1.04266
-0.383529
0.341573
1.47408
4.85012
-9.64559
-1.0786
-0.789248
-7.27901
0.213905
1.87112
-0.0292833
-7.14607
0.393553
7.2517
1.20099
-0.352744
-5.95553
-0.13598
-8.59827
-0.549648
-0.726485
0.0270026
2.14766
0.417821
0.465572
-0.804014
-0.0457346
-11.9836
-0.130836
5.36345
0.0661516
2.32835
-11.4595
1.065
-1.55649
-0.18858
-0.503108
-1.17484
-0.83044
0.125864
-1.16604
0.621475
-0.814961
-1.09268
2.38256
3.76099
0.489632
1.05193
-0.351814
0.195237
0.635924
-0.184431
-0.691045
0.561709
0.297068
-7.78454
-6.60838
-1.9832
-0.0349563
-0.40187
3.19092
-0.509369
-2.78069
-0.505325
0.166761
-4.47112
1.00957
52.4964
-0.0182445
0.375971
-3.3572
-1.25859
-1.20997
0.0163887
1.58758
-0.759818
-0.638739
-2.49008
0.874742
-1.74352
6.54226
-3.92134
-2.27292
2.60492
0.758971
-1.24918
-2.41136
0.245422
-0.0811799
-0.223373
-0.618336
1.83111
-0.441337
1.82894
-0.719888
-2.03106
0.622841
-1.05485
-0.1239
-3.04776
0.320232
-1.90695
0.0496103
11.9642
1.21526
2.89127
-1.34378
6.98074
-1.37458
0.237663
-3.01344
-0.931912
-0.97724
0.338165
-4.66477
0.93243
3.36074
5.15984
-5.49935
0.490592
-0.214199
-2.08168
-0.826302
-125.658
-0.936346
-0.66153
-1.62111
0.893626
0.0558256
-0.182161
11.4217
-38.8211
-0.255378
0.0676194
2.7989
0.598028
-12.8107
-2.85421
-1.21912
-0.613828
-6.53085
-0.407375
0.458466
0.241924
0.776047
0.0217068
0.40542
1.3588
2.40019
0.698939
-1.01231
2.17351
1.29386
-2.17489
0.459386
0.459298
-0.813234
-0.462915
0.716483
-3.13689
-0.777213
1.26818
1.7562
-0.747528
-3.2008
-0.874267
-2.42003
0.705992
1.53656
-0.203473
-0.556811
0.909757
5.99797
-0.426882
-15.959
-2.7478
-3.61206
0.412637
-0.482135
0.91851
-1.78135
1.50152
0.7776
0.0852845
0.356849
-2.80475
1.40746
-2.40023
-0.265249
0.589405
2.0458
-2.21484
-1.98717
0.682098
0.690716
0.0253338
0.996621
-2.764
-0.595083
0.601949
-0.765373
2.13211
1.63196
-68.434
-0.525859
0.762463
-3.50534
-0.286758
-0.217568
0.533793
-0.308658
-2.07596
0.253774
0.667997
14.3819
-2.3232
0.362562
-0.489462
-4.89073
0.841875
-0.160102
-0.305791
-0.839958
-0.711835
0.542
-3.44984
-0.613449
0.800196
-1.18073
-0.447822
-1.31439
0.593094
-0.599288
6.2633
2.65539
3.02135
-5.05485
-0.508686
0.299337
0.321102
5.16613
-2.54278
-0.891455
0.378583
-0.685223
-1.39853
0.337216
16.5545
0.248807
-1.32024
-0.156782
-0.358259
-0.975707
1.9336
-1.0687
0.155948
7.07573
0.325751
-1.4747
-1.52875
0.333931
-1.60578
-3.05096
0.850846
-7.46569
-1.97073
-0.244405
0.948627
3.60334
0.383668
-6.95457
0.661107
-5.16504
-1.35201
0.0857742
2.13864
-0.216359
-2.09481
-0.440869
-0.236327
-1.03243
0.411414
0.388706
5.05629
-2.4595
-14.6045
-2.83646
-1.42298
1.59723
-6.19233
0.128183
0.260067
-0.196889
0.959337
-1.68204
2.31131
-17.1239
1.15413
-0.054528
0.530959
60.4809
-0.774397
0.32464
1.52105
-1.70046
-0.474973
-3.39583
-4.65889
5.6457
-1.50555
0.353394
-0.305317
0.683259
0.0588732
2.29582
-0.0523148
-0.726368
-0.636666
-0.99269
-3.07111
-0.466898
-0.247873
1.09558
0.12924
11.5701
-0.675829
-0.277305
-0.172111
-0.342773
-0.718297
5.66488
3.40668
-0.191797
-2.33847
0.139765
-0.10289
-0.825434
0.52847
-0.263265
0.0991269
-0.571457
-0.703545
-0.199365
-0.337439
1.01553
2.15635
9.09224
-0.539874
0.642959
0.151084
-0.16996
0.293035
1.68038
-1.26533
-0.571797
0.0223901
-1.88314
-2.08711
0.830474
0.221763
1.78668
-0.317755
-0.813456
4.92626
4.79743
0.996075
-1.30314
17.7854
-0.895641
-0.193659
-2.42177
-0.000485145
5.48236
-13.3742
1.11686
2.9343
-0.00354544
1.16088
-1.617
2.41282
0.378296
-4.04936
-11.0245
0.608883
1.79526
0.280871
2.27777
-2.21558
-1.60408
6.07532
0.482709
-12.3665
1.03803
-1.05371
-0.850055
4.06214
2.25714
0.148256
1.26848
-1.6399
1.24924
2.15657
-10.5679
1.53654
0.198433
2.24067
-0.444819
-2.16359
3.14151
4.1005
0.0276681
1.02099
0.553555
-0.426936
2.32391
-0.303058
-0.214007
-1.6641
2.10134
3.7214
-93.8828
1.55503
0.41587
-3.3033
-0.347575
1.42195
1.38877
-1.27518
-0.203188
2.10354
0.948976
2.48426
-0.480765
-0.354396
0.244091
-0.368329
-5.4538
-0.135917
-11.5117
-4.16718
0.142386
0.683109
-1.77641
0.519268
1.45466
0.764513
-7.54712
-0.328039
-3.99297
13.8785
4.15925
1.23043
0.591141
360.838
-1.29048
0.465612
-0.223084
0.0131037
1.27064
-0.16307
0.136321
0.362141
1.00528
1.34823
-0.0509631
-0.138619
0.423213
-0.20208
-0.0693973
1.17001
-0.258671
-0.495485
-7.07175
-287.616
-3.88936
-0.882063
0.63421
-0.251625
-0.0686573
-10.2336
-0.266149
-0.664029
-0.0123681
0.860589
0.577962
0.568934
-0.261325
-4.9071
0.360598
0.13955
-13.5648
-0.45691
1.29337
0.17371
2.9925
-1.49519
1.01106
54.7692
0.789948
4.19988
1.3797
-1.23438
-0.769106
-3.21188
-0.620048
0.0460052
-0.22922
-0.0989242
0.430139
1.36237
0.250804
0.354821
2.84472
-0.279454
-2.03749
0.221973
-6.05002
-0.0257365
-0.883062
-0.886234
1.79518
-0.294565
0.172231
-0.660853
-0.303745
-3.16016
-0.803384
-1.69865
0.186158
1.41812
2.56579
-8.25168
2.35695
-0.682944
-1.32558
0.653578
2.86838
-0.601222
-3.04708
0.672829
1.71768
-0.392765
6.14326
-2.28418
-1.10544
25.8587
-3.69101
7.66605
0.169658
1.50055
-0.278961
0.0233053
-0.987735
3.49942
-0.479747
-0.29315
-3.98469
0.870125
0.963887
-0.40799
0.0640254
1.31083
0.679257
-1.37083
-7.96196
-0.490489
-0.0440523
-0.597405
-8.91128
5.49829
0.0914212
0.842467
2.02734
50.8451
0.422131
1.13834
-0.320482
-0.0113347
2.08997
-0.181582
-0.138605
-6.54393
-8.85371
-0.372516
-0.497326
-1.02298
2.00642
-8.68445
-1.48671
-2.66764
0.467008
-0.336442
-1.51519
-0.674674
-1.51829
3.06962
-2.98939
-2.64164
0.884129
-0.202218
0.529576
0.150831
0.857186
-0.378589
0.131061
-0.179767
0.291528
-4.28982
0.650138
-12.6125
-0.878804
3.61428
-3.40478
-2.13985
0.378962
-1.86612
35.8211
0.309658
3.34497
9.10738
-0.540102
2.45722
-1.7782
24.7375
0.33852
-2.93811
-7.8211
4.2031
-0.283443
0.0258247
-0.674671
0.680285
-1.14599
-0.21597
0.108257
0.817167
-2.7152
-0.170893
1.01306
-3.10219
-0.145403
0.962454
-0.0839143
3.76965
0.834455
-0.51475
-0.345253
1.68609
-1.52272
-0.667952
0.142211
0.555993
0.0887244
-0.728866
0.94231
2.73214
-0.515014
1.35939
0.188287
9.42115
-4.35753
-1.29637
-0.328001
-0.226201
1.77754
-1.07388
-0.285168
-0.841306
2.06833
-0.143821
-29.8235
-6.29818
5.89795
-0.367992
1.53961
-2.04067
0.330307
-0.39499
-0.708203
0.570023
-0.569616
2.25257
2.23913
1.51178
2.46893
-3.407
-3.01177
11.3414
-1.23962
1.03061
-2.77523
-2.4623
1.40563
0.0698849
-1.63921
5.44023
-9.24482
0.496585
-5.08108
-1.68277
-0.307307
-0.942038
-2.04322
-0.309125
-0.711644
-0.973053
-1.01665
0.278677
-0.179242
0.848854
2.75803
-3.49323
-0.232408
-1.34392
0.132932
-0.170061
0.936544
0.00488694
2.66587
7.83549
1.97065
0.332083
0.846311
1.56628
1.23121
-7.22684
0.666846
1.69236
-0.1301
-0.259144
-1.78274
4.58154
-0.732692
2.9066
-0.361374
-1.26833
0.519217
-0.665564
-0.703611
-1.76207
-0.332492
-6.31351
0.452031
-4.13786
-4.35056
0.160042
-0.38304
1.15868
-0.381186
0.971845
1.97842
0.757991
0.669017
0.865656
-0.0912988
-4.06583
-1.18162
4.28111
1.16683
6.53774
0.677661
0.289613
0.308778
1.17915
0.727671
-2.26991
0.396222
0.342956
-2.37595
2.58145
-2.10111
0.941003
0.636548
0.412172
-2.21216
-0.13979
-0.0829536
0.224032
-0.886769
-0.913233
0.752307
-4.63895
0.536819
0.770798
0.596668
3.9562
1.25532
-1.96723
0.440139
-0.467869
0.581116
0.401369
1.85839
-0.320114
-0.206061
-0.309073
0.0800024
-0.489578
-0.0569638
0.696847
-0.881327
-7.26116
15.4102
1.03633
-0.00230386
0.153857
-0.553535
0.884726
0.517971
1.81428
-7.97705
2.29953
0.689102
0.198144
0.65408
2.35592
-0.0137166
-0.0358318
0.319159
0.0115701
5.13034
2.78241
0.276952
5.20067
-0.0605673
0.0365088
0.482944
0.298274
1.62458
-4.41203
0.0263159
-1.04021
-0.809453
27.4869
-0.921397
-3.09586
-0.787355
-0.994391
0.377182
-0.372173
-1.32129
-2.02951
-1.80009
1.86066
-0.30249
6.34488
-0.751503
0.370982
-0.19
0.294242
-2.65084
-1.27378
-0.377558
8.12651
-0.591708
-1.06454
-1.11297
0.185126
0.14006
-0.973045
-0.452417
-3.54346
-0.371642
0.477682
1.03746
0.567886
-0.759652
1.30201
0.896098
0.884514
-0.418257
12.8337
0.5989
-37.6519
1.80239
-3.69814
0.0214082
-17.3807
2.12249
-0.315365
-0.557092
0.857703
-4.19988
1.08555
0.371416
-0.873432
-0.298386
0.0288604
-0.69887
0.41962
-0.66232
-1.45049
-0.247645
-113.916
-0.0571995
0.0399644
0.561545
0.78919
-2.37615
0.0465346
2.00115
-29.8941
-0.552521
0.0540322
1.20675
0.661701
-1.01116
1.36318
-1.07735
0.146735
-1.19926
-0.945292
1.15909
0.152428
0.323616
-4.14674
-0.33435
-2.37464
-0.947413
-0.194456
0.0940776
-0.000121264
0.890471
-0.0382236
-0.901791
0.433372
0.14321
10.3384
0.497014
49.2257
0.23995
8.46171
1.04982
0.922037
12.9475
-0.240412
-1.8838
-3.32149
0.567008
0.7744
-4.73381
-1.88792
-15.7487
-1.94426
-64.4144
1.06961
0.342866
14.0045
-4.03797
-13.1604
-4.41305
-0.448248
1.382
-1.30989
-1.31478
34.6131
0.586152
0.720955
-1.10836
0.206608
-0.534997
-0.071096
-0.124017
0.368396
-1.551
63.727
0.453675
-0.814421
-1.13341
0.410613
0.802849
0.333218
-12.0082
-1.03191
-2.20346
-7.65431
-0.583541
-0.813884
2.2917
0.481546
1.05871
3.56814
0.779821
-0.592339
2.51488
0.206147
0.0517584
-0.946057
17.2813
-4.48786
12.3813
-1.5191
0.457741
1.11294
-0.854282
0.829137
-1.59538
-2.29126
0.480646
0.91442
-16.9674
0.347088
-0.184532
-9.76752
3.63846
-0.979249
-0.527622
-0.962683
-0.223517
-4.64495
-5.86801
2.51756
0.634226
2.12439
1.52987
-0.461446
-1.22196
-8.95361
4.6475
-0.941931
-66.8033
0.146877
13.663
-4.02395
0.926838
2.47185
-0.937217
2.4407
0.436676
0.33567
-1.4782
-0.36102
0.690246
4.10011
-1.00849
0.9731
-2.13363
-0.371537
-0.27858
-3.12936
1.25216
5.32002
-1.301
7.82069
-1.08117
6.53186
0.243534
-5.22405
-1.21556
1.32956
1.11558
0.133551
0.0347591
-0.30992
0.130918
0.698015
-1.95876
0.0892846
1.03171
-0.116249
-3.7943
0.647227
0.516714
14.7047
0.108021
-1.70304
24.1614
26.056
-1.01261
-14.3467
-1.13473
-0.11899
-0.0604818
0.0274959
0.623723
-3.10777
-1.01148
2.456
2.55911
-0.101228
-1.52094
1.71915
-0.865608
-1.66934
3.63191
-1.13013
0.140025
-0.971162
0.846782
0.0402468
0.725339
-2.50615
0.825957
1.97406
1.2282
-1.43356
0.400474
-0.183558
0.47775
1.27433
0.412195
0.17749
11.8903
1.23087
1.98633
0.190234
1.09723
0.910476
5.89799
0.682408
-3.65579
-2.20034
-0.721333
-0.276325
0.141344
0.231133
-3.89387
1.9
0.178685
0.0437735
-0.0954962
-0.0400342
1.25831
2.99745
-1.32629
-1.59203
-0.279009
0.979574
0.539385
-1.65468
-0.445491
-0.3306
2.28954
0.233407
-7.61412
2.46932
0.42163
-0.643593
1.20278
0.266163
1.62999
1.3851
0.944453
0.49259
-1.11641
0.0678954
-0.74845
1.22756
-1.328
0.231677
2.41673
0.756356
-0.801429
-1.19564
-0.75893
-0.151897
1.06141
0.145548
0.293949
-0.0525796
0.873443
1.34431
0.136493
9.77418
-0.0768747
-17.6013
0.780745
0.0500084
-1.4885
1.07504
-2.61999
1.17859
1.37894
0.582296
-1.94863
3.15738
2.25338
-3.17779
1.38391
-3.105
1.93034
0.802638
0.406064
2.05649
-0.248658
0.606696
-1.68699
0.437789
-0.748309
0.685111
0.11199
0.322226
1.74871
1.35309
1.12162
-1.42763
0.399565
10.776
0.225799
-0.448934
0.293227
1.98891
-3.07116
0.358232
-0.550325
-3.00807
-0.59291
10.1584
0.98
-0.314985
-0.0945589
11.3245
-0.610543
-0.0414865
0.581761
0.506451
2.00319
-0.216016
1.22728
-0.038523
-0.084083
2.06837
-0.760204
0.620322
2.65149
-3.53189
4262.51
2.0978
12.3824
0.261526
0.55872
-0.878368
1.51247
0.0435147
-1.97362
1.90453
-0.924203
-1.41927
-7.27311
-0.0655299
3.30595
-0.207145
-0.353706
-0.356557
0.0778416
0.314644
-0.847355
-0.00151178
-0.781455
8.99083e-05
42.6323
1.05547
-3.99633
0.56707
0.205435
-0.419148
-0.757359
5.81491
-2.07656
-0.00365422
-0.287264
0.309254
-0.338117
0.27444
0.202293
0.125751
-0.634494
3.60793
0.251465
1.7188
-0.693168
-0.159244
-0.95348
-20.1604
0.561769
0.0195834
0.956189
1.93851
0.51256
-2.79036
0.858488
0.255492
-2.48604
-1.07423
2.38448
-3.72288
4.77219
0.411466
0.140842
0.397886
-0.313358
0.558139
1.22865
-0.776501
-15.3956
0.306762
-4.76146
3.40881
-3.38378
-1.54204
0.407944
-0.928324
0.914435
9.01396
-1.38115
-2.1687
0.0253051
527.949
115.645
0.366985
0.354316
0.48928
1.26937
0.097194
0.138516
-0.0360668
1.34196
-2.9429
0.309638
-1.73474
-1.1863
-0.639653
0.514285
2.39837
0.253093
0.722491
0.414357
0.110678
1.7333
-1.44251
5.52038
2.3094
2.98621
1.54709
-0.862929
-0.772064
0.199336
-2.43651
-0.61956
0.979684
-0.176152
0.902695
2.03272
0.351767
-0.894626
10.7832
-1.10401
-0.138809
-0.307162
-5.03192
-1.57433
0.00221937
0.851369
-0.139831
-0.368089
1.16143
0.683423
2.12184
-0.766609
-0.774683
-3.86835
1.77826
0.607528
-4.68402
-6.9132
-2.99277
0.922514
-3.0282
2.51173
-0.503077
1.75713
4.51985
-1.28781
1.71363
0.24281
1.06363
-2.55534
-2.63128
4.37861
-0.588418
1.48965
-2.24661
-0.705872
-1.36337
0.371487
0.138119
0.905935
0.729354
-7.66281
1.01329
0.515627
-0.748479
-0.760121
4.56935
-1.05917
-0.0958839
-1.38151
1.62602
-3.59986
0.997209
0.756834
0.811942
-1.31433
-3.30368
-12.4745
-2.70968
0.355756
-0.978493
0.32415
-0.00849308
-0.866303
-0.802088
317.206
-2.45266
0.646673
0.0244109
0.181285
-0.298909
-1.56444
0.216606
-1.69069
-0.611395
0.0810691
-22.5385
-0.749712
1.41579
-0.716275
7.96569
1.60932
0.163765
0.823993
2.9143
0.289168
-0.329353
0.364959
-0.986404
-0.133031
1.65335
-0.302767
-0.954863
-14.0449
-2.89193
-0.21474
-1.64092
0.578124
0.00419826
-1.82049
0.912908
0.43176
1.78976
-0.148772
-0.424863
0.426221
1.08413
-0.305758
0.609723
-0.107012
-1.09825
-1.67127
1.05981
-0.00440922
-2.44164
0.626892
-1.51875
-1.88245
2.92637
-0.828557
-2.44886
1.54043
1.05867
0.269765
-1.80003
-0.409542
1.50976
-1.21701
-0.153277
3.75873
-0.898626
0.233731
-2.02803
-0.818333
-0.427571
2.00942
0.691306
-1.08016
-2.85706
-0.408126
-1.04972
-0.233166
7.88556
0.275129
-3.30926
0.724403
-5.7924
-0.0745261
0.993677
2.09857
-0.397656
1.2803
46.9562
-7.58487
6.10562
-1.96657
0.204746
0.453454
-0.784581
0.0568804
0.368519
1.23655
-0.859349
-0.491771
1.65674
0.362515
-2.08353
-0.368583
-1.03343
0.883535
-0.940654
-0.124888
-1.08045
0.844694
4.65568
-0.553501
0.678341
-0.552302
2.45039
-1.36983
-2.36651
0.624561
-0.394822
-0.0666069
-0.392678
0.163463
-1.43608
11.4818
1.12017
-0.551115
7.78806
-0.499932
0.821968
-2.6571
0.170215
0.131586
-0.888904
-0.855814
0.0292673
1.0766
-0.468239
1.31354
-0.837068
0.253005
-1.33245
0.79834
0.200887
-0.0232899
1.27863
-22.78
-0.198167
-1.3113
0.89251
0.876783
0.494371
117.307
-0.080979
0.553961
0.383379
-0.72853
4.71128
-0.844682
0.981321
9.14097
-0.602288
46.6746
1.52971
0.0932665
-0.645269
0.870984
-1.11797
2.00381
-0.493804
1.31502
0.957733
2.46133
-0.00817103
2.21896
-0.173495
0.727317
-0.920532
1.01258
0.656741
-0.487471
1.99652
-41.3194
0.109073
-1.23347
-4.2894
0.0355562
0.236998
-9.48043
7.57977
-1.63886
-8.73002
1.17117
-21.2563
19.8721
1.0091
-0.249115
1.09368
1.41242
0.218952
-0.88841
3.95352
-1.15173
-0.694668
0.661161
0.953622
-0.243721
-16.2026
1.83802
-2.57573
0.243696
0.555569
1.10883
0.306786
-1.14416
-2.02626
2.28908
0.725669
0.0378461
0.36628
-1.26256
6.30931
2.12586
2.94406
-0.858807
1.27388
2.37341
-0.932889
4.23276
-1.28722
-1.36362
0.432252
0.27422
0.512116
-0.735142
0.0687223
2.57712
-0.272078
0.616786
3.87183
-1.67236
-0.262861
-8.49594
0.0676063
-1.16415
-0.671753
2.24756
0.167745
1.51146
0.293896
1.38107
1.61276
-1.99292
7.12011
1.68457
-3.90527
-4.63478
-0.0587051
-22.8024
0.509801
0.042853
0.200874
-1.23474
5.54144
3.51963
0.342067
1.84983
-0.0650161
1.71516
-0.913249
-0.818261
-1.81383
-0.487513
-0.151065
5.24828
-31.8591
0.67808
0.356956
1.89575
-0.539897
3.00228
-1.82462
0.581292
-10.4131
-1.66813
0.364958
0.858077
-2.12165
1.82422
-1.21807
-1.13905
0.504811
0.6118
-2.38346
2.43062
-0.00831755
0.388033
-0.00786743
-0.420316
-8.05915
-0.439101
0.951967
8.44773
-1.24849
0.0663494
-5.80307
1.0027
-30.7299
0.536935
-0.938042
-1.43625
-0.778794
0.350276
0.963735
-0.987448
1.52154
-0.818857
0.744345
-2.90554
-2.96738
2.34856
-0.876536
-3.85041
-1.15708
-0.737292
-0.178382
0.324387
-0.777265
1.83083
1.75958
-1.34443
0.907157
0.195023
-3.57556
-1.89497
1.66403
-0.743801
0.191668
2.86185
-1.1287
-1.30977
-5.61925
-2.47172
0.382228
0.818451
-27.0563
1.34517
-12.0741
-3.115
0.735446
-1.2715
0.132301
0.712226
0.141205
-0.811065
0.21095
-2.27605
0.505193
-2.82699
-0.22569
-0.256845
0.297195
0.157822
-3.14365
-0.273862
-0.087649
0.33694
-0.257923
-20.2601
23.1351
-0.788734
0.669987
-0.386427
4.8979
-28.3578
-0.581612
-0.0695199
-0.101221
60.7345
-0.440681
0.248236
-1.7939
0.860564
-0.0458323
-3.57023
4.17449
-0.0244752
0.361381
0.591315
-2.01136
44.9898
2.19297
-3.05303
-0.505049
-0.577213
7.28254
-0.94173
1.24095
7.64315
-0.247607
-0.784836
6.51164
-1.69221
-1.77987
-0.773448
-0.79566
-0.812786
0.119875
-1.84879
-0.435128
-0.575543
0.113973
2.81782
53.2743
0.540697
-0.799595
0.882733
-0.75394
-0.952081
1.28817
-1.29449
-0.473017
-0.392139
-1.1197
1.17063
-1.47422
0.843393
1.57473
0.481241
3.00461
-6.88615
-2.25513
2.51207
0.257573
0.249002
1.68791
1.99319
3.94574
-0.243474
2.23893
-0.364933
-7.57506
0.694059
-1.41792
4.69785
-1.51435
-2.92789
0.116963
0.374831
0.986526
0.338906
-0.667949
-2.34357
0.832143
-0.887457
0.393709
285.05
-0.0041242
1.20184
0.0230027
3.96132
0.232526
-3.1432
1.36725
0.142296
-1.64905
0.933588
0.234489
-0.86134
-1.05736
-2.67152
3.53293
-1.37038
0.197923
17.0605
0.391419
3.41165
0.129943
-0.142829
-0.0774628
0.0759421
-3.64011
0.406497
0.97956
-2.63986
1.04238
0.995728
0.388728
-2.3605
-0.808153
1.62047
1.01578
2.32762
-10.1528
2.2931
0.457791
2.50517
1.64563
-11.3923
-1.2603
23.3896
-6.42484
0.424714
-9.82633
-5.27376
-1.02157
-0.355527
-0.577291
1.95454
-0.486224
-3.96025
1.6547
0.613793
2.82093
-2.81593
-0.343902
-0.698849
0.86949
3.66255
1.36086
61.5711
-1.21732
-1.6434
-0.648325
-5.22133
1.13029
0.111711
9.69281
-1.3032
-0.402093
1.6506
-4.70292
-202.791
0.148148
-3.58819
-6.79647
0.362823
-0.0830746
-10.3958
-0.119724
-11.1673
0.745927
-0.836462
-1.41841
0.689534
-0.183861
1.88228
3.09612
1.40256
-0.750499
-0.320581
0.659958
-0.802307
2.67269
0.108494
-1.29266
0.228229
-22.6086
0.616731
-497.541
-12.6715
6.03521
-0.459021
4.13153
0.48614
1.03396
0.604885
0.109883
-0.286348
1.5328
1.22441
-94.6604
-0.0879498
-3.52062
-0.24633
-1.7031
1.60209
-0.904149
1.64571
2.64455
-3.20083
0.0267254
0.107483
-1.49518
-17.81
-0.977292
0.858333
-1.43581
0.70946
-0.179157
2.42145
4.01246
-1.82706
0.0307461
-0.665453
0.106352
-0.181343
0.167469
-0.323282
0.252044
0.920905
1.57422
1.33366
-0.355715
0.606887
-0.0820603
-1.10948
-0.854019
-18.2203
1.77441
-0.975565
0.182002
-0.290821
3.58478
-0.61675
1.61275
-1.0824
4.15551
1.60886
1.31343
0.0850056
0.0860716
-1.61665
0.63497
0.364976
-0.0924802
3.77656
0.770148
-0.254901
-0.162509
-4.86417
-25.8134
0.617695
-0.410536
-5.36271
-1.00596
-0.173011
-3.07742
1.65573
2.13174
-0.773271
0.504215
-1.03012
17.686
0.826622
-1.02512
-1.09307
-0.68449
-0.257675
2.07967
0.641341
-1.03154
-2.99228
0.279716
-0.0221378
67.9765
3.49356
22.0761
0.406835
1.73305
-1.9731
-1.23347
0.0631866
-0.017114
-0.400236
-1.23468
-0.586515
1.48483
0.322658
-0.458555
0.198089
0.376936
-2.2772
-0.0378018
-0.101022
-0.982916
-0.439875
-2.19971
0.172254
0.408654
1.26362
-0.442383
0.323093
1.04792
2.66019
-0.25551
-5.6299
0.20742
-0.111189
3.44485
1.6431
0.0218789
0.217982
247.18
-0.731985
19.5209
0.362572
2.27354
-4.74545
-3.89853
-6.40073
-1.16578
-0.417142
1.87251
-1.56792
-0.772801
2.1234
-0.366796
-0.427119
0.297219
0.598987
-1.42708
-0.0693414
0.730812
-0.839541
-0.450766
0.47645
-0.272458
0.978331
-0.448818
25.9827
0.229541
1.83961
0.0611443
0.232867
1.3605
2.3223
-1.86549
-4.93514
-13.364
-0.618455
0.586458
1.4281
-1.31364
7.16305
0.192522
3.5916
6.47126
-60.1478
-4.31103
0.718227
9.93512
-0.273898
0.581394
-1.75951
-58.2937
-0.0664784
-0.0238375
-2.17197
1.85375
-1.20008
1.35249
5.07801
2.51783
-1.84856
2.20907
-0.237457
5.88865
0.56407
-6.0491
12.519
-3.4739
0.00157849
0.445106
-0.260848
3.36674
-1.17226
0.426404
-0.00238119
-10.7072
8.66043
-0.623019
-0.521638
-0.390429
10.2147
0.834927
0.525279
-0.563879
0.778101
-2.02887
0.455003
-0.141425
-0.015398
0.450149
3.74783
0.829508
-1.22736
1.37889
0.100158
-0.985903
-10.2943
-0.00964972
-0.31398
-0.441324
0.491247
-2.01963
0.0113439
-0.0752934
-0.711337
-1.47805
-0.351878
1.49052
0.477224
0.21183
-2.76229
-0.45723
-1.16043
12.7081
-2.28224
1.32164
0.168215
-30.2512
-1.11689
0.708198
-0.226514
0.689675
0.428927
0.105837
-1.64017
14.7999
0.7285
-7.08379
-0.262217
-0.85759
2.90477
0.0307729
-35.5034
0.974252
-1.66495
-0.928054
0.98044
0.565
0.222288
0.377667
3.05539
8.28326
-0.349115
-7.44544
0.0719068
-0.0869881
-3.70675
0.365227
2.77802
0.268338
3.4576
0.463503
-7.89923
-0.264496
-6.33976
-9.01066
1.4989
3.09613
-15.1164
32.9427
3.86076
0.565539
-0.354735
-0.15828
-3.05708
85.9989
1.58998
-0.371348
-12.5447
-0.209379
-15.3908
-0.125577
1.2834
0.0703323
1.43588
-1.28209
0.211811
-4.0913
-3.39457
-0.722834
16.0791
17.7872
-0.779228
0.393845
0.803287
0.407817
2.53593
-0.714395
0.526162
20.0676
-0.7198
-1.4193
-2.47007
-0.597152
-3.25062
0.396659
1.36911
3.94462
0.0312854
0.874002
0.465482
-4.66221
-1.38169
10.6805
3.19353
3.06637
0.253748
0.901822
16.3055
-0.482797
0.657882
17.9705
2.2129
-0.0397944
-0.198752
-0.748149
-0.217171
-2.2169
0.316099
-0.171136
1.00584
2.52538
-0.701842
-0.0967324
-1.7607
2.0701
0.963361
1.02289
-0.330671
0.914273
0.178402
-0.293653
-0.381935
1.21802
-2.73214
1.1461
-1.16799
12.7685
3.72598
-0.146886
0.200385
0.69802
0.689874
-0.229754
-0.432977
6.66899
-1.33224
-0.133366
1.40518
5.5319
-0.522759
0.0351664
0.785183
-0.578992
12.9205
-1.65209
2.23152
0.00684151
-0.637496
-0.69532
-65.2055
0.6739
-0.712424
1.04068
1.85862
0.148892
-4.18385
-1.44885
2.57351
-0.970042
-0.133775
0.14041
1.39769
0.293022
0.136666
1.14039
0.11864
0.425937
-6.78295
5.01567
-0.509107
-0.441653
0.980986
0.965639
0.114725
-1.63081
5.66236
-0.605626
-2.66594
0.0706729
0.693256
-0.55445
0.316243
-0.541505
2.0727
-1.12166
1.87271
-20.4619
-109.541
0.257622
64.8994
-0.812121
0.0334215
-0.835756
0.946383
0.114164
20.5646
2.88703
-1.32962
0.73855
1.97185
0.263904
-1.63435
1.64324
2.59788
0.21478
2.19457
6.42537
-1.04084
0.32025
1.00305
0.174814
-3.46058
-0.684366
9.01294
-0.344937
34.5642
-3.3004
-1.2334
0.170016
9.04963
0.728229
-1.9287
-0.404581
-0.124448
0.24588
-2.06292
0.300807
-5.7189e-05
-10.2834
-0.0259985
18.148
3.96986
-0.714355
-0.347369
-1.8554
0.157075
-3.16166
-26.9681
-0.137131
1.85055
-3.46727
-1.75555
-0.71981
0.0267188
-1.16477
-0.439587
3.88923
1540.35
-1.55179
-1.35018
-1.01967
-5.44087
-10.6075
1.17367
3.54132
-0.0427023
-4.34583
-1.00437
-1.164
2.15741
3.36823
-1.54696
2.72587
0.347032
1.19978
-0.116519
0.00702915
2.56918
1.33872
-4.21038
-3.7943
-1.91331
1.94563
-18.6099
2.36172
-2.37608
44.1698
-3.28125
0.0679497
-1.43892
-0.810101
-0.528193
-1.54476
-0.815211
-0.41607
-0.140634
-4.41402
1.39417
-2.0743
0.756103
2.7576
1.07153
0.318495
-0.568841
2.28663
8.40259
-1.43775
-0.39942
-6.5912
-28
-0.306892
-2.77179
0.583684
0.629101
1.0008
-12.6521
10.6286
-0.954635
4.34571
-0.942303
0.949415
0.445034
0.61713
-1.17138
2.06257
10.751
-6.33923
0.35175
0.854193
1.0581
-3.37593
-0.617361
-0.482048
5.96305
-0.229067
2.92123
-0.63616
3.64378
-1.35131
-6.27165
-0.0335344
-1.11128
-0.0937722
-2.67353
0.198718
-0.350824
5.02858
-0.959155
-0.529958
-0.0769165
-2.11934
-0.260335
-0.82619
1.26064
100.785
-0.0669083
1.01015
11.2136
-0.598835
4.96894
0.287622
-3.76407
1.10386
-2.4042
-0.168564
0.724869
15.434
0.555798
1.50896
-3.10997
0.946395
-0.170757
2.34334
0.630542
0.26104
-0.149624
1.57483
2.71693
8.69603
0.416341
-0.498887
0.574022
3.55614
5.48116
-0.817297
-3.09639
2.22159
0.634252
1.56163
18.6344
-2.34364
-1.06149
-0.480656
0.43413
2.31778
2.26533
4.04745
9.41699
-1.40396
-4.55174
0.932899
1.29183
-0.316097
-0.0204962
-4.41604
0.522045
2.22578
1.54219
0.0311037
-0.418797
-5.81513
1.51721
-0.757794
-0.0891514
0.756707
0.0356136
-0.475035
0.282407
-1.4197
1.85571
0.92666
-11.4542
3.39534
-2.2071
-1.34348
-0.339179
-0.6795
-0.909059
-1.00456
-20.7518
-2.92919
-1.69057
-0.179754
-11.256
0.0145872
-0.521275
-0.412298
-0.180655
-0.758979
-1.16049
5.16713
-0.0480792
23.5183
0.662752
0.220636
0.996813
0.595773
1.22343
-0.586669
-0.82883
-1.24724
0.175792
-1.20196
0.133835
-0.0106874
-0.691494
1.67154
-0.660672
1.61978
24.803
-0.00422241
0.739035
-0.0140018
-1.89201
-0.204478
-2.57651
-2.70625
1.56189
-0.0771044
0.563919
-0.537219
0.702295
0.0967084
0.700795
-1.21595
1.2884
0.362903
-0.494245
-1.233
0.903203
-0.0413257
0.626945
-0.199027
1.9597
-20.2776
1.36148
-0.107446
0.524018
0.0319921
0.607223
-0.975579
0.917971
-3.29808
1.874
-0.0483899
-0.544159
0.883211
-0.394764
34.2651
-1.24569
7.45527
-3.74911
0.913236
-0.649665
0.688108
1.98516
-3.20908
1.25295
-0.0988433
-4.29263
-0.299545
-1.86672
0.606295
1.19673
5.91921
-0.656747
1.05808
0.916518
-0.616753
0.625111
-0.21384
-1.70139
4.2229
-0.0424525
-0.172454
4.96229
0.356545
-36.6517
-1.60516
0.299418
1.5968
0.103254
-28.581
4.62363
-1.08008
0.653733
-7.96953
0.254792
3.0578
-2.47369
1.15871
0.0586938
0.227221
-1.01472
0.979652
1.10674
-40.6365
-0.768506
13.8151
0.3227
5.26782
-1.72889
1.00412
-0.160652
2.66106
0.525398
-0.0917099
-1.9418
5.52296
-0.0453989
-0.188725
-8.82335
-0.233926
-1.92072
0.30553
-0.197043
5.39132
-1.07791
1.00834
80.7261
-3.18597
-3.2729
3.24458
-5.96792
1.43672
1.71403
-1.43373
-1.52036
-3.31205
1.61697
-0.0364997
-0.774653
-0.300724
12.3191
6.26271
-1.07842
-0.265015
6.87886
1.28847
-0.261413
-0.0763927
0.820941
-0.194401
-1.29167
-0.739011
-73.198
0.945971
-1.86163
0.783892
-1.38245
-0.478819
0.933525
0.98755
0.435052
-0.642224
-2.20086
1.76669
1.36984
-0.332847
0.40154
0.656048
-8.01607
-5.53277
-0.433867
-0.655513
1.22307
-0.240028
0.253013
0.332099
1.23239
1.06267
0.67504
13.3807
-0.134834
-0.261241
-3.37148
-11.3601
-0.165724
-1.74682
-2.50443
1.30189
3.52974
-0.472775
-0.599272
-10.1294
-5.22607
-1.01931
0.00878773
3.54145
1.72659
-0.524696
-0.186252
-3.30151
-0.753438
1.8854
-0.339474
2.44566
-0.816348
-1.60761
-0.78708
-6.91638
-0.425015
2.62128
-4.27641
-0.17526
0.101775
3.25586
-0.770603
-9.88916
-0.76373
1.43244
-2.11189
0.100752
-2.88235
-0.828832
98.1223
-0.246813
1.1237
3.59253
-0.241221
0.47559
0.939008
2.6401
0.82957
3.35952
-0.153153
-6.38348
-0.410958
-0.561113
-0.532882
-1.35898
1.16186
0.417642
4.7509
-3.04039
1.36349
0.805117
0.965532
1.95343
-2.4635
7.31865
16.8193
-0.824432
2.83055
0.412928
-1.87671
0.625544
-26.792
1.45285
2.51702
-1.30185
0.940424
-1.23915
3.01204
0.0607724
1.21229
0.426612
20.7908
2.97425
0.333008
2.67347
1.32873
0.171322
0.722606
-1.54002
2.22106
-0.990257
0.527115
1.92361
-12.0655
1.72312
-5.13538
-0.648908
-0.506528
0.81291
2.29711
0.152975
0.559461
1.19871
1.37752
0.0350206
-0.922702
0.656755
0.0922066
0.720816
6.53334
-0.936512
0.371287
-0.243848
0.471985
1.01084
2.02633
-1.64186
0.405224
0.526578
0.353228
0.349196
-4.9887
-108.333
-2.45977
1.45808
-3.66492
0.163607
-0.813555
132.624
1.7314
-1.10267
2.18213
0.0301882
15.8055
-0.439181
0.0787595
-1.10899
-0.938016
-0.987386
-0.375396
-1.52386
-0.0393373
3.08668
-0.550061
-0.679891
-1.79351
-0.990165
1.34234
2.42399
-1.10263
4.07896
1.12582
1.70815
-286.357
-1.10445
0.644849
-0.492521
25.6976
-0.612218
0.358306
6.71291
-4.91
0.0249437
0.0426755
-2.07411
0.263411
0.106563
-2.02501
0.739275
0.418578
-0.421371
-0.255209
-0.17153
-0.467217
1.16537
-0.578244
1.11764
-0.142082
0.238216
-0.837977
0.428543
20.5105
-0.62404
-0.502657
0.776498
-0.171109
-14.1609
-0.505449
-0.781131
0.12872
-2.54105
1.86534
7.0718
5.30036
-1.51125
-1.48742
13.9375
1.01492
-0.326304
1.17626
1.68178
3.94028
-0.377717
-2.43618
-0.849491
13.7372
0.706994
0.586282
0.0934172
1.81794
-0.329901
-0.398402
-3.99055
-0.299288
-108.056
0.1153
3.59724
3.85554
-0.309718
-4.25511
11.39
-0.361912
-0.493871
0.109271
4.33821
-66.7097
-3.02039
-0.132684
1.07785
-3.1903
-1.71254
0.458126
2.80543
0.289094
2.02716
0.659713
-1.35846
2.24935
0.608524
0.729623
-0.0181101
0.204351
1.09545
-1.14267
-7.25236
0.100396
0.874796
-0.210924
0.286847
6.55137
-8.26133
3.38552
4.99458
0.636667
0.980794
-3.80136
5.20812
-10.4091
-6.00011
2.23656
-0.844052
0.396971
-0.231528
-1.19733
-0.55858
-0.688155
0.248524
-0.216837
-11.6515
-1.95437
1.74261
2.93353
0.093955
-3.64512
0.999848
2.3414
-0.340605
0.945381
1.64463
0.340002
-8.10417
0.19615
-29.081
1.32519
-2.84762
1.19345
0.177396
1.29628
-1.19984
-0.859862
0.290122
-1.09066
-0.915346
1.40757
-0.915675
-4.32779
0.493892
8.08302
-1.22664
-9.23901
0.0449406
6.04956
0.729463
10.312
-0.757418
-0.773317
1.37094
4.93119
2.19109
-1.6213
-0.630236
0.529787
-2.09679
4.57177
0.37266
-2.49401
1.10107
-5.04526
0.489453
-1.91016
-3.30714
-2.53702
5.5184
1.86585
-0.807449
1.53316
0.616732
0.439691
-0.804437
-1.69364
0.492569
0.374676
0.293243
1.05657
-0.462582
-0.885378
-2.55151
-1.33798
-0.399262
0.345619
-0.260439
-0.382624
-1.21463
-0.444696
8.71669
0.350124
0.588606
1.73271
0.821931
1.89417
-1.65175
-1.20718
-4.84156
-1.07389
2.61152
-0.933883
1.34518
6.95378
-1.20166
1.83988
-0.249566
4.81333
1.02089
-4.93518
0.857521
1.79735
0.52722
-2.28114
12.7549
-2.39072
0.829666
1.04605
0.339915
0.592917
-0.0547747
1.71451
2.32136
-0.537545
-0.594245
-2.38296
-1.83971
0.426595
1.75241
-1.16618
8.94678
-1.7126
-1.82997
0.0165206
1.08159
0.643089
0.669904
-0.876544
0.377411
-0.0678159
-0.400997
-21.0361
1.88447
1.76284
3.83114
-1.8162
16.4758
6.09693
1.33399
4.9195
-1.35117
0.582032
6.69539
-0.373997
-1.06051
-1.09199
3.80222
0.978219
-22.5057
0.33045
0.960913
-0.279042
-1.16695
0.651686
0.381807
-7.77728
-0.514665
31.7085
-1.95846
3.12252
-0.0389543
4.17726
-0.0149864
-1.9378
-0.739234
-0.295494
0.633198
0.640577
-5.44338
-0.380021
-0.557013
0.154577
-1.60904
0.666493
-3.73741
0.161416
-0.442456
6.62225
-1.05458
0.749021
0.423457
0.239641
4.39886
2.56109
0.39736
1.29346
-12.3466
1.99062
-2.62344
1.54915
-0.430724
-3.25891
-4.24483
0.142318
-0.0945029
0.512371
-1.41708
0.0817133
0.883314
-0.0684825
0.120725
-2.78431
0.402127
-8.91565
-0.238105
-0.626432
28.3983
0.25086
-3.33497
7.91352
0.0648336
9.39197
-0.936285
-0.429664
1.61824
-0.190143
0.653372
-0.750699
-4.55383
2.30947
1.04137
0.173295
19.6209
-0.0537243
-1.81364
-5.09081
0.15762
-1.09265
-2.00049
-2.64903
0.925013
4.27506
1.4956
-0.633786
0.802629
0.141397
26.203
-0.0798855
1.32871
-5.64514
-0.277346
0.954456
-0.398137
0.66518
3.48712
-1.69261
0.768722
-0.737629
-11.652
-0.428787
2.94838
2.45083
1.45444
1.00119
0.464236
-3.65369
1.21554
0.0952205
-0.0477753
-1.02031
-1.08306
0.0294826
1.3067
9.04749
-0.522521
-2.64496
-0.161514
-0.659804
0.975994
0.577841
-0.116309
-0.589181
-1.15593
1.71003
-0.572567
2.89764
0.138926
-0.827836
4.09429
-0.499331
-2.06595
18.5136
1.28183
-0.385363
1.43854
-0.401728
0.535314
-127.276
0.251646
0.246467
-93.7023
0.143629
0.233052
-0.339734
-1.99353
-0.720567
1.08486
-0.82539
4.26497
11.3739
0.15483
0.948854
-0.187088
-0.656469
-0.00350903
-0.607484
-1.0754
-0.0477054
0.17502
1.4757
0.94126
3.33465
0.00485885
-2.85789
-1.83151
0.365774
-1.19523
0.210649
-36.4427
-0.190308
-0.305999
0.892014
-0.372319
2.13398
1.36237
0.971943
1.56135
-1.13042
1.32632
-0.184829
-0.41262
0.282193
-1.66527
-1.5974
-5.4401
-1.25695
0.474758
-2.17327
-0.64349
-0.171647
2.37285
-0.543657
-0.278647
-2.14763
-0.355913
-0.937088
-2.31337
-2.76207
1.93413
2.86519
-2.60714
0.285607
0.77126
-0.959848
0.495088
-1.10559
3.46267
0.475332
0.28366
0.825315
0.51008
-0.232791
-1.45516
3.25654
0.0065938
0.44444
1.10536
-3.24264
-1.02001
-0.956286
-3.0548
2.30645
0.438216
1.13581
0.415682
-2.71149
-6.53918
-0.984172
-0.0219754
-0.0343357
-0.13724
0.6223
17.8699
-1.56443
2.0659
-0.329264
-0.132847
0.660003
-0.440907
-0.297827
-4.47294
-0.656259
0.450247
-0.35029
0.355228
-0.158246
5.45179
0.803594
0.87438
0.21582
-1.28946
1.2405
-6.69788
-0.318775
-0.959238
0.575112
-0.0149577
-5.33977
-1.34252
-1.98934
-0.867687
-0.380626
-3.35619
-0.950354
-2.24454
0.767175
0.618786
-0.208357
0.0613692
17.8957
0.940859
-1.26869
0.420392
-0.225521
-1.08898
0.655447
-0.111909
3.25338
-3.60097
-0.84227
0.979482
-1.11885
1.49473
-2.12754
-0.23403
0.0427845
1.44487
-0.604816
1.3788
2.03888
1.40402
0.955799
-3.00116
-0.855306
2.86958
1.80496
0.85184
0.380527
7.99926
-0.609661
-0.900647
-2.5614
13.5878
1.57509
0.678519
-2.71507
1.63675
-1.56988
-1.17851
-126.014
9.3057
-0.84413
0.996746
2.80321
-0.744228
-2.79441
0.78242
1.27003
-6.86184
0.883249
0.096845
0.317035
0.801374
0.942921
-2.2332
0.100378
1.57106
0.682542
1.63293
-2.09531
-4.12166
-0.990191
2.8271
0.739838
-0.0151433
0.957205
-0.493805
3.13769
1.33958
-0.224545
0.295716
-1.05814
3.56145
0.211513
2.82292
-1.42142
-0.420192
0.729726
0.186751
0.468913
-1.24434
0.866473
-2.54464
0.010095
-2.801
-2.27667
1.69679
0.215031
-3.24331
0.638482
-2.47388
1.41584
0.39472
-1.84288
-1.37657
8.7777
-0.142634
-0.426041
-0.69526
-0.659816
-3.80324
2.50018
0.83826
2.05145
-0.679633
-1.20629
-0.697667
5.27942
0.957973
3.0674
-1.81685
-1.77936
6.41292
12.1887
0.565835
0.221289
0.6318
0.689749
0.52215
-6.19236
-0.628611
-0.42307
3.95325
-0.669419
0.345157
-0.0622193
0.384922
-0.134053
0.62755
1.26726
-1.32172
1.80448
-1.89498
1.05238
-1.62143
0.458641
-2.06985
-0.22914
-1.6172
7.61552
-1.49368
-2.80939
1.51617
1.16718
-4.71473
1.06835
-0.769528
3.51943
0.17666
-1.00804
-0.592442
0.291444
2.7257
-0.608584
-0.555903
-0.594376
-0.129604
0.22776
-0.187065
-0.626969
-1.54329
-1.47614
5.71089
0.0854651
5.20553
43.4768
-0.129044
-6.45047
0.555987
0.0806317
-0.519063
1.12107
0.85515
2.3914
-1.48219
0.506521
-8.58985
-0.824787
-0.356286
-2.3378
0.0585351
1.93112
-0.674527
0.351714
-5.2666
0.0964496
1.38021
-0.0783896
6.922
0.0236406
-1.9226
1.28358
0.502455
1.41992
0.374951
-1.47958
-0.984496
0.490416
-3.65808
-0.787821
0.56731
-2.84072
1.75652
0.578262
15.1024
3.13718
0.325137
-1.01905
-5.43384
-0.625816
-1.71157
0.886616
-2.56055
-104.996
-1.89685
-0.9876
0.258071
-1.06912
-2.34327
-1.12744
1.03653
-1.51569
-1.12709
0.613062
10.6932
-3.72701
-0.152386
2.65533
0.751812
0.709021
0.0364262
2.7286
-3.28424
0.542982
-0.236588
-0.042987
-5.64135
-0.563132
-2.052
4.30931
0.304584
-0.641094
1.27787
-0.292522
9.59699
-0.741123
-1.89788
0.510626
-0.77926
-1.65101
-0.198198
-3.37151
-5.55261
-0.242859
0.477317
21.5166
6.24431
-1.54466
-5.36103
-1.664
-0.457864
-3.45429
-0.388757
-1.40557
-0.0623368
-3.59461
-0.303273
3.14133
-5.05753
13.9335
0.664476
-0.323049
1.05532
-0.793402
-8.32149
-1.48225
0.684461
1.25671
-0.416869
-2.54306
2.26188
-0.595135
-0.323838
-2.22625
0.214641
-3.4417
1.21459
1.28263
-1.33188
-1.09877
1.46449
0.172444
1.00229
0.514269
-0.032278
0.924633
0.450574
1.19303
-0.897101
2.58308
-4.02141
1.42439
-2.63158
0.616974
0.547366
0.108831
0.155873
-0.248995
-1.53311
0.440564
2.14059
-3.13837
-1.04798
-0.76731
-0.344256
3.81032
-1.50265
1.74959
-0.788492
-11.1673
0.0547133
0.0264659
4.31827
70.8715
12.6018
-3.20899
-2.86985
-0.417174
0.247817
-4.50674
-1.66487
-1.42698
3.04088
-4.54017
-0.967612
-0.12014
2.37874
-0.980634
-226.978
10.5448
0.132565
1.28006
0.927278
-0.129995
1.00827
0.474699
9.38464
0.102249
-0.229232
0.140652
1.26375
0.0687766
-1.74069
0.49629
-4.71207
-0.196423
-1.89812
-1.66984
0.670519
0.50994
-0.249085
0.573782
-0.341561
1.02694
1.30036
-4.79268
1.30009
-1.54805
4.10951
-5.33353
0.227489
1.32044
4.45495
-3.07208
3.21514
-3.34229
0.95719
-0.033789
-3.59269
-0.194703
-1.33559
2.14588
-0.190123
-1.89392
-0.55211
-6.69637
2.30986
5.12181
-2.82529
-1.17334
0.0901453
2.3115
0.133507
-0.12528
-0.0615632
0.891884
-0.936954
-0.629389
-5.40416
1.05361
-0.627339
-0.164599
-0.809944
1.26937
0.371628
0.441082
3.72321
-0.00708464
2.96493
-1.30351
2.82247
-1.79803
-4.35404
-0.432691
-0.217647
-63.6406
-3.10106
-0.0405946
1.05449
1.55347
1.22465
-0.144935
1.21274
-0.636613
0.861334
-6.96743
-0.772684
10.2937
-3.42636
5.1336
-1.96487
0.0129933
-1.31977
0.0800159
0.353086
-1.07594
-1.22429
-0.250502
-1.31074
-0.261097
0.405365
0.189263
2.49475
-3.19466
0.781155
-11.7489
4.14634
-0.282135
-0.549859
0.354493
0.712394
1.64211
-0.474237
0.592434
8.02713
-0.122862
1.21288
-0.734178
-1.33083
-1.17442
-2.76038
-0.0493268
-0.360963
1.80565
0.500546
3.42299
-1.10394
2.18656
0.78403
1.99721
-2.31789
-0.559207
4.96208
-0.044706
-2.99552
-0.152923
-0.379129
-1.27683
-2.59066
1.16289
-0.908738
1.80433
0.399746
-5.21091
-0.194938
-1.93151
0.221015
0.726147
4.78365
-3.05685
-0.592472
-4.62272
2.13735
-0.577825
-0.485115
-3.15818
0.888912
-0.794276
2.77839
-0.173982
-27.4416
-1.501
-0.531115
-0.790133
1.29811
-6.69947
-16.2977
2.43195
3.88755
2.71025
-0.504424
8.27807
1.8104
0.583047
-0.418593
-0.430899
0.46843
-0.827519
5.87098
-0.857247
-1.57213
2.75001
-2.48852
14.0106
0.399728
0.957654
0.00407166
2.51798
-0.0645473
-0.623792
1.72771
-0.381459
3.13945
-6.32905
1.46621
0.219843
1.52412
6.17947
-0.939616
-17.8892
-0.289819
-2.58828
-0.558761
-6.42123
-1.31538
0.510748
0.422167
3.78658
-1.52481
-0.943071
0.892306
-0.321305
-6.27856
0.0490086
-0.129697
-0.39428
-4.78178
0.167794
-0.0196174
1.03779
0.553799
0.694988
-0.759969
-0.11246
1.49491
0.730252
3.50496
0.721918
-0.477096
-0.282523
0.351106
-2.14983
-6.58007
0.353564
-2.09044
-2.1305
-0.337105
0.860186
-1.25343
0.972659
-0.453339
38.6401
-2.60041
-0.369777
0.259502
4.12048
-4.01161
12.7127
-0.523374
-2.7143
-0.361689
0.666459
0.39978
-0.093797
19.4416
-1.98944
0.0833159
-1.32824
-0.47608
1.58824
-0.690482
-0.51215
0.44763
-0.0926994
2.13743
2.19087
-12.3261
-0.183385
0.261586
0.0471948
-6.51326
0.590906
0.142577
-0.619281
2.75552
-0.913938
0.208982
-4.28307
0.661804
1.03491
-0.692359
1.45812
-0.659112
-2.14956
1.94087
1.85789
1.78232
2.17869
0.271885
-0.603947
2.76182
0.111548
-1.02871
1.15032
0.240859
2.52867
-0.292882
-0.329708
-0.182295
-1.57736
0.575045
-1.93141
-1.86085
3.22598
0.826193
-5.92736
-0.624218
-0.664924
1.2043
-0.873819
-1.34221
0.318715
-1.10669
0.922864
-4.44575
0.069597
0.306638
0.459888
-0.649172
0.571147
-1.50226
0.259148
-2.87706
-0.13753
-1.19998
1.03024
2.17366
-0.939079
-0.0781148
1.73359
0.979662
1.21405
-13.8584
-0.243646
-1.03292
0.539902
0.732535
0.371981
0.976898
0.0639804
-8.44948
1.12453
0.570021
0.281751
-1.11099
5.4455
0.50281
0.0941947
3.94886
0.0161394
-6.61084
-1.05321
-3.49028
-1.8307
-1.39273
0.302804
0.901106
0.511461
0.851318
4.31574
-1.44555
-1.85157
-1.25542
-0.16774
-0.499936
-0.0215209
-1.42133
8.45934
1.7518
0.548835
-0.377812
-0.422683
-5.74804
4.10795
0.0184919
0.307791
-0.720142
-2.09133
0.570794
-2.38373
1.65096
0.1346
-0.0945941
1.04787
-0.0457328
-0.291889
-3.51022
0.934956
2.7483
22.7148
0.721016
-1.14778
-0.119882
-2.59878
4.2302
1.01676
-0.672963
5.06423
0.370058
-5.40598
-1.55213
-3.99643
0.832657
0.0909848
-0.305997
0.273207
16.3043
0.181056
0.177354
-0.369258
-1.61198
-0.989921
1.13447
-0.591728
1.11032
-0.45409
4.75434
0.0158663
11.4684
1.2904
1.80459
-1.10571
-2.60208
1.55286
-11.1381
-3.95568
-0.376332
1.8223
-1.31056
-8.25726
1.81728
-2.43793
33.5025
-1.75606
-0.097175
1.95738
8.42978
-1.12947
-5.57155
1.07632
-0.121531
-0.69788
-1.14779
0.0711416
-0.396316
0.481422
0.498628
1.90113
1.32872
0.540872
0.630921
-4.81633
17.0655
-0.919473
-0.168444
1.87715
1.52148
-2.54847
-3.06544
-1.39986
-5.76591
0.0910583
-1.08723
-1.84724
-0.498706
1.43709
0.384775
-0.0914952
9.90362
-6.66012
0.317405
-0.397386
-8.18563
-0.575489
-1.11819
10.1886
-1.30436
-0.792139
-23.0485
1.56268
2.48746
0.112477
-1.64155
-0.0763134
-1258.52
0.351258
-3.11458
3.49852
0.446872
-3.14718
-1.38328
-0.634066
0.478921
-0.850293
0.106115
-0.761202
-8.87174
1.08028
0.266929
1.39154
4.25479
-1.4478
0.129234
-13.2542
0.0789442
-0.56736
-0.203504
0.439909
-0.82066
5.49079
-0.013751
-0.539199
-0.848694
2.66408
-2.1579
0.496788
-0.258505
0.219303
-0.653994
-49.6274
-11.7919
-0.231417
-7.27066
-0.723588
-6.87043
1.35235
-6.68284
0.971816
0.797292
-0.361029
-0.410931
-20.5553
1.50731
-3.77614
1.26902
0.275345
0.696685
0.00590887
4.86708
1.676
-1.33111
1.66525
-1.31286
-2.94374
0.245596
8.39348
1.2756
-1.64564
-3.37055
0.810028
49.8908
-1.08266
-0.970496
-0.588189
-0.291521
3.78252
1.8008
-0.724274
1.2789
-1.15026
-0.50124
0.669675
-0.0678563
2.2286
0.0924281
2.06321
2.91442
1.25222
0.113452
0.325831
-13.8871
1.03216
0.498664
-0.097721
-0.0424571
-3.20359
-0.0477226
-2.02225
1.27831
3.39784
0.421864
0.516981
-1.16021
-0.613545
1.79985
-0.879269
-8.56399
62.8744
-1.07428
-1.06572
0.066758
-1.24923
-0.0378069
-1.85215
-7.25429
2.21597
-12.6513
-8.24865
-0.122243
0.518601
1.71374
-1.19951
1.40771
-8.7506
-3.27164
0.160206
1.53675
0.996603
-0.737891
0.524407
-0.856628
-1.59412
0.83627
2.73833
0.262938
0.435973
4.13295
-0.0358829
0.0651709
0.423607
5.82565
2.96905
-0.0666281
-1.87015
-7.10104
2.64207
1.35203
-2.29271
0.000295138
3.68045
-1.04604
3.19771
-0.372453
27.1118
-0.755523
5.27856
0.37488
0.758182
-1.47444
-2.80526
1.39715
-1.39945
0.635962
1.86936
3.45857
-1.51784
-0.42758
-9.2088
1.44977
7.47043
0.979648
3.08457
-2.05533
1.38716
-0.373238
3.57905
10.5018
1.14531
-2.26774
-6.52615
-0.061732
-1.38389
5.93039
-0.142038
0.0868753
2.29689
0.213118
-3.60083
0.428978
-0.574249
6.2472
-5.54446
-3.98084
-0.095925
-2.19265
0.306486
-1.81512
-35.1217
-0.112627
-4.82424
1.83924
0.585599
-0.299593
0.420778
0.0538066
0.349155
0.252291
1.57159
-1.31226
-1.62699
8.15183
-0.275632
-310.541
0.722463
0.364048
-0.86699
-0.245359
-0.940594
0.0212776
0.471206
1.31159
-2.09197
0.153763
-0.0385866
0.441967
0.0513393
-0.499809
-1.05672
0.644102
-2.1164
-0.374703
0.279332
-16.6956
-3.9893
0.347264
-3.07321
-0.924871
2.94831
281.994
-1.78782
-3.41775
5.46634
20.6756
-0.343319
0.350375
-28.7368
0.934138
0.207987
2.16049
-0.660074
-1.53287
1.61911
-0.140968
-2.57084
-0.682921
0.690402
-0.634209
-2.79735
5.1555
0.299746
-3.87195
0.466216
-0.755513
-9.25367
-75.8477
-0.86528
0.421033
-0.345316
0.111827
0.608163
-0.628125
-1.01042
5.25884
0.358205
0.455526
-0.474373
8.50838
-0.159695
-0.201957
5.12822
0.699319
1.2544
-0.466307
0.320472
-0.495017
0.172193
0.887471
0.0631382
-1.04512
9.59614
0.569231
0.902858
-1.02228
2.07137
-1.17665
-0.197753
0.31587
7.70881
-0.0395223
0.482846
-4.39156
0.325119
-1.10488
3.86983
-2.4167
-9.71374
0.0927203
-0.712764
0.125043
-0.511455
0.0894854
0.426717
-4.5077
-0.154423
-1.71828
1.34782
1.53599
-4.85291
-1.05924
2.1644
-2.48217
1.17026
0.753599
-0.150917
-2.32446
-0.911437
-0.11696
0.338926
3.07215
-1.05166
-1.51355
1.23941
-0.83033
-3.65867
0.337168
0.405746
0.385093
0.545964
1.37448
4.12603
-4.30772
5.88402
-1.56397
0.415637
0.249129
0.720141
-12.0421
3.19929
10.4597
-0.191939
0.317979
-0.0438198
4.67369
0.806542
1.57735
-0.167236
-3.44907
-0.453945
-0.115369
0.423895
-1.35881
19.323
10.1832
-0.605406
1.02675
-1.17902
0.156333
0.00652065
-0.0717419
-0.392218
-27.4878
1.02823
4.12179
-0.22409
-0.351589
1.196
-2.95375
-0.237388
-1.39117
-0.753782
-7.54916
-0.457306
-1.46527
-0.0731587
0.103813
1.92507
0.00365974
0.465758
-2.06357
-0.636679
-0.337883
0.658246
0.211449
2.85158
-0.466623
-0.298227
0.128974
-0.159017
-5.71664
1.36642
1.31946
0.234904
0.686094
-1.42376
-1.09379
15.2796
-0.674243
0.939535
-0.53495
3.00362
8.47782
-0.110661
-7.37343
0.132601
0.432484
-10.2225
-0.915738
0.77587
-0.897503
-0.765294
3.08595
5.49447
-0.432629
-1.63988
-0.426756
-2.14004
-3.50163
1.2872
-0.684875
-9.27038
0.062725
-0.103932
0.172911
-0.921962
-6.3684
-0.222133
2.46769
-1.23109
0.869093
2.34651
-0.818663
6.64274
-2.32932
0.0475201
-0.0245758
-1049.76
-0.989289
-0.564826
0.00457896
-0.859178
0.724777
0.868639
-0.55878
0.531786
2.85715
17.079
1.87698
-0.0309588
4.73352
0.843374
0.42646
2.79491
-7.43932
-1.37511
-4.86316
0.0561653
-0.589281
-0.593962
-1.00084
80.1869
-1.5715
0.865467
-4.0705
-53.614
4.13491
-0.679734
1.55727
-0.263436
0.348151
-0.306876
1.18474
0.508559
-0.00944184
-0.3832
0.224436
-1.86641
-15.5491
2667.67
2.68408
-0.490267
-0.182119
-0.968577
-1.0288
0.711442
-4.67187
3.81386
-5.26971
-0.931536
0.0784291
-17.263
1.19421
-2.17279
-3.86049
0.129067
-0.279379
-0.15634
1.24952
1.36246
0.2604
-7.17091
-0.248754
0.204489
-0.369837
3.57279
0.188659
1.99705
-0.808295
-19.1488
-0.33152
1.15013
3.30942
0.00234316
-38.786
0.24295
-2.7986
-0.659686
0.683765
0.525428
-3.53777
0.580024
0.463043
-0.637175
-2.01479
0.197468
1.43023
8.10128
-0.802952
-2.58073
5.54594
-2.85158
-0.500866
-0.0519126
-1.22992
0.232275
-2.42838
0.135022
-0.93257
-0.428745
0.195933
-0.594958
-2.13302
-12.1457
3.45703
-0.572787
-3.87086
-0.0597792
0.794223
-3.29239
-1.29678
-3.36481
-0.31883
-0.0794415
0.683061
1.51836
0.828827
0.617752
-7.90214
-0.0457004
0.0421446
4.99806
3.19937
-0.675867
3.40873
-0.372439
-12.9
4.16873
-2.9823
0.661789
-6.75994
-7.73027
-1.78558
3.29312
-1.66109
0.334169
-10.1915
-1.32844
0.624665
1.22714
-0.687706
0.615081
-0.482262
0.0585535
0.447534
-7.19353
-8.71011
-0.973993
-1.29757
0.977603
-1.37916
-1.12577
-1.79266
-2.0524
-3.02505
0.127392
10.8247
0.140148
3.70882
-4.303
0.538319
-0.0249424
2.74997
-1.17423
-0.665198
0.40788
2.35358
38.8908
-0.876894
0.442491
72.9393
-2.80511
-0.895418
-0.570562
0.349445
-41.7135
77.8515
-2.35636
-0.675067
0.31676
0.456172
7.34606
-1.74228
1.3885
-3.21889
1.54042
-2.35764
-1.30281
0.38857
2.27938
0.260869
1.78954
1.84332
0.926076
-4.01423
-3.10538
-4.38191
-2.52984
2.04415
-2.16314
-0.597531
-0.00554121
-29.2604
-1.15742
0.242639
-0.0267158
0.383172
-0.465087
-1.95314
1.36932
-0.890385
3.5427
1.17943
-0.141271
-0.227771
-1.88046
-2.64369
-2.00628
0.270524
-10.883
-5.68564
-6.13719
-0.452889
1.38674
-5.2451
-1.39601
2.7025
0.725507
-3.45975
0.529352
0.829022
-0.443879
13.288
-1.44432
-76.1028
-0.99236
3.24835
-0.747841
-2.86235
9.6102
-3.57996
0.925524
-1.05392
-0.957793
-1.5095
4.8798
1.77678
-0.93792
-1.98384
0.142959
-0.40643
-1.86284
1.73942
0.936222
5.01587
-0.0217315
1.51883
-61.7809
-0.736745
-0.128366
0.961411
-1.07812
-0.542522
1.9932
-2.80244
1.28634
-0.331768
-0.512203
-0.307139
-0.321254
0.308674
-2.54929
1.67497
-2.51095
0.111157
0.161682
-2.36661
0.0906671
2.93026
0.289899
0.509199
0.537897
1.2706
0.168387
-0.721507
0.00671489
6.12602
-0.496545
-0.832314
-0.482228
14.8701
-1.00852
-15.9005
0.325861
-1.89774
1.01926
-2.59622
-2.14095
-1.8364
-0.11669
0.391637
0.224067
1.04709
-10.9932
1.29416
81.157
1.43859
0.388259
3.67403
0.938526
-0.861298
1.98589
-2.13392
-5.643
2.40125
-0.314506
-0.228829
0.118474
-0.934706
1.61569
3.11352
26.6865
36.9939
4.88718
0.250206
3.63834
-1.62136
-1.72242
-3.43825
-4.32363
-4.69524
-0.712452
-0.116299
-0.483958
0.92176
4.15002
6.21242
-0.50287
9.61775
1.73745
0.16946
-0.0265029
-4.61396
-2.35222
-0.575157
-16.1992
1.9566
-24.997
-0.214821
1.57269
13.7811
-1.5474
-0.162768
-0.591759
-3.44578
0.317195
-19.1959
1.24625
-2.03062
-2.07866
3.39114
-0.797742
-1.18286
-0.109639
0.130378
0.123893
-0.0264458
1.55006
1.41514
3.32212
0.135517
0.608538
0.564239
-0.163701
-0.938349
-0.204451
3.14366
0.244268
0.0884457
7.4328
-1.29735
-5.40444
0.875343
0.530116
-2.85497
-3.58841
0.810714
-1.93108
-0.670739
-2.92111
35.4223
-1.60022
0.278896
2.70598
-0.79773
-0.0901828
0.421857
-0.702228
1.80808
0.0842733
1.47113
-6.87859
-3.03757
1.39914
1.07423
0.352248
1.41817
1.02334
2.58878
4.58401
1.59333
2.98705
-0.049544
0.7841
-0.901369
0.747535
0.720963
2.4116
0.264537
-0.277771
-1.74364
-0.512365
-0.243632
-0.133688
0.0568449
-2.35133
5.53889
-0.795542
0.58711
-0.451155
0.976421
1.23762
-1.08198
-0.688969
5.01753
0.170854
2.40388
-0.189271
-0.654105
0.994638
-0.10201
-0.435217
-0.84581
-0.156464
-1.70526
-0.197997
-0.414203
30.7652
-3.06532
2.25003
-1.38481
1.60729
-4.12665
-3.6873
-0.0978908
0.0649197
-0.478705
0.883339
1.47333
-1.46876
19.3469
0.911404
-1.48343
0.3019
1.04508
0.0747965
1.05291
0.0550946
-0.583759
-0.0713855
0.176955
-0.725794
-0.678727
0.260805
-2.48185
1.12189
-2.13415
-158.608
-5.61574
-1.18625
0.240739
-1.84942
0.105058
-0.423853
-5.13343
-0.631249
0.498037
4.82042
0.607602
5.41458
1.57155
-0.849268
1.36675
-6.69336
-1.38101
-1.05907
96.8768
-1.87844
-0.25758
4.2088
-3.13096
-0.287322
1.13014
1.99621
2.54072
-2.59664
-0.925474
-3.00766
0.942657
-0.449833
-18.3158
0.66138
0.785476
6.36232
-8.97443
-19.5342
0.355267
1.10252
1.37318
-0.0440636
-0.330531
0.502461
-1.62623
-0.346938
1.28261
-2.14891
0.64612
8.38731
0.107403
0.193782
0.108621
1.35775
0.560454
0.870731
2.59122
0.861591
0.0292432
-1.75074
-0.124971
0.630145
1.32323
40.6635
-0.733728
-1.66331
-0.247574
-0.322278
0.863206
2.44337
0.70524
-1.52468
0.216449
-0.186174
0.524776
1.47466
1.54461
-0.540447
-11.8977
0.0370675
-0.979484
1.45009
-0.831993
-4.1353
-0.18925
1.40479
-12.0198
0.803318
0.0254152
1.1708
-0.954562
3.17992
-1.64328
1.64993
3.07207
0.152258
-1.16581
-1.29003
1.70055
1.02496
-0.672591
1.69694
-0.801135
0.175241
0.0372936
2.81487
-0.51
2.46894
2.66766
-0.00610232
1.63805
0.0497928
0.541506
-0.735498
-0.808143
0.519211
-0.176326
3.30433
0.283618
4.02123
2.43294
1.91207
-3.62013
50.5279
22.881
-1.51438
-3.39164
1.6059
-0.911546
-1.37018
2.02354
4.25773
0.0381204
-0.51117
-285.862
1.25979
1.02851
-6.25822
-1.30052
-0.316406
0.313751
-0.00394394
7.45505
-3.31251
-0.835148
-0.308356
2.3311
-1.08598
-0.0965274
-0.377024
1.97432
-0.336018
9.10812
-0.483472
0.114058
1.53621
5.96773
0.735084
-2.5645
3.3153
-1.46007
-0.290695
1.15211
0.147
0.656503
0.440177
0.759472
6.66942
1.80097
-0.0700017
-13.2605
0.109422
0.514026
-1.86787
-0.376696
5.62137
0.773445
-7.85597
7.92815
0.871392
0.0542565
2.77073
0.0631569
0.725609
-3.71613
0.893711
-3.47179
1.02279
-0.329919
-1.83612
0.709665
-2.90606
-0.784471
-1.74759
0.412231
-0.480131
0.142193
2.98558
-0.811269
-0.789727
0.810952
0.188848
1.52183
-0.795627
-0.252238
0.862909
-1.49699
0.0338565
-1.02801
1.36736
-34.4089
-0.186855
0.739847
0.52486
1.59574
-0.339938
0.10063
-2.60637
-1.67881
0.997748
-1.71969
-1.58242
0.0774414
-0.373064
-0.485692
-0.349338
-0.344193
1.43302
0.123266
0.538824
0.107208
-0.0549376
-0.997915
1.29231
-0.258188
19.0724
-0.441813
4.72752
0.175034
-0.0705027
0.32736
62.9427
0.155617
0.885901
2.08089
0.560214
0.466229
2.17883
-26.9141
-2.92146
-1.02065
1.09725
0.688999
-8.4402
2.09765
-62.6323
-0.381576
0.391158
0.221911
-1.16866
-0.829973
-17.2942
-4.60753
0.115323
-35.1599
-2.24794
-0.87278
0.821429
-3.17135
1.16836
0.0784204
0.29088
-0.00318794
-5.06615
-1.2219
-0.509812
0.574131
-7.52258
-1.24288
-1.28082
-0.239509
-24.7282
5.5971
-0.560326
-0.526561
-1.68518
0.16319
-3.18499
-5.34485
-0.395772
-0.21402
0.375812
-0.889812
-1.53676
-0.232775
0.903683
7.31179
2.4375
-0.382144
6.43668
-0.201591
-18.2064
2.66373
-2.45222
-0.367836
-0.389706
0.918602
-77.2843
-2.95004
-0.683719
1.56116
-2.58381
-2.27589
-41.6201
-3.0529
-0.646965
0.0185704
-0.541296
-1.42874
-2.89001
1.54266
0.516609
0.64142
0.819563
0.423421
6.41323
1.52538
0.531144
0.375209
-2.12648
0.859947
0.00959976
-1.51928
0.18575
-0.785835
-0.247424
-0.402411
-0.493439
-0.944429
-0.0121923
0.575435
-1.12649
0.809426
0.421808
-0.0744978
2.25638
0.399545
-2.50798
0.839873
0.920395
2.69162
-3.86879
0.179112
-0.250502
5.11304
0.666208
-0.433573
1.07603
1.6505
1.49382
-0.00947264
1.31363
-10.2492
-0.189238
-9.48383
2.34365
2.44331
2.08807
-0.243924
-2.15556
-3.3466
2.26011
-0.462267
1.93137
-0.0492193
-0.0455013
-0.208422
-0.641883
0.472263
11.7877
0.607722
0.0978454
-46.6532
0.592215
0.816557
0.212851
-0.458157
0.614155
-0.228815
0.497652
-0.323131
-1.93313
0.042153
-0.971664
-27.3746
0.335027
1.11725
0.980681
0.485232
-2.07831
-3.54736
0.291448
-0.168433
0.853517
0.606756
4.43878
83.0082
-3.98675
30.5509
0.778611
1.43173
-1.99238
3.10594
-75.9797
-0.448606
-0.21673
0.584377
-1.41385
2.04321
4.6327
-0.904399
59.1538
0.791067
0.697307
-2.65096
0.155817
0.185016
0.769936
0.290734
-1.18234
19.7227
-3.30255
-9.1321
0.917266
-1.70032
2.17498
-4.58388
2.19326
1.40389
-0.325259
2.21776
-0.965945
-1.72989
0.987579
0.421903
31.915
-1.02469
-5.38084
-0.792375
-1.24522
0.689205
-4.15198
-0.158964
-3.7997
-0.179925
0.503308
-0.654852
18.3481
-1.07278
7.87581
-3.43848
-3.39016
0.365585
-10.3065
-1.6503
2.06034
-0.803532
0.0854633
0.320824
-0.723927
0.952028
-1.61524
0.682171
-0.276639
-0.357215
1.54478
-0.765514
0.196409
-1.92117
1.67017
-0.410228
-1.05735
-1.24317
1.19711
-1.67825
-2.48718
-25.064
1.72975
3.82419
-0.230018
12.7627
0.796149
0.0349449
-23.8609
20.9603
-2.99173
5.46484
-0.296758
1.09021
4.85216
1.19958
1.95869
-0.531999
-0.334934
-2.06616
0.816338
-3.81653
2.82841
-0.466147
-0.271112
0.315492
-1.24393
-1.02549
-0.038505
-0.0114627
1.94517
1.78437
-1.60654
0.407991
0.415118
-1.47088
-1.9314
8.31731
0.482839
-3.74041
0.0621009
19.135
-2.41445
-0.424484
-0.243181
-0.375962
-12.1741
-0.345295
0.380765
-1.12618
-0.608339
-0.0417221
14.2536
-0.51406
-0.844346
2.12895
-1.88868
-0.724365
0.100185
-1.46976
-0.0191285
1.54734
-0.68477
10.6085
0.509684
0.226954
42.5242
-1.1421
0.297719
0.102037
-1.03194
0.109967
0.539672
-0.210535
-1.04798
0.57133
3.02691
6.69521
-0.485653
1.05103
2.67173
1.21645
0.0947194
1.54808
1.99483
2.91007
16.5008
1.87335
-0.544152
-0.0457347
-2.03733
-0.442578
-0.961654
0.57797
1.55269
7.46193
-0.588594
0.0971355
-0.840145
1.88011
0.700203
0.204363
0.483448
0.368141
0.429136
4.45201
-0.650706
2.84036
-19.8819
-0.317106
-0.137172
0.236576
4.24604
-2.5355
0.848459
1.8839
-2.36878
-0.390986
-3.69595
-26.3459
-0.109512
-2.39579
2.68936
-0.231165
0.760886
-0.21311
-0.971802
-1.50187
1.71789
-1.38253
0.374635
0.433214
0.267171
-0.231021
1.3623
-6.00395
3.84595
1.32975
-0.290779
-0.592201
-0.255456
-10.2112
-1.10514
7.05433
172.64
0.53622
-3.13985
-0.185549
1.46946
2.49949
-161.208
-0.715421
0.294317
-2.54081
3.93819
1.05822
0.200985
-2.55526
-0.406544
-1.14184
0.0457885
0.27259
35.7615
0.00316174
-0.307518
-0.157544
-0.43792
1.20266
-2.66842
-0.462997
-3.01611
2.02102
-1.75743
-0.230561
-0.131373
0.305418
3.45529
-6.23953
-0.994556
-0.425102
4.1382
1.87312
1.39023
-3.39024
-0.241001
-0.493779
1.68289
0.288753
-0.742887
-35.3957
-0.0305989
-4.32707
-0.0225774
-1.28578
-2.9115
5.40785
0.753295
3.04625
-0.39669
-9.63924
-3.54237
0.717145
1.30938
2.68997
0.113701
-0.0211542
-0.702003
-7.87642
3.67456
-1.57396
-2.52392
3.02862
-6.05209
0.460744
-1.96786
-0.731437
-8.07416
2.82782
0.361506
-0.382723
0.112426
0.525725
-0.360433
1.21193
-0.634549
0.0116093
0.00777644
1.67744
-1.45997
0.793338
-8.70505
-5.72222
4.8604
-4.2208
1.00798
23.3681
-0.608431
-2.26617
24.414
1.11378
2.27742
0.233312
-0.293063
-0.230721
7.44337
2.02855
39.1128
-0.365401
0.573652
-1.67643
1.18548
1.39223
1.87189
0.0565196
3.48607
27.2564
1.09364
0.543723
-0.136027
7.17176
6.92239
0.607526
0.84758
-1.42773
0.318862
4.76322
1.08307
-0.216652
0.774286
-0.232741
-10.562
-8.47491
-0.591701
-0.919246
-3.63427
0.967485
3.68352
-1.14358
-0.404658
-1.37201
3.13425
-2.29265
0.447378
0.854293
7.85455
4.30225
-0.657488
-0.1675
-0.0553087
-0.032197
-2.21901
2.79975
4.05673
1.76736
0.722063
1.95645
-0.777149
1.46011
-0.565832
-1.19527
-4.848
-8.60681
-4.12593
-0.72024
1.65207
-0.249145
-0.252477
4.06105
-8.40584
1.10787
-3.00282
0.884708
-0.235565
-1.56603
1.48329
0.38856
0.24857
0.662339
-1.70165
0.11947
0.97952
-2.01368
-0.0640166
0.839092
0.285465
2.45307
-2.01518
0.555649
-0.886327
0.145004
-0.0886353
1.9121
-0.564566
6.30287
-0.823955
3.13937
17.6241
-0.444643
-1.34077
-0.606105
0.247628
0.466654
0.145091
0.276206
3.50068
-0.979162
19.1216
-0.439632
0.716003
-2.69273
-1.00484
-0.82167
0.993647
2.74321
-0.933435
-5.00394
3.02571
1.36608
11.9644
-2.11117
0.0204446
1.85854
0.387051
0.047331
0.925721
26.3233
-0.709601
0.752083
-0.394785
0.0241961
-0.479308
0.542865
-0.0923307
15.0441
0.175077
0.696717
0.124723
1.47457
5.47936
-2.06211
-3.98484
0.0253772
-0.174949
3.77084
-2.86152
-1.03554
0.237545
-2.37747
18.447
0.797369
0.609503
-0.387071
0.0117112
-0.599766
-4.47684
-2.76208
-0.693404
3.67043
-1.5285
-0.922376
-1.86682
-2.06026
-2.07949
1.43251
-0.303331
0.809423
-0.919469
-0.734142
0.204768
0.077422
6.90244
-0.698963
-5.3613
-0.753357
-0.222061
3.71933
0.923298
1.45297
0.319313
-0.230172
1.63174
-0.132545
0.930329
9.41268
3.86756
-0.727456
-0.0985018
-3.26564
-0.72957
0.948322
-0.0431333
1.09667
-0.908128
1.58997
-1.06372
-8.80453
-0.721569
1.17037
2.67776
0.451905
-0.162795
-0.0119912
-8.35162
-1.59928
-0.304231
-0.133334
-0.478674
-0.438323
-0.0807844
5.99187
-0.650952
6.46733
1.08076
0.804443
-1.31121
2.2928
-5.93469
-1.58027
-3.65367
4.19923
-2.35447
2.36677
-2.12879
0.466166
0.375213
5.14981
1.01123
-0.186625
-0.552637
-1.16493
-1.80835
1.55807
0.502184
-1.06388
-0.0886964
-0.398612
-7.18903
4.17592
-67.1373
5.18752
-1.26238
1.73219
0.863597
1.03825
17.5204
0.464608
5.87819
1.43572
0.647384
-0.838603
3.71015
-0.728433
-21.7243
-1.63393
-1.22005
-0.27872
0.703259
-0.893389
-0.169569
-0.519665
1.81192
0.120414
-0.881998
-1.21049
0.198598
-1.73051
1.392
0.520071
2.50624
6.46088
1.05842
0.258654
0.470229
-2.32417
2.8304
-25.049
2.61399
7.5789
-0.735488
12.617
0.151322
0.983215
-0.178891
0.946723
4.88844
5.42859
-23.3962
-2.25079
-0.941885
0.494897
-10.4141
0.757332
0.643161
-0.0245764
-2.08736
-1.11005
2.34329
0.283411
2.76522
1.0061
-1.523
-0.277908
-0.242601
0.0557114
5.5489
-67.6611
-0.429146
-1.47604
-1.08931
0.476767
-0.747465
1.71177
-0.164992
0.131156
-0.16231
-2.81783
-0.482038
0.281962
-0.552423
2.78257
-1.20717
0.272323
8.57943
-1.35226
-0.361526
-0.298118
3.11559
-3.8021
3.65032
0.11295
-17.7851
-1.36168
2.09083
0.89191
-2.21537
0.5189
-17.89
16.4609
-0.475836
0.0801548
4.31806
2.4216
-0.699883
-1.7906
-2.64211
0.443196
-0.149552
-1.08014
-3.0853
0.0115409
6.64539
0.196062
-3.0243
1.85559
-0.587738
2.26145
2.14496
-0.594011
-8.69482
0.362498
0.528098
-0.537298
1.6872
1.00919
-2.88304
-1.448
0.66276
-0.732636
6.10689
0.649798
1.07948
0.851543
-0.304416
1.70469
0.744395
-0.724758
0.0603414
-0.684989
2.25294
1.1186
0.323201
-0.916163
-1.6708
-0.73802
-0.293398
-1.53245
1.34881
-0.218506
-0.159183
-3.17845
33.2087
0.202637
0.178731
0.191672
-28.6614
-2.31773
-1.73106
1.8444
2.39999
0.142154
1.82556
-0.284729
11.8518
1.46103
0.0236925
-0.333435
-7.98911
-2.10855
0.022805
1.11232
-0.805744
-1.63255
0.164671
0.987508
1.00676
1.0422
1.25824
1.56702
4.03782
-7.00474
-0.459192
-3.78172
0.423666
0.0205325
0.276112
0.854038
351.921
-2.09416
1.37104
-0.993776
0.525826
2.38419
1.39295
0.149359
-1.84767
-0.271077
0.341905
-6.00108
-8.21112
-1.10904
22.0534
-0.461935
-8.49906
1.45314
-1.8621
-0.595641
-0.522329
-0.746531
-14.3436
1.29031
-0.110178
1.71265
