-2.38305
0.0440884
-0.571513
0.81882
0.00895196
2.18614
-0.388132
-0.865691
-0.0937914
-0.0981728
0.550533
-0.316446
0.480095
9.17955
-5.97529
-0.433575
-1.02003
0.383497
0.151329
0.116026
0.150292
-0.120189
-4.71682
3.88841
-0.687529
7.8964
-0.664352
0.479524
-1.03187
3.89852
0.426469
-1.04228
-0.0699819
-0.750416
-31.1975
1.28699
0.593553
1.49117
1.59074
0.396437
-0.236396
-3.31771
-0.157765
-0.840632
0.141264
4.10932
0.647502
-15.4927
0.698889
0.604783
1.49906
-0.308884
-0.914324
5.19948
-0.29951
-2.09587
0.246607
-0.970797
0.607182
35.2743
-0.266795
0.475076
-1.85737
-0.0843743
-2.21683
0.278621
-2.55808
-9.67695
6.67536
1.90158
-0.133025
-2.95957
1.83728
1.30392
-0.703394
2.82003
-0.529028
-0.921372
0.141311
3.7401
0.648289
-0.0226871
-0.305254
-0.785649
-0.442614
4.02285
-0.786494
3.01234
3.68936
1.36344
-20.126
0.411379
-27.1266
-0.0132613
-5.37352
-0.297044
0.280256
6.60891
0.953413
-3.18308
-0.494867
0.287571
0.593839
-0.130192
1.0535
-0.0669044
-0.897813
16.2809
0.557625
3.8631
-0.497897
-0.832554
-1.10561
-0.251903
-0.801458
4.01235
-2.02896
-5.64751
2.49879
0.655297
-0.864755
0.0961959
-1.35293
-191.496
-2.96544
2.44209
0.776566
-0.0973813
2.37703
-1.85366
0.416127
2.22848
-3.92437
-590.47
-1.21367
-0.312941
2.11616
-2.89735
-1.20844
-2.43342
-0.828528
-27.1264
0.560764
-0.0355364
0.470471
3.30037
-0.912452
-1.39602
1.54508
1.26649
-0.44471
-0.290224
1.17734
0.714112
-1.90913
-0.305114
0.029045
0.10066
0.936367
10.1718
2.73188
0.969893
0.334021
-1.25513
0.724383
0.580084
-3.26764
-73.7992
0.331267
-0.390759
-0.335477
-0.201092
-0.205178
177.022
-0.443695
0.300779
-0.0620022
0.908545
1.60969
-2.34411
-0.275065
-0.676664
-0.339478
0.295742
1.07321
0.283273
0.224548
6.46841
2.83412
1.17594
0.615318
0.544524
-2.78689
0.656493
6.10806
1.97213
-1.35717
770.113
0.220259
-1.26147
-198.446
0.915861
2.3578
0.464567
-0.573073
-2.81689
-1.11732
-106.211
1.82683
7.18297
-0.508088
1.77038
-1.29527
1.31192
0.386073
10.3509
0.0180508
0.0556456
-0.203753
1.93428
-1.08105
-3.40909
2.234
0.139582
-0.26114
-0.480467
-1.16668
0.137552
-5.06694
0.0274824
-0.416279
-6.42099
0.88884
-1.43002
-0.0702347
-0.497701
-1.94636
-0.335422
4.35959
239.652
0.967869
0.930919
0.144789
0.406581
2.24671
0.342061
1.30519
-1.50028
-1.11626
-1.31324
0.70901
89.6392
3.25795
2.80664
-0.943277
-0.370006
-1.35957
0.36849
1.74711
-0.0707283
-0.028961
0.304192
0.706443
-0.0336896
-2.00273
0.375831
0.684315
1.71111
0.259985
0.0158803
-4.3074
-3.47137
3.82674
0.0127621
0.51669
3.80966
0.361461
0.159768
-0.119143
1.78723
21.508
1.64327
3.77976
-0.200721
0.300533
-2.12924
-1.03614
-3.33176
1.78136
25.07
-6.72246
-0.561496
-0.36399
0.429699
-0.070668
4.55574
-0.538399
0.404971
0.278505
0.315715
0.201966
2.55557
-0.383848
-1.48729
-0.450737
-0.485494
0.553477
-0.289333
-1.82445
1.0335
-1.14607
0.57996
1.2873
-1.30096
-0.678206
6.69175
0.17012
-4.98425
-1.33927
-0.0440292
-0.683938
0.934389
0.653866
-0.119302
-29.9324
0.557992
6.96888
-0.0789502
-0.0809223
12.9389
-1.95265
1.10555
2.39348
-0.839707
0.337435
0.51324
8.82888
3.11673
0.0651471
-1.58555
-7.09972
-2.00424
1.32372
0.573187
-0.164539
0.226625
-5.70675
2.43824
1.62946
0.345545
-0.172454
-10.8549
-1.2225
1.13899
-0.576901
0.0524687
3.39153
-2.07469
1.85606
-4.23474
-1.7305
-3.56385
-4.21639
-4.62735
-1.34199
-0.79816
-0.480189
1.70853
-0.317447
0.59916
1.38756
-1.24577
-0.270242
-1.97761
0.429163
-0.0872382
-3.6248
-3.11154
-0.00321567
2.33222
0.364258
-11.6191
-7.80213
5.44996
-1.56432
-0.633884
9.06289
-0.488994
-1.50509
-1.52682
-3.152
-1.4592
0.29591
0.26505
-0.41776
-0.251165
0.197213
3.19829
3.00875
-0.00833273
-21.1266
-0.0820828
-0.560615
-0.696013
1.65688
7.23706
-0.00869435
-1.7727
0.457292
-0.142717
-0.213506
-0.274312
0.878217
0.273406
0.777854
5.11951
-1.86957
-0.822305
2.06167
-5.85867
1.41953
1.90786
-0.498059
-5.57732
1.53571
-0.835105
0.28032
-1.69641
1.25914
0.0667937
1.93202
-0.0745328
37.8012
3.05831
-0.216434
-2.90497
0.0770894
-0.0577207
3.58432
-0.139322
-0.512603
-0.100256
1.53621
-0.556036
-2.50176
0.367249
0.720599
-0.740963
-0.6048
2.4183
0.426129
-0.0503139
1.31842
1.92469
21.3467
0.458905
-1.68198
17.1064
-0.11609
0.429201
3.71741
2.31283
-0.0941776
0.585122
0.408065
-0.141886
-0.866534
-0.787171
1.9289
-2.12485
-0.158072
1.10014
1.34083
5.0235
2.15687
-2.05237
-0.181136
-0.280114
-1.82024
4.7225
0.676056
-1.39902
1.65667
-1.27418
0.860017
5.20402
0.294349
1.05545
-0.119325
0.482525
1.49462
-1.69736
0.109401
-0.273281
0.0928036
-6.6053
-2.7523
0.847371
-0.579171
0.620515
1.29303
1.68635
-3.67801
3.76235
-1.49017
-1.03478
0.333151
-2.32116
-2.04096
-1.79928
1.46528
0.297824
-1.5937
-0.204466
-1.24917
4.9775
0.434954
-1.72767
-0.479804
-3.4453
3.99424
0.275015
-54.7851
-0.308067
0.412651
-0.0520771
0.888305
-2.44498
-0.474855
8.03334
1.35324
-0.825768
-0.804092
3.30251
1.01362
1.81693
0.169886
0.842055
1.31077
0.931491
-3.12997
-0.54111
1.09942
-2.12039
-3.36116
-0.645006
-1.87244
-3.19922
0.418646
0.309924
1.18868
0.513173
-4.8262
-2.27188
0.42526
-2.15526
-7.26507
0.422434
-0.281625
-3.47131
2.85774
-0.298187
2.15532
0.460994
1.03747
-0.164308
0.0625505
1.37952
0.846754
-4.62284
0.747688
1.2166
0.381244
-41.437
-0.994808
-12.2639
1.13371
-0.924676
4.3463
-4.64809
-0.178665
1.22661
-2.49874
-1.66811
2.4922
0.28851
0.683677
0.791862
0.00585103
-0.35115
0.450523
0.627482
0.121276
0.210023
2.07477
2.52707
1.4412
0.464005
0.46017
0.0429528
-2.25337
8.78412
-0.215327
3.62682
-8.52762
-104.64
0.975228
0.906633
7.06325
11.0835
-1.57918
0.0646381
-1.05181
0.554057
-5.41155
-2.26624
-1.7581
-0.278308
10.5466
-0.220036
-0.598725
-0.0382102
-2.59511
0.0625145
0.986082
-2.10438
27.7426
-3.07039
3.72583
-1.1635
-0.160764
6.81486
-2.00513
0.92555
-0.175738
2.21781
1.56487
0.595502
-2.19638
-0.0183019
2.9476
7.61834
0.969202
-2.47411
1.89619
0.331746
0.527049
-5.0145
-0.926959
0.24868
-0.182076
6.22629
-0.0905555
3.2538
0.22518
-0.193936
-5.92355
-4.79035
-0.602053
0.442936
1.04224
-0.958608
1.7783
1.75172
-0.94205
-6.18354
-2.21963
-1.52492
-0.76516
-7.56995
0.293733
0.0809036
-17.8552
1.15541
0.660277
61.5205
5.12857
-2.71766
0.69691
-0.262986
-1.65962
0.163922
0.409436
-1.95702
0.297289
0.561506
277.047
0.109709
0.273509
0.122437
1.02269
-3.94575
1.14652
-0.278074
-11.5732
-4.48605
-4.89145
0.473524
-0.476466
7.5816
1.83469
1.44782
5.6467
0.2457
0.388774
0.380009
0.185998
-0.86418
-0.140108
-0.857981
0.686847
1.98182
7.48185
-1.15186
-0.855699
3.63437
2.48731
1.56419
-1.35104
-0.0502305
0.432828
1.33531
1.69857
-0.853097
-0.537666
-1.08843
2.02003
-1.93971
-10.8267
0.422549
-85.2302
1.42088
-0.431461
1.10235
-1.73846
0.223321
-0.383738
0.449472
-6.1021
23.0881
1.75717
1.56622
1.50553
-75.8975
-1.06816
-1.75516
2.69978
-0.50877
-9.52156
0.72494
-1.23705
-18.743
0.11234
49.3604
1.3148
0.770634
4.82731
0.697498
0.291055
0.736478
0.259986
0.678493
-0.350578
0.730106
1.8889
0.0213358
0.814369
6.98797
0.444518
1.08753
-0.721674
2.51072
0.405304
1.5706
-2.92473
-3.11149
-1.31536
0.489532
-1.37808
-1.15275
0.549181
-0.303806
4.30998
3.00195
0.286772
-16.4383
1.10352
-2.71907
0.431593
0.941334
4.34521
0.677975
-1.89525
-4.42445
0.276389
-0.609929
-0.178697
-0.347033
1.24769
0.575114
-35.3683
2.65783
-0.476589
-2.10794
-0.74548
2.92559
1.09528
-2.40086
2.2735
0.416143
0.343673
-2.87487
1.133
-1.19894
-0.0502891
1.31695
-0.875315
-0.520832
-1.57706
5.40534
-1.41217
0.575801
0.0143339
0.160769
0.853945
-0.833035
-0.220566
-5.27711
-0.304876
-0.120593
-0.421885
0.405492
-17.7619
-0.336019
0.0650246
1.32993
4.2463
-1.75259
-1.64753
0.125231
-1.97663
-0.122923
-0.481192
0.531757
0.0971204
-1.61037
-0.0278143
-13.9874
0.288879
-0.73271
0.327428
-0.97469
-1.0747
0.17933
2.9234
-0.856782
0.620326
-0.233493
-6.31832
-0.966286
1.34407
0.124322
3.66805
0.659199
-0.658584
-12.828
-10.4436
-1.24602
-9.50001
-1.18664
0.305543
2.68904
-0.81338
-10.8743
-0.590178
0.284219
2.01466
0.12926
0.281892
-0.619311
0.757274
0.760079
-0.0667639
0.343045
0.822469
0.725529
-0.833017
2.55391
0.399681
23.9432
-4.42533
-0.391805
0.483811
-0.705725
-0.0395679
-12.7056
-1.78089
-20.4296
-0.526799
-0.863985
1.48006
1.46338
0.88023
-0.603617
-0.929844
-0.682913
0.498412
0.813883
-21.1417
-0.500032
11.5437
1.68136
-0.554545
0.154665
1.14802
2.76497
0.265154
0.161613
-1.41418
2.88021
1.19456
1.52091
0.38107
-2.30448
-0.4768
-5.81398
1.155
-1.30817
1.72732
-8.06764
-0.573806
-0.902471
-2.79753
-2.99095
-1.47454
-0.821326
0.294021
8.09202
0.924459
-3.29705
-0.441141
3.73423
-1.14934
-1.21121
3.99934
0.416026
-126.703
0.760145
4.22671
-232.004
0.466705
0.722066
0.593321
12.2023
-2.54398
-0.337932
-3.26896
-1.39723
-4.92348
3.76992
1.70668
3.58766
-22.0164
0.674257
-0.901253
0.325052
-2.05786
0.237413
0.179038
0.302825
1.38367
-0.11231
-1.07747
-2.69105
-6.36946
-15.373
-3.10723
3.39051
-0.796799
1.38542
0.252953
-3.78356
-1.96349
-0.221527
-1.52782
-7.47728
0.314419
-1.06847
0.669994
-0.0322037
-0.0285584
0.223857
1.29251
1.50967
-25.5105
30.9071
-2.2814
-1.25201
230.464
2.18906
-0.0177444
-0.459593
-0.0370375
-7.43388
6.40692
0.220838
-4.01896
-1.04601
-0.812127
-1.74888
39.5693
0.217672
6.85641
-19.459
-3.27353
-1.42478
-1.02586
0.771529
2.70274
41.7153
-1.79409
-7.40955
-0.00228497
-5.34563
3.2463
-0.385555
-0.729405
0.235075
-1.16232
0.388967
0.154229
0.828921
1.95414
-1.46408
-0.341524
3.05898
-1.32474
0.354833
-0.636059
0.0607454
9.92339
0.802322
-0.846271
2.39953
2.97891
-0.26846
3.55178
-0.957812
0.391811
0.402762
3.2555
-1.10287
6.51285
-8.79704
-5.06428
9.10778
-2.57272
-0.392237
3.35531
-2.78467
-0.150648
-10.007
-1.50924
2.208
7.74007
-1.67327
-1.4708
0.935279
2.50908
2.52747
0.416953
-5.79442
-0.428544
-5.31021
1.23074
1.68146
1.0767
-0.835195
0.427704
0.183803
0.649028
-1.74624
0.706214
-0.102477
-0.56838
0.419615
-1.30234
1.20024
-1.59715
1.04725
1.06987
-0.0471563
1.55233
-1.10833
-0.707524
-0.662221
0.152167
0.0579657
-1.7482
0.633771
12.3808
-2.5818
0.70044
-1.90606
0.283813
0.329623
0.260439
2.36926
2.15118
-2.39024
-0.55162
0.854053
-5.88743
0.126026
-0.441143
1.34522
40.114
-0.0248539
-2.81684
2.76722
-1.91521
-0.841358
-0.4461
0.684528
-1.66531
0.552982
0.0631516
-2.44346
-0.753692
0.0320155
0.0424575
-2.38913
2.78154
0.0489666
3.224
1.91427
-1.132
0.142471
0.115876
-13.1846
-1.47373
0.41441
-0.195548
-5.21301
-3.98374
-1.33915
0.357046
0.488947
-0.490334
1.71123
36.5636
-1.62821
-7.71817
-1.86061
0.0303606
-5.47152
-4.83691
0.963398
-0.29242
0.54508
7.84002
-0.587842
-6.25109
0.902469
-16.2708
-3.35561
-0.601221
-0.354519
0.392451
-0.288065
0.753363
-0.0909446
0.118206
1.73592
-1.14421
0.8845
-0.291992
0.854541
0.557323
0.693054
-0.358419
-2.39054
-0.207121
1.5812
0.308279
-0.18241
2.61727
0.40851
0.830508
-3.02879
2.94326
1.78661
-0.0322277
-0.626496
1.08049
-0.323194
16.9816
-2.98987
-0.512907
0.969647
-1.07106
0.0146524
-0.299882
-2.89678
1.56794
-1.75811
1.43126
-68.3093
-3.44975
-1.204
-1.47233
5.70964
0.215043
-0.133578
2.32489
0.17991
0.00267052
-35.4805
-2.99083
0.0117596
37.0202
1.3591
-0.515123
-0.123552
6.82321
1.22815
0.131073
-4.60307
0.433082
-3.45861
0.905744
0.494613
2.62838
10.3203
0.151712
-5.29212
1.34579
-0.375293
-3.14289
1.38516
-0.62389
0.208832
2.56587
0.632984
0.923635
0.767264
-1.1293
-5.80288
-0.590806
0.0039018
3.30513
2.85345
-0.97205
-1.1449
-0.975871
17.177
-1.37217
-0.493516
0.965563
3.28394
0.0806245
-0.769369
3.15731
1.27386
0.522981
0.0308327
0.0988444
6.06085
-5.28369
-9.76757
-0.270652
0.606678
14.79
1.81592
2.44869
-1.20385
-3.58584
-0.340841
-0.198286
-2.24198
-1.0637
1.83883
0.114256
1.31127
-2.487
0.622078
0.868681
-0.354202
3.35968
0.673424
-1.0247
0.0040569
0.163401
-1.7417
0.469336
-0.0296373
0.000443211
-0.587097
-0.0365665
-16.0949
1.56598
-1.32288
-0.862055
0.355596
1.42495
1.75469
3.06375
0.0126086
-0.685633
0.367788
-0.761667
-2.09558
24.8641
0.400026
0.475957
2.54032
-0.202842
-12.1053
-0.624071
-0.45379
0.331165
15.2564
0.833972
-0.355731
2.74985
0.74178
0.273475
3.77694
0.579907
178.265
5.64007
-0.514781
-1.08419
-3.32553
1.09272
0.544403
0.480319
-0.563097
-5.13261
0.941726
-1.56305
0.826643
-2.20168
5.71423
-0.473163
-1.50896
-0.245778
0.232068
1.0747
29.8537
0.91203
-0.592046
-1.15406
-2.20015
0.626692
-0.284192
1.01392
0.965485
-0.235459
-0.0291395
-0.582066
0.886106
-2.04874
-1.65312
0.500099
-9.10157
0.944331
0.601816
-0.130681
2.20052
0.79397
1.94261
1.63493
-4.98913
12.7181
1.17985
-1.70922
0.567143
2.9301
-0.356395
3.21015
-0.909928
3.53562
-0.0188817
-0.509427
1.54651
0.093696
-10.6473
0.0354004
0.271597
0.810187
-0.23743
-3.39901
-4.55774
-0.0107262
-0.385122
1.49797
-0.607297
-3.4276
15.6176
-0.780354
2.51211
2.23122
-1.9167
1.61815
-2.05121
-2.05863
0.524834
-1.08047
-2.02459
0.313052
1.54615
-1.08855
0.758607
-0.497164
-0.153985
-0.536506
-0.376942
0.0255467
-3.68631
-0.891329
-1.92673
0.23848
0.230688
-0.493017
-0.254624
-0.0490491
0.212851
1.43645
-0.673001
9.17338
-0.819124
-2.76252
-4.11548
0.646963
0.150492
0.56994
3.40825
-0.762024
1.66957
0.15851
16.7682
0.446972
-1.519
-0.489917
-0.14473
-0.909208
-0.640289
-0.194728
-12.7982
12.8072
0.984356
1.35071
1.17906
1.60297
-0.18504
1.21553
1.49887
-6.0848
-1.23479
1.00291
-0.702159
4.32528
-0.335852
-0.505419
-0.543079
-0.364587
2.42632
-3.69362
1.13598
0.0192645
4.95949
-1.36253
-0.464285
7.11569
-3.57633
0.478909
-0.309209
-4.60199
-3.20047
-8.92124
-5.66264
-2.33388
-0.917985
4.26211
-0.503467
0.835677
0.298117
2.39118
-0.10612
2.68771
0.750712
2.12547
-0.185897
0.605666
0.276452
-0.78995
-0.15439
-0.37414
0.678103
2.20693
0.637435
1.44839
-2.10825
1.04934
1.84491
0.32894
-2.44364
1.85384
172.873
-0.31373
1.13287
-1343.6
1.35081
1.41224
1.90842
2.21173
2.24176
1.08759
-0.728052
0.636632
-2.43387
5.49985
1.85182
13.7889
-9.36647
12.9105
-2.62931
-2.12743
-2.94882
2.12182
6.00575
2.11009
-0.457284
-0.347401
0.785789
-0.218912
-1.17925
-7.03172
-1.94212
-1.26697
-0.555862
6.81256
0.163658
20.4806
-0.758196
21.7938
-3.96857
0.317178
0.654921
1.26318
-3.45833
-0.849984
-9.10762
1.44984
-2.43196
0.24702
-1.61464
0.376928
3.20285
23.7772
-0.186322
-0.105948
1.52381
0.223885
0.0210902
-5.93882
3.29913
-4.64954
0.399166
-2.06977
-1.73063
0.333011
1.64754
0.279388
0.185391
-2.16603
0.570925
-1.32897
-0.526326
1.10483
1.77568
-3.43356
2.24959
3.04631
0.485949
0.768905
1.01806
0.221599
-2.18184
-0.701548
1.76496
0.829121
0.938702
1.9633
0.176924
0.131951
0.399704
2.53365
-0.526295
0.492167
-0.93427
3.4805
0.212211
0.200138
-0.974491
1.9441
-0.34987
3.27556
-0.373032
3.52225
-6.17457
0.752336
0.390024
-11.7448
-0.369048
0.64214
0.502524
0.171602
-1.33739
0.49226
-0.662173
3.90897
3.40459
-2.16886
30.1566
0.0949341
-0.251422
0.527504
9.42657
34.8925
3.26996
0.542602
-4.18269
-0.0396073
0.0801979
1.25469
-0.24679
-0.57746
4.73552
-1.19909
2.48141
1.622
0.397496
-1.04353
0.122324
8.00149
1.67025
-0.87717
-0.00711468
-0.389775
-2.24328
-0.706786
2.37934
6.30368
2.55191
0.951026
-0.863523
3.20328
0.97509
0.903948
-3.71289
0.0410602
6.54533
2.33178
0.335889
-0.206197
-1.92013
-1.70974
-0.849656
-0.600143
1.36303
-0.404133
0.916541
3.18462
-3.86875
1.75166
1.51858
1.30492
0.622456
-0.301149
48.6296
-0.669699
0.48835
-0.0420944
-1.96882
2.05273
-0.43932
0.0273442
0.104979
0.158239
-1.34939
-12.2433
5.80467
0.457359
35.5027
1.77415
-1.30314
2.36266
-0.156748
2.22298
-1.13662
0.0284032
1.63715
-0.0345397
-1.1047
0.0919821
-2.18556
0.655558
-0.822599
-3.3098
1.5911
0.694129
-0.0979861
0.53342
0.70315
-5.75427
0.289768
-3.3971
-3.74803
-1.48395
0.0905672
-1.02024
0.717023
-2.51462
-1.45371
1.10457
0.22199
-2.77043
4.92664
5.35383
-2.4815
-15.7491
0.123208
-0.335738
1.17396
-1.6504
-0.611869
-0.586613
0.116639
0.235876
3.03268
-0.514569
3.73563
-3.83535
-0.535945
-0.0935781
-0.206466
-1.55537
1.06007
-3.16727
-3.75452
-0.332562
51.1143
-0.286163
0.296512
-4.69621
0.151806
38.3199
-19.9757
2.31802
-0.244572
-1.70459
1.36647
-0.61067
-0.870365
-0.476313
-0.5013
0.32324
-5.03787
-0.350278
-4.17689
-0.289592
-0.522111
-2.22279
0.396983
0.175054
2.63111
4.69973
6.20195
-0.736254
-0.818752
1.9655
-1.15903
-0.953849
0.616868
-1.15575
0.986134
0.301888
-5.68539
1.22268
-0.357074
-0.0532727
1.36696
0.097181
-0.329678
-0.511734
1.33874
0.0777284
-6.09139
-0.613743
-1.07584
-0.815678
1.09794
0.328742
1.80001
-0.799954
-1.83353
0.510775
0.530761
6.33292
25.8287
-0.565553
2.16299
0.0198425
-0.0330593
0.87127
-0.738728
-0.636598
-2.22866
1.27194
-4.1692
3.43232
-0.367528
0.0499887
0.238843
-1.16575
0.567105
2.3767
0.208472
0.43153
4.86474
0.677757
-1.94334
-0.426843
0.911311
-0.327776
0.206824
-6.38613
-5.86532
0.205016
0.170231
146.554
0.660643
-0.464166
-2.77541
-0.123341
5.30567
-0.415269
-2.91992
-0.322017
-1.13686
-8.28519
0.0271843
-0.897797
0.197219
-0.731766
0.0165844
0.364234
-0.863394
-3.69712
-0.805458
-0.155376
0.83619
-0.0743155
-0.290016
13.644
-0.779644
-1.68897
-5.80509
1.05363
7.10412
-0.247486
-0.912799
2.26189
-2.71745
0.30415
0.312038
-0.0291668
-0.168385
6.76091
0.0208822
-0.173839
-0.0735541
0.161095
3.07756
1.48734
3.55045
-0.0202694
-0.521706
0.0416636
-0.201515
0.360295
-1.14202
0.00187522
0.229471
21.7556
-2.46081
0.185593
-1.69013
0.213321
-0.884608
0.500057
2.68717
0.585077
27.188
0.136605
0.308586
0.343505
-1.27423
1.6183
-1.03754
-1.94325
1.5489
5.55912
0.663697
1.13709
-0.266194
0.0489185
0.597169
-0.228582
-0.656233
0.877568
8.09321
-0.932218
0.994909
-0.906637
-0.689841
0.817799
2.58277
-0.594454
1.77738
-1.28045
-0.33627
-0.0874005
-2.68361
-2.89788
0.573316
1.23646
0.0572454
1.42146
0.792353
1.18382
-3.23714
-17.0888
0.291548
2.82173
1.18052
-2.17744
-2.33516
-0.641937
29.8816
-30.4191
-47.4
0.602947
11.2474
44.473
-0.0874714
0.562401
-2.21315
-0.473716
8.80441
6.45277
0.833134
3.55214
0.140068
3.90218
0.104027
-0.459249
0.387926
1.11561
0.359853
-0.58133
0.366306
-0.721998
-0.47402
-0.781057
-0.366821
0.768272
7.13176
-0.552842
-0.142539
6.90478
1.1496
-5.34889
-0.503085
-3.06165
1.01536
0.677423
0.307439
0.0898868
-1.2411
-1.05963
19.4514
-0.477394
0.175983
2.89067
1.33521
-1.10251
29.9984
1.02071
-1.37009
-9.19001
-0.084428
-3.41908
9.37372
0.11523
9.96357
-6.35652
-0.617931
6.9098
2.36468
1.04929
-3.31449
-0.200676
-0.0952836
-0.597949
0.993594
-2.59842
4.33774
-1.37403
2.28016
-3.06023
-0.299651
-2.6234
-15.407
-2.62694
0.968187
0.534015
0.402695
-0.475517
42.1192
-1.07364
-1.92679
3.48674
-0.383082
-0.953159
1.4971
-2.12398
-0.649342
0.770614
-0.552575
2.10093
-0.271085
1.36555
-1.61391
0.977783
2.22402
0.635663
1.32634
0.78099
0.965055
-2.44479
-1.63995
-0.372427
13.1757
0.38257
2.56975
0.148316
-0.378634
0.0841218
1.85906
-4.0937
-0.115038
2.72282
-5.26208
0.186472
1.52857
-0.0308701
0.962693
-0.764949
-0.242197
1.04559
-45.6809
0.527163
-0.911287
0.215061
2.64663
-0.536606
-0.657313
1.13787
3.66205
-6.49549
0.215606
-0.619901
0.144618
-0.729968
-0.774077
-33.989
0.802861
-0.00238604
1.25319
5.39887
32.5549
-0.0287535
2.49462
0.470147
0.454178
1.20801
-0.519413
-0.0717649
-13.6212
-1.68825
-8.36801
-0.846215
-0.978845
3.22258
5.48481
-8.03007
-2.08204
0.829519
0.637016
0.362968
-11.4369
0.69171
-21.109
-0.0282267
-0.153893
0.103072
2.14329
-0.258964
-2.1295
1.06507
3.82176
-0.350562
-1.25756
0.439927
0.118374
-4.06959
-0.481516
-0.798694
-1.16653
-10.0601
-2.15933
-0.503801
0.070845
2.97917
-0.533556
0.177086
3.85106
1.08058
-6.81221
-1.68672
1.40183
-0.601852
-0.504973
9.86988
1.57606
1.13634
1.00427
-0.0726385
1.64557
2.21497
-2.34799
-0.836026
0.736953
3.92862
2.07377
30.9031
-0.91155
-1.98291
-0.342795
0.140432
0.31744
-1.61533
1.60094
2.81477
-0.665624
0.603194
-0.358554
0.772848
-0.622925
1.22512
-2.1839
3.4881
2.05081
-1.25938
-0.08518
0.63319
1.24545
1.13375
0.00422614
-4.42895
-0.590529
-5.47931
1.22401
1.8122
-1.74135
-0.0881147
0.504281
12.6126
0.873511
3.38105
12.9324
-2.3004
1.21968
1.20515
0.0211578
0.53218
-0.199863
3.26908
0.0209714
-0.628975
1.93355
0.86233
-1.74595
-1.87617
3.95711
-4.4721
-0.24247
-0.793868
8.98273
1.00532
0.438203
3.66794
0.2354
0.226904
-0.843077
12.8671
1.08884
-0.0237333
0.0178662
-2.59049
-0.789428
1.07431
-0.967845
-1.14754
3.8641
0.782337
0.35712
-1.88811
0.105749
20.1823
2.22851
0.637972
28.7332
0.386371
5.28067
-0.483929
-0.44109
6.48289
-1.10659
0.303638
-0.326273
-4.69068
0.203932
14.4815
0.450011
-0.285661
-1.55879
0.368081
1.43443
0.838512
-4.11591
1.45156
-1.64973
-0.367084
-0.655524
-4.83114
-1.41236
-0.168958
0.67605
2.44555
11.0364
0.717235
0.106046
0.162269
1.34449
0.200217
0.0198389
-1.27678
1.81256
-3.02417
-0.391585
0.710764
1.19611
-1.08101
-0.27597
-0.0534769
2.6703
0.293914
-0.184109
0.924325
0.454448
-0.0826045
-0.297073
-2.03522
-0.848819
-0.529842
3.14917
0.879296
-1.74343
0.798584
-1.85906
-7.78429
0.456101
-0.121949
-1.05921
1.79989
-4.40338
3.82061
1.80598
0.583502
-0.087137
0.152887
3.14759
0.22674
-0.980666
0.178431
-2.83683
-1.32323
-0.840512
-2.28359
-0.62875
-0.230127
-0.409535
0.344289
0.11853
0.579302
1.06885
-0.822449
-1.2908
-0.093608
-0.169648
0.385678
-1.6204
0.720743
-0.396272
0.797866
-5.14769
-0.284894
0.811677
-1.53381
-3.01126
2.30413
-0.318791
-1.72565
-5.24208
0.19292
-0.144551
-86.1803
-0.108902
0.320847
-1.01466
0.103797
-0.1062
2.45486
2.54474
1.84705
-0.0803252
0.956058
0.628048
-0.135814
0.300928
1.90254
-0.729638
2.22422
0.877375
0.221631
0.183642
1.18077
-2.57222
0.622776
-2.35401
-1.62433
-5.0522
-1.21774
-9.56968
0.552378
-0.748313
-0.286708
0.0883792
-5.98612
-9.7068
-0.00474569
-2.94861
524.035
-0.318798
-2.24689
-0.484794
-3.0016
-3.55666
-5.04674
5.21974
-1.09163
-0.721429
0.993323
0.328012
2.39979
-0.581545
1.07283
-2.3644
1.20766
-3.69904
0.00373538
-0.411801
0.774804
0.31492
4.87138
-0.127454
-0.805869
5.25883
0.892702
-9.47299
-1.13899
-2.08801
-3.39883
-0.178661
-0.0666465
-1.09024
0.308865
-1.16778
62.7796
0.0181702
-1.55654
-0.0776797
1.07125
0.216177
-0.0525259
0.763924
0.99957
3.18648
-1.59022
0.747043
-1.46427
0.243134
1.29746
-0.422355
0.043473
-3.02018
0.189004
-0.0641263
-12.2477
-1.12555
0.638308
-0.779986
5.68169
-1.73334
-3.60376
1.24671
-0.264572
-0.169458
0.134954
8.24282
-6.68723
-0.521093
-9.17181
22.698
1.9171
-1862.09
13.5671
-2.61043
0.421562
-8.33607
3.88626
1.8627
0.218054
-0.482359
0.59915
1.34389
-2.6015
-0.455519
1.55357
2.52191
-1.98723
-1.71842
2.15294
0.345288
-0.831165
50.7516
-1.20484
1.28681
-6.23911
0.183695
34.265
-1.08446
0.839013
1.72943
-0.583347
1.32911
32.0962
25.5048
-0.919422
-0.65495
1.75174
8.85794
0.736556
0.0497004
-0.220009
-0.143351
-0.488339
2.36036
1.96603
-10.7064
-0.198235
-1.59693
-1.06584
2.65669
2.09332
-0.871014
-23.6477
-0.638276
12.1366
0.142515
2.36798
1.6997
1.27276
0.169274
0.0419827
0.254116
-0.176839
0.872042
2.16872
-0.728941
-2.24007
0.0548328
-0.322065
-0.109114
-20.7556
-0.19349
0.664095
-0.318187
-0.648754
1.35943
0.0725212
-0.839688
-2.65424
0.660299
1.51513
1.13056
0.113749
0.142855
-0.53258
0.290794
-0.731031
-1.12069
-0.246761
-0.60344
-0.7278
-1.09512
-2.9925
-5.95132
0.493735
-0.0426314
-0.149203
-39.3187
1.10134
-0.573544
-0.0366311
-2.77151
47.7346
0.688258
15.6677
-0.14113
-1.48032
3.25909
-0.564938
2.14816
12.0404
-0.876001
1.60209
-0.198518
0.292409
-0.18731
1.7357
-0.516344
0.022817
-0.12254
-0.828873
-6.86005
1.36524
1.28758
0.103318
0.0222179
-4.9397
3.80935
-0.707981
0.347009
-0.347427
-2.4655
-0.350716
-2.44655
-7.31105
0.245384
3.88333
-3.40735
0.51876
-0.0972325
0.350014
-8.78406
-0.368612
0.200491
-0.687667
-0.909184
-1.19657
0.239454
60.3937
0.615366
0.272623
1.53416
-0.272563
-0.196733
0.536366
-0.0337986
-36.7596
-0.872706
0.229174
-0.752176
-0.775621
-0.254648
-0.79486
-0.129988
0.288774
-0.299226
1.10049
-3.90973
-2.02962
-0.52625
-1.412
-0.718563
-0.387465
-4.34711
-0.524541
4.7149
-0.40047
-6.08794
-2.00888
0.6281
0.935422
0.332619
0.0463735
-0.0639025
0.984461
1.47993
3.08005
0.582983
25.0301
-1.84958
0.404879
1.19156
-1.2158
-0.71693
0.628891
0.417945
-0.129194
-2.17248
0.0783639
-0.521427
1.32654
5.4813
0.204813
1.32085
0.169715
4.16073
-0.0755801
-368.037
0.618995
0.298907
0.458735
-0.202913
0.0510135
-1.06797
0.833111
-0.556486
4.55898
-0.122597
-8.92586
5.48834
-6.79297
0.24332
-0.774321
-2.90227
9.10933
2.77113
1.01587
0.242624
8.00756
34.627
-34.4294
2.13154
-6.71815
-3.82828
-0.279383
-1.79553
1.35999
0.0937993
-9.57654
0.693973
-1.63751
0.36677
1.13713
0.138028
-0.0750271
3.80186
0.448239
1.55028
1.02458
0.784006
2.20268
0.473952
0.200003
1.64719
2.79877
-1.69727
33.2718
-0.103205
-2.67401
-0.279015
4.46695
-0.720725
-0.98022
0.0584523
-1.21849
-0.948139
-0.635513
2.057
11.3965
-1.21955
-0.49838
-14.363
1.94495
-2.86126
-1.59478
2.96156
-1.34794
38.6161
0.802411
0.428659
-6.18582
-0.215714
-4.97798
0.372008
-3.88899
0.707291
-1.15639
0.69059
11.4011
0.386885
-4.3437
2.23049
0.172063
0.752011
-0.129694
2.29735
1.05727
-0.117993
0.192062
-1375.79
21.5593
-0.265199
-0.745431
-0.015074
0.747928
-2.16689
-0.512413
-0.418141
1.62369
0.677599
1.69423
-0.662051
-0.764454
0.190397
-4.1602
-0.0119977
-2.31692
0.808401
-2.06189
5.10448
-1.52493
-4.38883
1.43107
0.0948269
-1.97758
-0.512866
-0.235964
0.441905
-0.693875
65.1857
1.56085
-3.58221
0.201097
0.384183
-0.74187
-14.2482
2.44762
-0.364768
18.5181
1.06408
0.0506537
0.455801
-1.28248
0.45686
-0.110127
-5.30236
1.26446
1.72914
-0.953267
-1.53923
-1.43257
2.52311
-0.346138
-1.29157
1.7642
1.48123
8.39803
-0.9634
3.16723
1.11889
0.807527
0.737446
-0.32314
-1.08898
0.211574
-1.53728
-0.714337
-1.33163
-19.0874
-1.13922
-0.588412
2.79863
-0.126602
-0.455807
0.0835376
-0.12736
-1.05838
1.33945
0.0171939
0.640007
0.960151
-4.64505
-0.157438
-0.46335
-0.577455
0.22186
-1.04376
0.99285
2.42649
-0.560793
8.79006
-1.01418
-0.276489
1.53258
111.833
-1.32439
-0.858339
-0.519162
0.373147
-1.77521
4.04281
-0.211404
0.786746
-9.7133
1.4552
-0.124022
0.268345
1.70035
2.7578
-5.90309
0.758686
-2.57806
1.23903
-1.84298
-0.387312
0.646755
1.97493
-0.43155
0.899186
0.0800928
0.889119
8.62998
3.20925
1.49794
-0.648266
7.62379
4.40681
2.4171
-0.393511
0.854242
1.75341
15.4235
2.78822
1.36971
0.586844
-0.963526
-5.81267
-0.721505
19.7868
0.246067
4.69913
-0.112485
-0.105641
2.24881
1.85258
0.0559852
1.43151
0.0131962
0.0273099
-2.64935
10.2036
1.12121
6.27985
0.483329
-1.10922
-0.7288
-2.41722
-0.217726
0.557155
1.18875
-0.795123
2.74235
0.349775
-1.7752
-0.181797
-1.96782
-1.06343
0.0411035
-1.01544
0.940654
-1.2011
0.0198152
0.95266
1.25815
0.902097
1.68711
-0.946078
0.825239
-9.0742
-1.76676
-1.13491
3.0822
-1.64148
2.04675
1.5767
-0.809453
-1.33558
-10.9118
5.13704
-1.75666
-6.4529
-1.56629
-1.5212
-0.37805
-0.343156
0.600846
3.73134
-2.78483
0.347131
0.804634
-0.676974
0.431056
-0.295614
0.206527
0.784562
0.962197
0.19194
-0.589665
-0.800951
3.54872
-4.80605
9.41003
0.90862
-1.48371
0.926697
2.03019
0.450746
-0.520632
4.54622
0.0253823
-0.689178
0.407008
3.081
-6.77559
6.50054
2.52994
-2.38982
-0.0667919
-0.859447
0.0978264
-1.29078
0.144501
-1.46151
1.40991
3.80609
0.508013
-1.18898
9.44008
1.55936
-0.21256
-0.704465
1.49604
0.172076
-0.979102
0.630612
1.60418
0.600048
-0.909588
0.483623
-0.659553
-3.26614
1.34971
-0.204509
0.806788
-0.188946
-0.54268
-6.27008
0.7107
-0.117034
-2.08469
-0.514032
0.912758
-80.4221
-4.99988
-0.950301
1.65715
-36.8167
-1.84203
-0.608618
-0.783986
0.455979
-4.66071
0.859369
6.04238
-0.613914
-0.206432
1.45562
0.827523
-0.968809
0.861002
31.813
0.00521503
-3.58983
-0.889502
-4.95543
0.233875
-1.82801
0.853727
-0.256551
-2.43492
-2.28776
0.47933
-0.0449523
1.07929
-4.96469
0.325416
0.0675882
0.484081
-0.914641
4.81355
-6.39145
0.894342
-2.89173
1.70976
-1.39831
0.105132
5.91293
-0.800057
-0.526614
-0.547919
0.249122
0.419709
32.3681
11.5174
-3.34511
0.886901
-0.718235
-10.7848
-0.255872
-0.217464
-0.411565
-0.709876
11.0306
0.135069
-0.704113
-0.458467
3.74842
-0.0129984
-1.29487
0.198724
-0.525003
0.094005
-1.0605
-2.40611
0.502681
0.535992
4.04565
-1.05757
-0.408899
-1.78767
-2.69286
2.62685
1.05221
12.539
-1.62041
-1.4151
-0.281179
1.21441
0.346939
-0.50845
0.496738
-1.60074
-23.8436
1.63813
-1.03941
-286.37
-7.09235
-0.228479
-0.245522
0.117132
-1.14444
-0.267305
-0.349861
-14.8962
-10.5901
-2.88088
0.924858
-12.2956
-13.9476
-1.80172
-5.64975
-0.810559
-0.158492
-0.150299
-0.775755
-2.05282
0.88441
1.99335
-1.63116
-0.637016
-1.19898
-2.16655
-0.208497
2.61604
23.9656
-12.445
-0.297801
-2.71042
-0.638787
-0.277458
0.322331
3.97198
-0.996552
-0.553697
-0.0908158
11.3125
-0.199379
4.56607
0.532179
-0.451343
0.47028
0.208642
1.37979
-1.79334
-0.896046
-1.49158
-0.940847
-0.32321
-3.5542
-1.42693
-0.457628
-1.20953
0.447138
-0.11176
-2.51658
-0.395443
-0.262836
-0.424207
-1.14448
-1.54748
-1.32455
-1.72967
1.72798
0.282155
0.605305
-0.189811
1.948
13.8545
-1.51515
-0.526486
1.38062
1.09366
-0.587602
13.8582
-6.86678
-0.089126
1.30169
0.0159966
2.65922
0.859825
1.61478
0.543273
-2.50385
-22.6934
1.46331
11.2772
2.59101
-1.82373
0.19515
0.847302
6.36617
-1.62033
0.972575
-0.702467
1.58616
-0.0359159
-0.364293
1.01655
-0.201291
-1.15757
3.19536
1.00946
-0.980377
6.06928
-1.19003
-0.11885
-1.39808
-0.60681
0.226161
0.263489
-8.89386
0.768637
-0.230981
-83.6901
0.0887001
0.120608
-2.51893
0.186204
0.311519
0.250551
0.878844
-0.224371
7.195
30.146
1.76617
-0.345167
-1.12119
0.47803
3.68192
0.17359
0.0238302
1.02642
-1.74675
-4.1023
0.516279
-0.840676
2.28097
-0.111956
-0.87252
-0.260923
-1.00686
3.11017
0.621076
-0.1268
2.23771
2.93768
-11.1151
2.78659
-0.234507
-2.26471
-0.0475652
2.87083
-0.440466
-0.434622
-0.848712
-0.515538
-4.73159
15.184
0.18964
0.550818
0.53768
0.151829
7.7563
1.34309
0.369693
-1.87531
-0.384471
1.70038
31.8053
-0.803691
-1.07908
-1.12229
-11.5967
-0.190221
-0.150728
1.55096
1.06277
1.32183
-2.80443
0.888216
0.56921
-9.40781
0.781299
-0.140335
7.47933
-1.58189
0.867746
-3.67873
-0.736408
3.16321
-41.0276
-1.08249
-0.801273
-6.55213
0.645074
1.27323
-0.940692
0.147502
-0.0146468
-0.970646
-0.0800796
1.81045
0.263799
1.93422
-12.4513
-0.692649
-3.4135
0.299084
0.953147
1.40789
-3.43353
1.20569
2.80682
-0.404189
0.904307
2.41148
-0.815946
-0.743828
-0.435324
5.59
-1.82539
0.708187
-0.333339
6.61934
2.59601
-0.0488565
0.451296
0.508605
-1.5377
-0.0850849
0.189807
-0.154985
1.54323
-2.31523
-1.0397
-0.00830525
0.616037
-0.26143
3.24211
-0.740118
-0.773807
-2.21549
1.49858
0.471529
-2.40336
0.332572
2.70753
0.235942
-3.21934
-0.479549
4.32856
0.188018
0.628222
-1.93524
0.267976
2.56645
0.409798
-1.29523
1.00088
-1.6036
-0.358237
0.192019
-1.50825
-12.2313
3.23088
-0.298837
-1.18896
1.24711
0.2175
0.657979
-1.1702
0.220796
-1.49456
-31.5218
-7.21731
-0.881228
0.430144
-4.56819
3.91391
2.25547
-12.7927
-0.631314
1.34354
-1.63728
0.486995
5.69939
-4.57284
15.8423
-5.34568
4.83353
3.19629
25.3965
-0.444932
0.484313
3.06458
-0.96697
0.937805
1.80623
0.0453598
0.912578
-5.0901
-4.13338
-0.263357
0.885559
0.368209
-1.7588
1.00413
-0.998376
0.0123449
0.0769043
0.651675
0.414569
0.734854
0.166714
-1.45321
3.91302
-1.27168
0.35981
0.214305
-5.78482
0.580441
-0.252146
1.11333
-10.0319
0.789267
-14.5178
-1.68827
0.918847
-2.91163
1.10188
0.298755
-0.705579
-0.840749
-0.568214
5.86122
7.00711
1.63889
1.2057
0.596232
0.448356
-0.681213
-6.07054
3.58319
2.74876
-4.83179
0.198325
10.0368
0.139662
2.86747
-0.0485471
-6.83976
-149.126
3.13237
0.636502
-1.55152
-0.424589
3.63509
-0.773686
2.71936
2.83333
25.831
0.124951
1.27308
-0.128443
0.894144
1.06275
-5.10954
0.618923
-0.187373
1.40355
-1.29505
-0.18248
0.701346
0.44732
-0.350249
-0.678318
-0.654751
5.31757
-0.303928
2.65951
0.765862
0.110416
-1.59362
13.0325
-1.13933
-0.855942
-0.870457
1.24865
-3.41817
0.482529
-4.4226
0.417233
-0.152256
0.929128
8.79784
-0.854024
0.297291
-1.06023
0.558202
-0.254952
-3.46637
-5.93609
2.20349
0.823266
4.87327
1.90174
-1.08587
-68.0403
22.509
0.092
-0.24454
-0.58481
-1.84023
-0.0872156
21.2635
-0.257662
2.17825
0.00388515
-0.700634
-0.543891
1.51895
-0.135654
-2.70933
-0.696441
0.0608142
2.23945
-0.801273
-0.498226
2.16743
-5.3643
1.34789
0.637407
11.5913
0.0983758
1.58732
-0.518103
-0.909438
0.192081
-1.19055
-0.513723
3.84928
5.48689
0.838731
-1.01
-2.01871
-0.863341
-0.234317
-3.20698
-0.198251
0.901558
-0.223647
-1.64609
0.11316
0.624585
-1.33041
-0.248312
-1.50436
0.855757
-0.198004
-0.56043
0.386627
-19.2942
2.67687
-0.115526
0.174916
0.177975
-0.358123
-1.44826
0.706209
3.02626
-3.12568
-1.84298
0.106115
2.45102
0.0865393
-14.6765
-0.335826
-0.259804
-5.90896
-25.763
0.282062
-4.88045
0.270256
-1.59954
-0.921749
0.159894
-1.76327
1.29593
0.132247
-7.0944
-0.247493
1.74906
0.931998
-0.128272
0.433763
-0.258476
19.129
-0.329656
1.38289
0.875222
-7.29647
-1.71036
1.59579
-2.11855
-0.874035
16.8283
-1.57615
-2.97888
0.646906
8.39733
0.560483
1.76285
-0.624978
-1.40766
-4.60702
-1.7308
-0.140113
1.42388
60.7682
0.684714
2.91686
-0.686669
-6.8571
-0.394699
0.165254
-1.13842
-6.92406
-0.465864
-15.779
-1.13142
-1.26548
0.996665
0.156331
5.42396
-2.79405
1.19573
-3.53429
-1.30645
1.69394
0.0729781
-0.714364
-2.51455
0.293255
-4.63778
-0.0408878
0.104432
0.184705
1.5005
-5.18401
-0.107922
3.47557
-0.866777
-0.0712144
-1.21554
0.855213
0.823286
1.09053
0.162013
0.039693
0.67076
0.801439
-0.396352
0.673747
-0.673196
-2.69016
-0.284698
-1.76515
-0.0632207
2.44697
-0.524102
-34.0631
2.05475
-0.478939
-0.419594
0.398132
0.59736
0.181235
18.782
-0.754814
-1.12976
0.437619
0.0279254
5.38936
-1.29148
-1.63632
0.657598
3.22786
0.00366157
-4.34417
-1.08754
-0.504068
1.28368
1.27004
0.0298727
0.380794
-15.6463
-1.79925
-0.427148
-2.79033
-0.413186
13.4046
0.556316
-4.06667
0.692914
0.514731
0.37562
0.526351
-0.0505426
-5.0786
-9.30157
0.431732
0.917492
2.03369
-2.17095
-1.52676
-7.24186
-0.224829
0.810589
2.98163
0.175184
0.760773
3.40901
3.45458
-5.41415
-1.7021
0.883781
1.7755
0.251183
-4.44648
-0.738685
-1.93
1.45819
0.210835
0.346565
-159.421
-4.7177
0.166902
-0.689889
-0.105955
-2.45364
1.78575
-7.47772
0.545053
-2.55983
4.74059
-0.413538
1.02555
1.03119
1.52871
1.89601
2.18424
-0.0417823
9.68401
0.929961
-0.0338613
3.6989
-1.38643
-1582.4
-0.905852
13.7317
22.7628
1.40006
2.33374
0.47936
0.915116
-9.67781
-2.38059
-2.44064
0.535485
-0.359496
-0.872697
-0.691317
-21.3071
-0.474348
-0.547133
0.457724
2.33865
-6.50612
0.41983
-0.362133
-9.26792
0.585139
8.77264
-0.206869
-3.37809
-2.09141
0.277066
1.28765
-0.820861
1.3431
-0.679888
-0.957147
0.347326
1.05102
-0.0970671
1.48695
1.18553
0.971106
-0.155705
1.17467
0.760701
0.246519
-0.0156772
1.87319
0.726277
0.777937
-0.254481
1.3652
0.63657
-0.384718
-0.0261668
0.916632
0.679966
0.453774
4.02636
-1.88453
-0.0312556
-0.392739
-8.65208
0.412891
-0.434759
0.0258937
2.62412
0.269502
-0.912713
-0.340766
-0.360277
6.44346
-41.0403
0.160567
0.715519
3.31856
-0.503278
1.01799
31.9207
-5.79602
-0.393474
-0.487766
7.02777
-0.0311181
0.618554
0.0529749
2.34058
-0.171279
-4.07556
-1.45116
-0.393385
1.83447
-2.8595
-0.0448415
0.0573269
-1.00092
0.68912
0.965597
0.410276
0.597387
-4.1221
-5.27952
-2.35332
6.48781
1.24082
2.18979
-0.715219
-0.206912
0.614477
0.424089
11.9007
29.2858
-3.65175
1.71345
1.92799
0.0121335
0.126565
-3.41187
0.816921
-0.409376
-0.349068
-1.22877
3.39013
-7.21893
-0.919773
-0.489468
-7.63846
0.105109
-18.3666
0.798872
-0.0809934
-0.510675
2.99005
1.21576
-0.297112
3.50399
0.260929
0.102817
2.46563
-0.648497
0.641206
2.01736
-0.564743
0.27937
-0.672172
1.28011
-10.7266
15.0941
-3.35725
-0.220012
3.96789
0.498903
3.01644
-1.915
0.0533562
-9.32502
0.947871
3.89246
1.75327
0.547421
0.0653649
0.175878
1.46114
-6.01421
-0.211068
-0.667341
0.176965
-0.493139
2.30739
1.02853
-0.551262
30.3714
0.251515
-4.33325
1.36906
0.0960936
29.6716
65.3453
3.14029
1.44509
-0.161432
-6.94683
3.7791
-2.21799
-1.38566
0.797996
0.297784
-0.385169
0.363773
-1.71526
-0.2652
-51.9197
-1.94892
0.351822
-1.06384
0.373915
-1.03111
-0.52691
-2.39131
-1.59112
-2.40095
-0.76703
-1.07839
-1.56708
-3.69378
-1.43648
-0.486436
1.07182
3.69733
-0.258239
0.361585
179.445
-0.08388
-0.273769
0.891802
-0.496076
-4.16841
3.77229
-0.815022
-0.0145492
0.392381
-0.398045
0.340528
-0.272223
-16.4611
-0.326048
1.38096
-1.07613
2.762
-4.8303
-5.08553
1.77929
-0.226392
-1.42379
0.34423
-0.33083
0.636011
0.472234
0.104238
1.01212
-0.0836971
-2.24361
1.08863
-1.37093
-3.04627
-0.166699
-0.466055
0.296957
0.636591
-0.593282
0.129081
-0.313184
-5.08951
3.13488
4.82998
0.780723
-0.212034
-0.714058
-1.1894
0.0742842
-0.469215
2.37061
-0.33928
-0.376225
2.60301
1.54276
2.77267
-10.4039
-0.114094
90.9044
-0.210974
-2.52076
4.22236
-0.715603
-0.287245
-3.49378
-0.444221
-2.26396
-0.93602
-0.905375
8.19871
-0.796949
0.177308
-0.0983402
-2.44324
-0.718571
-0.227022
-4.03691
-0.256698
0.677228
4.90212
0.535351
-2.01225
0.102748
-0.151248
-0.204558
0.625071
1.69001
-0.549147
0.217842
4.67805
-1.49733
-1.32578
0.243497
0.0883884
-1.36357
-0.684562
-0.771871
0.341554
1.14369
-5.87124
-1.93561
-2.44702
-0.0514843
-34.3192
0.613643
-0.935531
9.48131
1.26212
0.960307
0.460991
-5.57477
0.144816
61.6401
1.01866
0.249285
-0.894625
-0.00464283
0.118927
1.01458
-0.393634
-18.0749
-0.128065
3.81932
-2.66893
8.76149
0.214699
-0.334108
0.733988
-1.60212
0.748504
-0.0709292
0.227091
-582.413
-2.55942
2.82065
0.254204
-0.0400299
2.95756
-3.45061
1.81123
-1.14037
-33.3756
-0.560423
-1.26558
-1.46594
-4.29982
-2.87185
-3.46473
0.436203
-2.30757
0.896416
-9.25078
1.14444
-0.186395
-0.285467
1.05385
0.743952
-0.394356
-1.65105
-59.9966
1.17037
-0.176568
-0.478499
18.6551
0.930088
0.0510839
0.438529
-1.98815
3.82723
-29.5654
2.62646
-0.937948
0.0864238
-3.12334
0.758698
0.879487
-1.63052
-2.02714
-1.17286
-3.11115
-16.1923
2.24456
-2.59855
-0.391689
-0.0561528
-2.14247
-1.46259
4.69033
0.995847
-0.949451
0.534763
0.953064
-0.480756
4.93652
-0.0545763
0.953365
12.979
0.359064
-5.66932
-2.89732
0.0584728
0.345998
-18.0568
0.291554
-1.4898
2.13012
-1.20172
-1.45837
24.7989
-30.7073
-0.348406
-3.02716
-0.0156683
-1.2498
0.357335
3.43898
-4.32099
0.136931
-1.1561
0.74991
-0.857226
0.679038
0.199168
0.112469
-0.790092
-0.289935
4.64106
-0.29625
-4.84795
-1.14883
0.396829
3.68145
1.38024
-2.06904
-0.269699
-0.0272359
-1.0901
-1.75394
2.18268
-3.35474
0.622091
-54.7644
-0.990398
-9.8816
2.11263
-1.4136
-2.03006
-2.00488
-0.234293
-0.639371
8.93633
1.48643
-1.15106
2.03158
-0.576171
-0.309555
5.64822
3.19209
0.994542
-1.24351
4.72775
1.10206
-1.14045
-0.334571
0.846012
0.255927
-0.819064
4.02176
0.652279
-1.09306
0.188685
-0.923131
-0.559103
-0.201876
0.909453
-0.0921484
-0.540144
-1.0032
-4.78798
-3.25137
1.13327
-0.683183
1.5114
-5.5284
-0.0986519
1.00152
4.21508
-3.3839
16.8097
0.397098
-0.298826
0.63146
0.139078
-0.43916
1.06896
1.56041
8.60194
-0.0166869
-0.57007
0.692502
-1.11915
-1.5517
0.452042
1.67946
-0.120608
7.06636
-0.316973
-1.20491
6.04656
-8.14681
0.683364
-2.62972
-3.41786
-2.817
-0.0939705
-0.309878
0.982534
2.37061
-6.56137
-1.01164
-0.416972
-4.17109
3.91806
-1.82344
-0.825295
-0.923688
-0.498012
-0.0785885
2.83286
-0.494349
1.64419
0.82864
-0.281853
1.99149
-0.830757
-0.157331
-2.00612
-1.9901
1.81667
-2.25563
-1.51824
0.479228
-0.701777
-0.0540269
-1.83959
-2.90093
0.286784
-0.447151
-0.60764
1.38024
0.220357
1.03746
0.202322
-0.381594
-1.46271
0.936719
-1.5467
0.772874
-0.546084
-0.698893
-3.89103
0.0744804
0.524763
-0.861918
0.725361
0.284915
-0.675561
-2.10493
-2.93515
-1.28537
-0.240025
-1.10982
-0.196087
-3.29502
0.793348
-1.96377
-0.658953
-4.13418
-2.14154
2.51563
-0.306875
-0.297549
-1.28474
0.631672
1.06361
-2.60185
-10.4145
3.33001
-3.8997
0.52505
0.132804
-1.27425
0.563705
-0.755685
-1.01566
-1.94198
0.308595
10.0745
1.56126
0.130254
1.7936
-0.842103
-4.12603
1.05621
-1.30434
-0.730468
-1.62452
0.319119
-2.19198
-9.21251
16.1127
-2.0395
-8.62253
-0.270778
-0.272542
-0.270693
0.643521
1.57529
1.01975
-0.0645455
2.06908
-3.18686
-0.172524
2.8631
0.605292
0.249836
-1.14572
0.649782
6.10399
1.09757
-0.872504
0.853807
25.6421
-14.7241
-0.951941
23.6562
-3.1488
0.955872
0.082184
-0.325147
10.4173
-0.593747
-4.0346
0.198058
4.74568
-0.897688
-0.222525
-0.597041
-0.110094
-0.711368
-0.55442
-0.446245
-0.0708429
1.27625
-0.676861
0.258236
2.171
-0.274511
-0.635926
-1.8263
-0.463937
-1.41359
0.609289
-1.64098
0.085626
-0.427943
-2.93717
0.883065
-2.09778
1.78155
2.81111
-2.05273
0.384876
0.322035
-1.07939
49.3328
-2.12522
-0.696238
0.804172
-4.49332
1.3055
-1.96133
0.0584146
-0.601665
0.813367
7.19607
-0.860761
0.864337
-1.13873
0.228062
4.17265
0.0861192
0.463795
-0.0233612
-1.40604
-0.114557
1.59859
-1.42236
0.353225
-0.0997379
-9.68279
7.84204
-0.0696916
0.0412461
0.155753
2.07175
-0.229308
0.900416
-0.247997
-5.32698
0.9703
-0.916887
-14.4368
0.0155861
2.67315
0.0852128
-1.16786
-3.47772
-3.4594
0.326872
-14.0706
-0.378737
6.59135
0.189144
3.38262
-2.38478
0.719334
-15.826
-3.00695
-0.0983853
-0.286103
-2.04813
-1.30804
0.270062
2.47268
-6.91201
-0.0739271
1.63802
1.16296
2.17001
1.30502
1.74082
0.755346
-1.17948
-13.022
-0.0410364
1.19142
1.12911
0.650535
-0.0540368
-3.56523
7.32144
0.217665
-0.666114
7.49688
-0.407309
-2.29117
-0.306254
-1.29339
1.25619
-0.214973
0.142568
-1.03265
1.08804
-4.48325
-2.58175
-1.3268
-0.556042
-2.95585
-0.499961
-1.55145
-4.0896
0.627478
-1.1846
-4.99697
1.05711
-1.04235
-0.956716
-1.85921
0.634172
-0.298539
0.371489
-0.174215
-1.65096
1.50172
2.44364
-0.916609
-0.00494446
3.41034
0.530983
-0.0150991
-0.918528
18.7802
29.9716
-11.3365
-0.843297
1.12981
1.8782
-0.62344
0.669493
0.100651
0.0697413
-1.41133
0.113675
3.99303
-5.20747
4.89663
-5.47218
-0.672829
5.60709
-0.141036
211.831
3.3132
0.417775
1.17785
-2.24133
0.213539
2.9165
0.0199474
0.799996
1.45924
7.99472
0.721918
-1.15725
35.6377
0.674615
1.24372
-0.229054
1.06112
0.917522
-3.32334
0.299121
-0.533054
1.51367
4.45649
-0.273957
13.9697
-2.20914
8.27082
-10.624
-4.65175
-0.341649
-0.12656
-1.46912
-0.662145
-0.332308
-0.33145
5.04791
0.282235
0.469178
-1.94485
0.318527
-2.27841
2.05749
-0.021677
-0.0924771
0.540881
-7.31746
-0.265164
0.436341
-0.0945031
-3.17146
1.88405
6.42278
0.613283
-0.930387
-0.304808
0.599736
1.97316
2.22017
2.50351
1.84834
-0.540034
-2.39354
0.956512
-2.93049
-0.477693
-1.24792
-0.138711
-1.40306
-0.528714
-1.18201
0.238997
-2.29797
-1.56166
-0.0507287
2.02386
2.5412
3.75088
-0.929682
-0.233446
0.981855
1.28793
-4.22605
-3.16008
-6.93324
4.91267
-1.70311
0.562282
0.620965
3.85928
1.62389
8.73566
0.353701
-1.08609
-1.28379
1.6636
-0.00767841
-0.396611
0.386063
0.206189
0.578083
-5.06055
0.935228
1.48729
3.59509
0.989073
0.196347
0.847168
-1.47687
1.51692
-0.839777
-1.29945
-1.38979
-0.101184
-0.470079
1.06489
0.542229
2.00352
-0.653832
-2.59064
0.364115
-2.68728
1.18795
-0.33652
0.0279884
-5.43802
0.558318
-0.594739
-1.70656
-1.08739
10.9797
1.58933
-0.18931
1.90188
-1.51081
-1.04669
-0.152042
-0.192858
-2.61684
-17.7111
-0.251741
0.0133053
0.436889
-1.0296
0.233881
0.935165
5.24995
0.374767
-0.514713
1.0539
-1.94128
4.16875
0.306782
2.87514
-1.99028
5.21118
-0.217842
0.271231
-0.927823
-0.272976
5.51277
0.418149
0.87781
1.13969
-0.463762
0.822553
-4.25567
0.354114
0.405769
-0.534556
1.49076
0.0828881
-0.0870882
5.75531
7.75365
-1.80646
3.83504
-1.19416
1.09724
-16.8769
-1.03255
2.0045
1.93665
0.49704
-1.07076
1.97138
0.205337
-1.76734
0.48386
1.28695
-0.907565
-0.00940112
-4.85954
61.9983
-0.326544
6.82866
-0.908822
-0.148903
-0.855363
0.574772
-1.56628
-0.384879
-3.72565
4.24656
1.05114
0.815612
-0.410986
-0.17548
5.38713
0.357882
-0.197144
-3.59558
0.436466
2.1002
2.21226
-0.836319
0.0932646
1.33472
2.41929
-1.53708
0.938313
0.0478344
9.1145
-2.3787
-11.6353
0.413316
-1.27634
-1.47338
-2.14556
-0.668008
-0.596927
5.8205
0.728886
0.185693
-0.56431
-1.20795
12.8494
-1.738
-1.30733
-0.00186286
1.07284
-27.1877
0.0284961
-0.266097
0.627735
-0.591636
0.871025
2.60813
1.97221
1.43824
-0.739997
-2.05365
1.00004
-5.17726
0.559622
-0.0576421
-3.18674
0.614241
-0.156668
0.918898
0.794905
0.209407
5.36833
-0.671823
52.4946
-0.851649
0.0268802
3.90904
9.54993
-0.557899
-0.0401974
-0.144854
0.234326
-3.52313
-1.40758
0.257509
14.0947
1.4891
-0.201072
-4.08042
-6.49814
0.00421985
-1.64179
0.730657
-0.628683
-0.225616
3.90078
0.901628
-0.0946962
2.32674
-0.271007
-1.27297
-0.960484
-1.54592
0.0320323
0.055703
1.41403
1.34389
1.36037
0.95078
6.33191
-0.490207
-1.01272
-1.19273
11.6452
-0.258445
3.13319
1.40417
-0.131337
126.945
-0.238699
0.14674
-0.134071
0.962732
0.390441
-2.43551
3.58281
0.4043
-0.498471
2.55829
-0.977586
7.47
-0.186005
-1.23474
0.0488844
0.378952
-0.506137
0.489233
-0.334783
1.36005
0.0987384
-0.232058
-8.76982
-0.184556
-0.139107
0.413385
0.180309
-20.4414
-1.62444
-1.14684
3.21324
0.496798
-0.194996
0.544873
-2.18232
1.62957
0.382098
0.18034
-0.174294
0.407267
-0.0671083
0.788397
-0.127615
1.09994
-0.570276
-30.5227
-0.496179
-2.07978
1.01944
1.20944
-4.04315
-3.9827
1.05931
-355.526
1.20429
0.485008
50.6758
-1.54748
-2.86144
-0.471349
0.121125
1.21477
4.60861
2.64127
-1.95414
0.559969
-0.196816
0.600334
0.960597
0.504865
-1.62184
-0.473714
4.02325
-6.05188
-3.32112
1.30647
0.211966
-3.69795
-8.69582
1.17308
-4.50996
-0.512096
-0.191187
-0.913293
49.1789
2.15694
1.09048
-9.03784
7.46122
0.643086
6.02818
0.134633
1.02018
-2.46621
4.37858
-0.0951031
0.166215
0.272861
0.578618
-0.0257343
-4.64245
3.08063
5.3274
0.75214
-0.933506
0.0589205
-2.46383
4.71144
0.823116
-1.75204
-1.21455
1.44808
1.26415
-0.898354
-1.36449
-0.641043
-4.59219
0.718803
0.232347
0.778371
-1.39704
6.0099
1.7571
1.24448
1.41832
2.01306
0.849104
1.60474
0.810247
1.05296
0.118413
-0.173958
49.5081
4.56737
-0.66605
-1.39723
-0.711379
0.640973
-5.471
0.231223
0.206749
-0.920679
1.31055
-0.415388
-2.14468
-1.01293
1.1482
0.409747
-1.59464
2.1786
3.97773
1.2724
0.257157
0.765173
-1.00917
-0.500889
1.85582
-0.373268
-3.34392
-0.0623679
0.10976
1.35698
0.34014
-0.974547
0.958792
2.9245
-0.874966
-0.0872629
0.328244
0.256158
-1.68317
0.487497
15.7981
-57.3111
7.5963
-0.469802
-0.150125
-0.278137
-13.4163
0.242438
2.20003
-0.908366
-27.7673
-6.79569
0.808749
-0.368701
0.652003
-0.879972
-0.604191
-0.328478
6.09331
-1.57395
-175.293
1.67042
-4.09128
0.858218
-0.00656453
1.59537
-0.130156
-0.543244
-2.89629
-2.87249
-3.59628
4.17981
0.619335
-0.0812645
0.63972
-5.85571
-2.20618
0.0386267
0.226618
-0.848565
-3.17922
-7.00179
-0.66941
-4.17577
7.95379
-0.538994
2.84338
3.74236
-0.0862849
0.401369
3.82681
-4.31344
-0.658702
-0.774162
1.73039
-0.384586
-2.04142
0.883687
-0.989855
-0.947278
-0.950507
-0.911012
-2.9841
-7.91625
-5.16727
-0.0487464
-0.870006
1.87393
-1062.55
-3.6112
-2.50235
0.299653
0.79726
0.306041
-0.626846
4.09767
2.23402
-1.82853
-0.103631
0.702816
-36.817
0.358335
-0.213701
-1.61161
-1.0506
-0.881489
1.64877
0.595946
0.283391
-1.07394
-0.208991
-2.69829
0.210715
0.869054
-0.935197
-1.3217
0.908079
-20.7215
2.23168
-2.1765
1.16543
0.889655
1.91661
-5.91305
1.18912
-2.84059
-1.68273
0.327247
-1.83504
2.5199
-2.8829
-14.1147
-0.000618413
2.78856
-0.885002
-1.40275
0.274861
-0.371073
-10.1746
-1.01453
-5.93726
2.68439
-0.350565
-0.503278
37.1755
-0.500395
-1.03608
-1.0896
1.18069
-8.69888
-0.326408
-0.176837
1.14479
1.99538
-2.94769
-6.75771
0.150104
0.666602
0.83011
-4.80165
0.377966
0.436948
-9.95693
0.0807244
-0.388892
4.07039
-2.60428
0.139532
2.55555
-1.54426
-0.536582
19.5166
0.211823
-1.00379
0.169314
-2.92389
-0.392271
49.5416
0.633574
7.12696
0.81579
-0.445442
-0.975662
1.07677
0.0195578
-1.22177
-0.0639941
-4.38703
-0.804326
4.00806
-3.5024
-0.465451
1.69388
0.0867145
3.59228
-0.220943
4.88596
1.50312
7.77873
-3.36176
24.8002
0.892095
-0.138364
-1.74387
-4.76282
-0.647899
0.0612398
3.77924
1.36536
0.718015
-0.2395
-0.169041
16.3275
-0.699256
1.77299
0.5687
4.37546
0.468708
-1.79228
-0.319875
-27.7791
0.467234
0.628251
0.631183
-1.15835
17.0148
-0.25252
-4.11303
0.646044
-8.51517
1.3426
-0.826853
0.728778
-0.709163
2.0987
-0.675057
-3.52055
-58.9483
-7.86933
-0.44366
7.77828
0.0904051
-0.623493
-0.876828
-0.0208028
0.327554
2.82673
-0.707769
1.23945
1.39843
0.243764
-3.09189
-0.215766
-0.791174
0.505114
2.13387
0.420237
0.504102
-0.728537
-3.20839
-13.7134
-1.67136
-1.23441
0.337587
-0.0261729
-2.02294
0.556273
1.08353
-1.34244
-1.04055
0.870687
-9.64622
-0.863146
-0.851031
-4.5572
-0.021739
4.64139
-0.0357813
-2.26495
1.1976
0.0429898
1.88777
4.00921
-0.499897
-4.5558
-3.41569
0.452612
53.8123
138.815
-0.637189
-0.630672
-0.191099
6.57114
0.685766
0.0366316
0.844489
-1.13393
0.147419
1.00654
0.291612
-0.676934
-0.571062
-1.46684
-3.18201
1.03975
0.869031
-0.532548
8.66844
-2.48916
0.991161
-1.80747
0.144792
-0.686595
-0.675107
-0.896932
2.75282
0.28376
2.09611
0.497057
-0.377695
-2.01341
-0.0405192
1.38197
2.4657
2.84036
-6.35905
-0.75327
-0.18606
-2.9608
2.3429
-1.03648
-2.47679
1.18237
-0.115012
0.363259
3.94965
35.795
0.217446
1.66912
-1.07705
1.15987
-47.0161
3.34321
4.30627
-1.78349
-0.0983506
2.14413
0.389929
-1.17238
0.282775
2.11719
10.8966
-0.663323
0.605297
0.79714
0.190263
-0.115198
15.8757
4.02536
0.627036
-0.831532
26.4088
-9.87894
0.501335
-1.67286
0.977869
0.00877971
1.79687
0.870968
-2.63386
-1.18489
1.95113
2.46329
0.147742
-0.102215
0.129865
1.37959
1.94297
2.24534
0.0234001
0.507675
-1.845
-2.54375
3.4698
-0.8515
-0.527534
0.149363
-1.05152
0.928575
1.2253
0.841988
4.02626
-2.56795
1.40645
-9.93025
-0.122553
1.9256
-0.775434
-2.71215
-0.157612
-163.251
0.590624
2.57671
-0.668393
1.53094
-1.79292
2.60671
-1.3342
-1.99221
0.269772
3.34276
-20.144
0.386845
2.61636
5.49572
-0.594371
0.894313
0.535901
1.548
196.942
4.29233
-2.75214
2.98381
0.10938
0.458273
-6.09119
2.16092
1.24786
0.616567
0.389762
-3.75658
8.99789
-0.135388
-0.608873
0.303277
0.37829
0.376999
7.83383
0.418145
0.814483
0.286966
-1.19998
0.67903
-12.0378
-10.3996
1.12178
-2.49995
0.864127
-1.42514
0.554392
6.18071
-1.02159
-0.00953253
1.67022
-0.414709
2.13136
-1.2372
-0.155014
-0.223309
-23.1101
0.0374359
4.53443
0.485738
1.5402
-0.215531
-0.683525
-0.140547
-1.24892
0.628705
0.432146
-7.96824
-0.764345
-0.731342
0.873699
0.0370648
2.34704
-2.20907
1.61852
-0.119862
0.227731
-10.391
2.27722
0.0580627
-0.256852
-9.39777
0.655239
0.681376
-2.42033
-0.0388419
-3.33121
0.751772
1.17712
-1.68432
1.59742
-0.453931
1.17461
-1.70072
1.89289
-3.0506
0.0705209
1.00541
-0.314116
-0.215749
0.231509
-0.182764
-0.994226
-0.963815
-1.58351
0.44842
0.437563
-4.02293
-3.29312
0.153265
-3.86335
-1.45671
0.487936
-0.282823
3.00764
-2.00696
-1.01952
3.65867
15.2919
-7.37843
1.41939
-8.43866
-0.066846
-41.2224
1.27739
0.236595
-0.56073
3.57845
-0.85198
-1.47816
-0.207496
-0.518697
0.0221221
-0.625258
44.8728
0.370048
-0.210676
-2.00243
2.54847
0.521868
-2.48719
-0.26106
0.774402
-0.524842
1.96152
-6.27953
-0.444301
2.5887
0.456434
3.5753
1.04141
-0.344967
0.698342
1.70745
0.0885924
-0.368238
0.380525
20.5185
-4.514
-0.88325
-22.823
-0.383105
-0.683605
0.896986
0.55234
4.80372
-9.63728
-1.53957
0.0874844
-1.76848
-0.333258
1.00614
-0.296457
0.915623
1.68002
-18.0261
9.49936
-0.409581
0.0450996
0.868578
-0.046462
-4.10265
1.884
-32.1861
-1.2699
1.10192
-1.36668
1.37761
-0.252198
-2.49988
2.57038
3.77034
0.167599
-0.822093
2.18822
-0.520555
-0.831749
0.61721
0.540676
-0.759743
0.379232
7.36069
-0.107952
6.0917
0.166559
0.901579
-1.3874
7.5294
-0.0564264
1.2734
0.839665
-0.564376
1.99401
-1.17515
-85.6188
0.960309
1.24092
4.77196
-5.68109
-1.18354
-3.56453
-3.47669
2.02131
0.529451
2.16149
0.843185
-2.93365
2.404
0.138735
0.802656
-2.97761
0.185705
-22.858
-1.09779
0.438352
-3.58152
-0.676681
5.14608
1.31481
2.78008
-2.38671
-1.12933
-2.192
0.770181
-2.44252
-1.43134
-0.132381
2.69284
-2.06848
-2.77342
-40.3735
-144.493
3.01753
-0.261957
1.61289
2.86931
0.378507
1.29579
-2.05743
0.00903431
-1.04374
-3.02879
-0.878828
-5.63827
0.812162
1.29795
-7.90328
-1.42044
-1.98965
0.586769
0.384797
-0.917707
-0.736926
-0.0891259
-1.3666
0.0419626
0.873247
2.02482
5.28405
6.87712
-0.480136
0.60722
0.156306
0.195393
-0.2455
-0.718997
-0.182995
0.666869
0.290647
-1.48242
-1.35643
-0.015398
8.94924
0.322472
12.421
-0.0598483
-0.914811
0.922447
-1.16197
-0.361002
-6.38929
-3.94277
12.6878
-1.03719
-1.08291
0.382591
0.175947
14.5741
2.3486
0.229056
0.412476
-0.711227
-2.62003
0.511439
1.69169
-0.938008
-1.7965
1.22181
-0.552427
13.5801
-0.881082
-2.3595
-1.21842
2.01228
0.564095
0.632574
-0.915006
0.981744
-0.00731672
-0.0768058
0.805283
-0.0989517
-0.912513
-1.90951
-2.87728
1.23115
-5.05625
0.641959
0.813442
0.389867
0.410816
0.794533
3.22284
-0.83016
-0.0244379
-1.00596
1.41859
-1.29533
-0.0865611
1.00799
0.0864979
0.510235
-1.0082
4.50346
-1.86074
-1.65271
-22.391
1.20158
55.233
0.91633
-0.858144
-1.23489
-1.16339
-0.495341
-0.0628263
-2.05725
-0.0730621
0.930354
-0.060602
-2.08442
-1.06782
1.67364
-0.734931
-0.297047
-20.2377
1.43475
-1.84676
-10.3864
-1.16344
-0.149781
1.33297
-0.0615781
2.64788
-1.76919
-1.57619
-0.633174
-0.805661
65.9685
-6.42446
-1.1263
-2.22492
0.184581
-1.07604
-0.12769
-2.3422
-0.0682939
-2.56275
1.47898
-0.246247
-30.7726
3.51402
-0.0203251
-0.176356
-3.73321
-1.04296
-31.4377
6.24338
-3.52767
0.536433
-889.534
2.33197
0.220313
0.542134
2.64343
-0.672022
-1.05845
13.4308
-2.58595
0.827223
-2.06343
0.390893
0.109471
3.31414
-0.204687
-0.618514
0.0249398
-3.5614
-0.0101375
3.73584
0.22363
0.844519
4.97034
2.46483
0.303094
0.937246
5.37014
0.374553
-4.61587
-0.150927
0.187134
-0.571736
1.63536
-1.81738
-0.000298764
-0.983165
-1.94031
-3.76905
-1.58943
0.94812
2.95813
-3.75715
-0.318701
0.602481
1.45661
-2.61327
0.227498
3.95093
0.414951
0.563431
-1.88304
2.74239
-2.93539
1.30199
8.78438
40.4667
-4.24667
0.0956487
-0.918943
-2.40101
14.9985
-0.137197
-12.7818
-0.372644
-0.170428
0.0616873
-0.164504
-0.196058
0.986362
7.25676
-0.541262
2.7289
-1.52433
-2.57229
-0.120646
-3.46699
4.3448
1.31712
-2.00645
-0.990189
10.7855
0.582082
1.6246
0.184725
-1.41589
0.0466214
0.839692
0.00339701
0.163196
6.86552
0.0265473
-10.6844
-0.26455
-0.544269
19.1116
0.629182
-1.05187
30.2926
0.596804
-3.52089
-1.95565
-3.16778
2.95792
1.94275
-1.25475
8.28443
-1.17896
-0.691075
-0.15275
-2.45293
-8.24763
0.228042
-0.701773
-1.16387
-0.248776
-2.5486
-0.717838
0.658186
0.735643
0.24941
-2.65804
-222.736
1.67067
-0.588562
0.452271
-1.17312
-3.95075
-1.73277
0.708597
125.518
2.74608
0.349689
-1.73268
0.120465
-3.54222
-0.594857
-0.626982
-0.551926
-0.626679
-0.797195
1.3056
0.522738
2.17965
-0.628155
0.159728
-0.400717
1.10323
0.293125
-1.1924
-0.228571
2.71764
0.470496
1.60746
0.612037
0.247017
-0.514171
-0.256326
0.702422
-0.655859
-1.09895
4.72387
-0.388985
-0.377351
-1.6742
-1.61094
0.501802
-0.270177
-1.78423
-6.24006
0.687133
-2.44388
0.395781
-1.14705
0.0771636
0.380876
0.0513728
5.71174
0.545126
-0.269584
1.57015
3.27537
-0.283041
-1.18733
0.758688
-2.29898
-0.0133513
-3.67143
1.64876
-0.105547
3.61878
-2.15385
-0.0940609
-1.63525
0.367207
0.819146
0.152138
-2.61657
-8.66381
0.132122
-0.0963802
0.457771
0.823336
-0.0626962
-0.0630317
1.57799
-0.439222
-0.11216
0.185198
0.446612
-0.522198
2.25722
-0.739008
0.26001
-4.9052
0.924792
-0.965404
-2.43914
-0.971853
0.932388
-0.00441191
0.459604
-1.27803
1.13228
4.30267
-1.16701
-0.201859
-7.93758
-1.04795
-1.72928
-0.876297
1.11742
0.645072
-17.9152
1.18939
-1.22569
-3.00006
-3.99108
-1.35512
15.8984
-0.536556
1.33439
-0.444195
5.96434
1.44562
-0.843937
0.611449
-82.0016
0.566482
0.668485
1.66816
-1.05585
-3.47256
-26.7044
0.012731
-6.89814
-0.411638
6.63592
-3.13794
-0.509095
0.531445
-3.63729
0.497892
1.09009
1.92064
-0.0870728
7.55525
2.0371
-1.04464
1.28413
0.387643
1.76215
-1.49805
-0.667592
-0.680094
1.98967
-193.224
0.356527
0.657356
-1.08187
-1.88483
-1.85204
3.11874
-2.10103
-1.37204
0.892794
-0.649923
1.1271
84.5683
0.431626
-0.34701
-0.489457
-0.460588
1.07969
-1.17849
0.773143
-0.295556
61.3285
1.22722
-1.26522
-0.282852
-1.03847
32.48
1.05049
2.57928
0.222261
0.565046
-2.06386
-21.4979
-0.0601352
-0.216797
-1.6228
-1.1488
-2.14382
1.02974
-1.17042
-15.4245
-1.25466
-1.01533
-0.356211
9.97133
0.311212
0.672662
20.717
0.142595
-0.0790853
-1.63187
-2.2199
-1.63119
-3.05015
-0.171291
-7.72356
1.72087
-0.707606
-2.42485
-1.61473
-0.661733
1.324
-3.98105
-0.395495
0.151601
-3.3014
-0.0525879
0.203364
2.14643
0.193105
-0.408638
-0.0290983
-1.48625
4.29401
2.3207
-1.12911
0.49778
0.105061
0.0463958
0.0504843
-161.564
-1.42697
-3.68467
10.2092
-1.64562
-0.0121879
-2.0373
0.839329
1.80703
-0.922695
-0.859477
-0.359304
-4.95253
521.983
-0.162076
-0.674044
0.102971
-0.268287
15.0067
-1.06255
-0.187291
0.0767085
0.50931
0.555533
-0.704685
0.888249
0.988054
0.787823
1.94372
0.0814078
0.540662
-2.47076
-7.00286
-1.58984
-0.178382
1.1351
0.442661
-2.21297
0.925377
-0.0437974
-4.10355
7.78968
-0.664236
-0.691589
-1.88877
-0.127137
1.36673
-0.342731
5.0281
-0.704926
0.419436
3.33537
2.55849
0.432853
0.590591
0.0473667
-1.06888
1.16169
-0.360976
-1.85332
-1.28616
0.676308
-0.151134
-0.405242
-0.130087
0.0681854
0.218552
0.218509
-6.63284
-0.00356839
0.0825518
-0.295795
0.198206
0.371032
0.0367195
0.506542
-0.532194
-12.2299
0.427055
1.78695
-0.427642
1.58947
-0.415614
4.42875
6.93454
3.97139
1577.69
-0.509849
-1.11568
0.0209118
-0.734613
0.253369
0.760496
-0.198735
-0.331244
-1.14831
-0.402837
0.912112
-0.26297
-1.82215
-3.97251
0.394413
1.49011
0.575192
1.27175
-1.93799
1.75752
-2.21001
-1.02718
0.0306179
-1.20507
-0.510457
-1.00742
0.433932
-0.206407
0.322386
0.482539
-1.66519
-0.829204
-2.27712
0.785432
-1.08677
5.29003
-4.3895
7.94981
0.0939286
0.866751
23.7983
-2.49439
0.267234
-0.741843
-4.59372
-0.686357
0.555934
1.48326
0.526779
1.0691
1.96078
0.000263524
0.226982
-1.82489
-5.24451
2.84832
4.03466
9.85674
1.93151
0.114078
-18.2164
-1.11789
-1.13851
0.202069
82.3606
6.10504
-0.962962
0.127599
-2.37361
-0.603732
-0.469672
21.151
-0.952806
-1.62113
-0.726648
-4.61462
0.31317
-2.46787
0.177095
-0.0511983
0.103576
-0.56657
-5.41732
0.406668
0.784741
-0.0485574
-0.867073
0.356657
-0.101504
1.55661
-0.521206
-0.720587
0.646508
1.59518
-2.05872
-0.0233117
-1.79151
1.94732
-0.715022
-2.73039
1.28633
1.93385
0.626117
-3.00985
-1.0722
0.639171
-7.90902
2.50591
-2.43647
-0.719231
-15.0098
0.121587
-2.22897
-0.656271
0.34466
0.0714294
1.01453
2.04781
0.177849
-3.50171
0.586749
-1.82605
1.91408
0.465031
-19.9005
0.945184
-0.169764
-0.227506
0.344843
-0.229211
-0.465472
1.64765
3.72388
2.25814
-6.59198
-0.0449737
-0.424447
-19.1303
0.926211
2.32418
-0.221422
-0.706628
-0.0471363
2.53838
-2.54162
-0.398325
-0.650072
0.984431
167.829
-6.04214
-1.57024
-0.784334
-0.989548
-0.501981
-1.23725
0.498585
-0.0301555
-3.39406
0.142155
1.16977
-1.31717
0.199768
1.61832
-1.62118
-0.811256
-1.65353
3.24332
-8.10603
-1.2543
0.935094
1.84334
0.332805
40.5909
-1.06425
0.665899
-6.23009
0.686037
4.28646
-1.23055
-1.15058
5.41003
-0.275884
0.178924
0.388486
-1.62906
-0.914203
0.376109
-0.261115
-0.172828
0.0309617
1.0567
-0.355502
0.130538
-0.0844476
-0.639896
-9.19485
1.22005
-5.03006
0.822579
-0.0585641
0.0614707
0.0758616
-1.90428
-8.76889
0.404576
-1.631
-0.835841
1.02315
0.481583
-1.04443
-12.5964
0.139859
53.8426
-1.78188
-0.552034
-1.65132
-3.48716
-0.220254
0.00590071
-1.87979
2.59683
-13.9798
-4.76381
0.233968
2.52876
1.91958
-0.489589
3.15877
0.447997
-0.0453688
-0.45583
0.0406955
0.22583
-53.2556
1.68966
0.931654
13.4162
-1.12579
-6.29369
1.07587
0.481026
-18.1908
0.0173513
1.23767
6.18091
1.44462
9.36424
0.616678
-4.25457
-0.761544
2.53444
8.05335
1.11118
-0.922446
-0.274705
0.867179
1.06654
2.73176
-4.20847
-1.39223
0.160694
-0.00491583
-6.40139
-1.33776
-0.731549
-0.361807
0.103424
8.14684
3.51273
-0.32159
3.42087
-150.805
-0.465808
-3.14836
1.97234
3.11965
0.138257
-3.60851
5.07827
-0.00778288
5.26299
-0.514236
0.692883
-0.198329
14.2998
-35.6846
1.15434
-0.504335
1.61419
-0.332266
-0.324222
-0.194815
0.298452
-1.4829
-1.14013
-1.98176
1.88495
14.8625
0.0904835
-0.94958
-0.150724
5.32434
0.973424
0.375075
-1.47404
-2.0426
2.23379
0.391712
-0.112823
0.767712
-1.52653
-0.614714
-0.0561838
0.98319
0.57905
0.571658
0.117144
-1.57448
1.57153
-0.160927
-3.52746
-1.33699
-1.26951
-1.47635
-5.25975
-0.139279
-0.938828
5.24023
20.2468
-1.38664
147.15
-0.812743
0.701062
-1.30795
0.504357
2.08927
4.71804
-1.14432
0.963966
-1.2919
-20.0946
2.69612
-6.87817
1.83478
1.46646
-17.1656
-0.084954
2.6037
1.48509
0.426112
1.28395
1.23496
0.120937
-1.02672
5.589
-10.3518
-0.240652
0.375719
0.0395599
0.188958
-2.76987
-0.321951
0.167834
0.0562287
0.114118
-0.775315
-2.03469
7.47313
-2.77182
0.00192169
-0.689682
0.986107
0.0548641
-3.33891
121.045
0.0421007
-3.19646
-1.37611
0.497192
-1.19131
0.07108
0.840966
1.1731
-6.46619
-6.65669
-3.21991
0.28178
-0.742591
-1.52768
-3.49239
0.577451
0.555658
0.498722
10.9607
-7.12551
0.157141
7.08186
0.193656
-0.263405
0.639493
-0.243122
1.95459
1.35861
0.0248924
-0.170084
-1.16489
1.71947
-1.44772
-0.213038
0.906272
-2.04369
-1.15621
3.21616
47.7292
-2.05464
-4.67896
-11.4555
-0.359578
1.00098
0.126387
10.2063
-0.469898
0.531507
2.62275
-10.8935
0.509962
1.64412
-0.714361
-0.247152
0.127676
0.2677
-2.5612
2.00825
0.358818
0.483888
-0.0395987
-2.88549
0.618202
-0.326261
-1.36011
0.249561
-0.825187
0.328466
0.855206
-1.93074
-0.539555
-1.02593
0.980036
-1.46243
0.954749
-1.28537
-0.42491
-0.80827
-0.14033
-0.0718649
-7.62075
0.667511
-11.3809
1.81777
2.76947
-1.11764
1.00091
0.610441
-1.10222
0.746963
-1.21886
1.05687
-0.142501
-9.75955
-3.33006
0.119148
4.46987
2.52008
-0.288073
1.01443
-0.92617
-1.65585
2.24279
0.348381
0.11385
-1.02584
0.349178
0.403701
-79.0623
0.514679
9.71613
-2.21197
0.474548
0.245347
0.646009
2.74557
-1.77877
6.36564
6.27868
0.973005
11.443
0.279449
3.75864
-0.804685
1.22772
0.721068
-0.333542
1.04998
-2.41515
-0.970062
-5.60438
0.00083856
0.468233
-0.941397
-16.0262
-1.94227
0.467263
0.0968152
-0.0431973
1.38804
-2.77534
13.6261
0.256631
1.55787
-2.348
-0.0555906
-1.15425
-0.963534
-1.33269
-0.463418
-0.198433
-10.6782
-0.807173
-3.4439
0.124663
0.151536
-2.24797
-0.50915
-1.79651
-2.98369
-0.809548
44.1524
-0.822987
-1.59827
-0.471353
-0.698472
-4.42767
-0.0910835
1.62504
-0.199943
-4.84888
-0.702318
-1.5886
-1.8585
-0.88372
-3.01554
-0.452866
0.10991
0.362914
55.4493
1.95241
-5.01715
1.62822
1.47855
-0.129052
0.263733
-4.19324
0.60782
-0.3057
0.118609
-0.70437
0.568438
16.6105
-0.104108
1.00731
0.107764
0.371047
1.02323
-0.0774691
-0.792412
0.547518
0.190937
1.71102
2.70093
1.53867
-0.986228
-2.85766
0.119581
2.84964
-0.315889
2.6733
41.6599
-0.171132
1.26015
1.22772
0.198312
0.299777
-5.87582
-0.504854
-0.672933
-602.183
0.942596
3.05577
-1.08943
-11.7733
0.518885
-11.7067
6.705
1.27024
8.10378
1.00933
1.09561
-6.55847
-0.134608
24.8685
7.16438
-10.1041
-0.138548
-2.94923
1.18457
-0.716337
0.606442
-3.59409
-1.13351
1.93172
0.349318
0.0858136
6.71513
6.05963
-1.66693
0.765735
0.86347
-0.873982
-0.423328
-0.446188
-0.588364
0.259385
-5.11996
0.307278
2.22729
-0.350301
27.5044
-4.94754
-0.504258
-0.23125
0.638567
-24.3547
-2.88692
0.540955
0.920729
2.38726
-7.03259
0.738054
-3.61821
0.590004
1.40269
0.609094
-1.14003
0.291795
0.664015
-0.534766
0.35963
-0.734383
1.16303
0.297508
-1.32978
9.55376
1.54756
-0.822766
12.6457
1.9573
-0.544285
0.651705
-0.411917
-0.704406
-0.498961
-1.9241
-0.663862
-0.27826
19.7609
-22.5773
-0.70477
-4.86104
8.11236
-0.0446699
-6.8205
-0.416255
-11.6911
-2.55631
1.80463
-0.179134
-0.697414
1.69783
27.5358
-0.638935
-2.62567
0.830676
0.170347
1.80141
-0.598706
0.892956
25.5154
-0.885824
6.75951
-0.749158
2.32791
3.56051
-6.44673
-0.791486
-0.0944598
0.227481
-56.6346
-16.52
1.86743
-0.25468
2.99147
-1.1935
-0.958372
-0.809832
0.192542
27.429
-0.509696
0.283803
-2.68046
-4.47052
-471.335
-4.50697
-1.56219
-6.29369
-0.264718
-0.36498
2.72661
-0.221603
-0.686246
-1.52474
-0.140722
0.188059
-0.886037
-2.51696
-0.764302
-0.35488
1.36319
1.06748
-0.389725
-1.24008
2.84607
0.925782
-1.78834
0.319435
3.70722
-0.144624
-0.25404
0.703603
-5.46256
1.90818
0.141372
-0.00914954
0.600935
0.606983
-3.98599
-0.590049
-0.915328
1.42784
-2.72559
-13.4174
-0.0724105
3.08152
-0.343456
3.84897
-11.1185
-30.5924
-3.31924
0.12625
-1.5531
-1.36517
0.955749
-0.150577
0.621418
0.456933
0.659147
-0.135825
1.29699
-2.9739
-0.401959
-2.65888
1.9047
0.263921
0.120594
0.569464
-2.53994
-0.720211
-2.22872
-1.31784
0.055837
2.08923
0.062411
10.0064
-2.47417
3.45597
0.174
-0.420969
0.544303
-0.0424329
-0.972997
-1.15872
-0.308925
-0.0503633
1.35265
-3.11649
-2.8412
0.519229
-6.84543
1.19407
-0.167327
-0.756589
3.16647
-1.75559
-1.56259
-1.34677
0.114568
-1.47259
1.16807
-1.1753
-0.0568108
0.262622
0.674502
0.571534
-1.98149
-0.307361
-5.11698
0.338171
-0.731307
24.0604
1.11154
-1.04132
-14.6818
-1.65107
-46.0174
1.41769
-3.44808
-0.362754
3.5502
-0.394247
-0.472207
0.405037
0.87351
-1.30826
-12.7513
0.693363
0.32892
1.16476
0.577633
0.365196
0.315333
0.50083
-1.30252
-5.98797
-2.20864
-0.683133
0.564533
-0.168001
0.0815476
-0.0601485
-0.58266
-0.176653
0.804416
-0.704352
-119.126
-0.327919
0.60188
0.686953
-0.251951
1.64545
0.113473
2.23197
-1.82485
0.349729
3.04676
-0.681306
-0.663596
1.65416
-0.178556
-0.251833
-1.18306
0.0720776
-0.436703
4.68173
0.719948
0.609374
-0.850625
0.860014
6.75552
-1.7097
-0.438812
-0.94739
-0.667452
-0.603544
0.872715
26.6701
3.89122
-0.738994
-6.07968
-1.01157
1.87848
3.13698
-2.45874
-0.117456
0.0420322
0.852638
91.3609
-2.41777
0.390077
-7.49306
1.79062
-0.969941
0.80481
1.44836
-1.28055
-1.16215
-0.443198
-0.546459
-1.9516
0.485008
-0.271811
-2.14534
-0.883045
-3.3361
1.46482
-1.71152
1.29226
-0.265862
0.101922
0.1243
1.80541
0.519667
2.29491
0.0270779
2.29534
-0.624309
0.389283
0.583644
0.444452
-0.80297
-4.6524
0.327789
0.81672
-25.1077
0.627476
-3.66056
-0.428784
1.54326
0.846146
0.0715814
-1.18557
0.0673267
-0.00152235
-36.2439
14.5326
-0.248445
0.763067
-0.362895
1.3774
0.51393
0.705906
2.62023
-0.138838
1.01019
1.03016
-0.587764
0.611961
0.916582
-0.536567
-0.351498
0.0797363
0.504373
-0.172355
2.74727
1.69574
-1.17778
-4.72137
2.5514
0.431206
3.70531
1.36908
-7.98647
1.52446
-0.0107962
-0.109551
-0.828609
0.158549
-0.0520218
11.8041
-0.451078
0.899215
-20.0314
-0.303658
1.49056
-5.79758
-23.6532
1.48557
-1.03015
-3.11972
-2.96861
-1.48121
-0.142017
0.418555
1.08284
-0.00520162
-2.36764
3.39465
0.135426
0.336092
-0.0160891
5.89089
-0.583027
1.42575
0.0663138
0.63384
3.55786
-0.354525
-0.502863
-0.338578
-2.4601
-0.303896
-1.29976
-0.690761
3.14296
-86.9183
16.6274
1.30734
0.357325
-1.05976
0.747248
-0.999771
-2.12108
-1.02837
1.27544
2.99481
0.654816
-0.344176
-5.72527
-4.07514
0.0843422
-2.42474
0.882112
1.97337
-0.44471
0.440136
-1.18554
3.28046
-2.3931
0.728997
7.6972
2.25804
3.25477
0.0690476
-1.94355
7.61524
-1.00253
-0.0144448
3.43361
0.252958
2.39424
-1.55039
1.73343
1.39662
0.933248
-1.27312
0.00742499
-1.61707
-0.72054
-0.988254
-1.29897
2.95902
-0.0082079
0.343401
4.70761
3.01374
0.325238
1.33796
1.20531
-3.57184
-0.0286925
3.49439
1.71796
0.508483
-0.354108
107.072
1.91101
-0.889067
-0.221144
96.3991
-2.67557
-1.79883
0.661727
7.23108
2.39785
-1.35755
17.1104
0.892138
1.81981
-0.639654
-0.0640813
0.969482
0.110337
-1.43241
1.05749
-1.12298
8.09527
-24.9492
3.7656
-0.796726
-0.993017
0.167416
0.553427
1.84426
1.27816
-65.6569
168.324
0.346583
-0.555438
0.396665
2.27923
0.171698
-29.7001
-1.03856
1.03161
0.197844
5.5984
0.783166
0.945936
-2.07994
-0.460367
-0.512091
-0.0233287
2.29769
0.905941
-1.38912
1.78379
1.08985
-2.77008
0.865574
-4.22964
0.7328
-3.21269
0.354228
-7.1283
-0.584355
-6.03011
-8.46188
-1.09563
0.36301
0.510359
-12.3265
0.06279
-0.147724
-4.26266
3.15691
0.261097
-0.130236
1.17503
1.24593
-9.62665
-1.00774
-0.0621379
4.12004
-4.68817
-0.0629762
0.523073
0.110286
2.76855
0.400991
-94.6411
1.0147
3.84883
-0.740694
0.807179
-1.24993
0.418748
-17.318
1.69717
2.29676
0.54035
-0.134436
2.67788
-4.30309
-1.15015
0.131531
-0.476749
-16.8992
-1.39545
0.0345257
9.29081
0.600739
-0.367962
-2.01062
-0.00368265
0.202526
-0.66624
0.949734
-0.187113
19.4774
1.63359
-1.75814
0.63068
0.0991467
-2.25293
-2.96114
-1.06828
-0.125541
-0.650872
-0.704246
-1.03272
0.151882
0.735304
-1.39797
0.696943
-6.97942
-2.3779
-0.15792
-1.5785
1.87513
-0.63656
-1.50028
-0.057694
-0.714021
-8.50387
0.84468
1.50298
0.863656
0.269705
7.28463
-31.8009
11.1304
0.590235
-0.216507
-2.70983
1.02099
14.3256
-7.03099
-0.584148
1.89409
2.0731
13.0904
-4.76841
-0.0299848
0.923242
-16.2851
-0.123756
-0.814396
-0.35409
-2.85603
1.11464
0.440301
-1.64174
-0.080599
0.451645
-2.89252
-0.185399
-0.444594
1.46059
-0.801269
3.23443
0.0758781
1.92572
0.327634
1.11816
-0.243111
1.94895
21.4623
-0.554678
2.00339
-0.71852
-0.844635
-1.27941
-0.792999
-1.65214
1.13958
0.980439
0.0527755
-0.591873
1.91445
-0.803744
2.78161
1.73439
0.309477
-0.245071
0.803895
0.365191
-2.75893
-1.63434
0.587213
7.60593
2.26887
-1.5584
2.50527
-1.24719
-2.37795
37.6684
-0.0436963
0.239972
0.998808
1.38879
-0.990783
0.926835
0.655177
-0.375151
0.725581
-2.42392
-0.25136
-0.0509851
-0.350681
4.75038
-0.749986
-0.874905
0.104898
0.695843
-0.285221
-5.4925
-4.45381
-0.190976
5.74713
0.494257
-1.74816
7.2664
-4.29549
-2.26837
0.451629
1.87937
3.04773
3.81116
-0.85898
0.204183
0.00190737
-9.96541
0.35743
0.90805
-0.0490335
-1.47453
-1.64085
-0.258104
0.286891
-0.838243
0.916192
1.08913
0.402362
0.418026
2.74502
2.63201
0.997915
0.21949
1.50952
0.369735
0.544668
0.562139
2.84544
-8.33192
-1.26937
1.76285
0.733394
-0.046637
-0.213634
-9.47843
-0.863425
-2.68933
0.329697
0.9846
-2.68921
-0.827877
0.758206
-1.33533
-0.163048
-1.13031
0.393702
1.78231
0.517901
1.57574
0.965603
0.44893
0.389756
-1.07364
0.126278
-15.7333
0.143753
-15.3073
0.23274
-0.669331
1.56844
0.442459
-0.104058
4.92568
-0.767811
0.0806513
-0.38425
-1.60359
-1.9076
0.783415
-1.37319
-0.3554
0.143839
3.70026
-0.619526
-0.678277
1.36082
12.2833
-0.240879
0.731711
0.218664
0.00697813
0.477466
-1.90048
-0.550378
-6.76687
-1.27861
-2.79168
2.1418
0.583528
-0.743438
0.230869
-3.35284
-9.07974
1.26209
0.486886
-0.768932
-1.96279
0.94226
0.764492
0.777118
-0.52974
0.710701
-0.661689
0.0152416
2.42436
-4.10399
2.52575
0.0387764
10.5769
-0.295137
-3.90755
-1.23867
-1.52894
1.04972
1.29898
1.10516
-0.0536415
-162.813
0.307814
0.298531
0.943252
-1.1991
-0.0636677
0.879773
1.02353
0.878839
-2.99053
0.122181
1.42415
-118.184
-0.286141
-3.1126
0.284505
-1.05221
0.388699
1.1172
-1.42799
3.08936
2.50108
-0.577352
-4.85067
-4.29442
3.81573
-3.87566
-1.03102
-1.69469
-0.778895
-1.83933
5.32679
-0.36763
-0.463129
-4.67839
1.00316
-1.96192
7.24062
-9.25269
3.23953
-1.49399
3.46088
0.881472
0.116589
3.33754
-0.604103
0.597674
4.16301
-6.99363
0.0251013
1.81131
-5.85095
-0.400474
2.51068
0.449193
-0.740155
-4.30384
2.35939
-0.00624418
-0.205957
-0.349768
-18.5267
-0.901304
0.988831
7.01598
0.106706
-1.39174
-0.106427
0.679108
1.12019
10.0894
0.112851
3.45209
-0.886579
-9.10969
1.2759
-1.65731
-1.39867
0.273305
-0.865321
-2.01038
2.38134
-1.47282
1.49539
0.834591
1.22053
0.873527
-0.0475287
0.388164
0.670297
-0.318909
-0.303709
179.107
1.21638
-0.891234
0.83754
-0.0936308
-0.861731
-0.313192
1215.22
-1.61705
0.348844
3.68565
20.971
-1.44935
2.11367
-4.45017
0.181645
-0.0613829
-2.31843
-0.55386
0.0296229
1.15349
19.5036
0.48554
0.111336
-4.17729
0.183265
-1.84734
8.2928
-0.0653028
-0.928454
-0.898052
0.274455
-23.837
0.35762
0.225215
2.35559
0.785989
-1.21206
-26.4006
1.98579
0.598781
9.35385
-1.18855
1.76553
0.0738686
-53.2905
-3.59313
-0.767596
3.59954
-0.0567625
-221.866
-0.801641
0.864991
-0.356263
-0.940595
0.116902
-1.80411
1.05197
-9.95251
-0.481274
-2.03101
-0.061917
-1.57306
4.04398
-0.580806
51.374
2.39844
-14.2911
0.861513
-0.519291
1.42172
0.891397
1.08473
-1.73776
0.670091
-0.665544
-0.0823334
0.361743
0.227165
-1.74096
-0.00997076
0.252558
-8.09789
0.395527
0.522436
-0.358415
-0.726945
-0.732389
-0.762009
-0.060447
1.29776
-2.42179
0.054589
-0.514032
-95.2118
-0.869288
0.306075
0.709853
-4.45376
4.13032
-1.57075
1.10872
4.94462
5.87596
0.0965773
-0.0274455
3.88082
-0.0305642
-0.621351
-1.06872
-1.12998
-0.445094
0.850703
1.64817
-2.87274
-2.93982
-0.771081
2.91654
-7.7889
-0.619235
-0.955725
-0.124698
0.56886
0.116883
-1.60638
1.68575
-0.166308
1.26292
-0.348765
0.534537
-1.17871
1.13166
-4.05156
0.154151
-3.71177
-2.52826
-7.48221
0.18781
0.469842
1.39043
-0.119042
0.196045
-6.93575
5.84441
0.533075
1.96261
2.7669
-0.515454
0.78609
-8.52373
2.13076
0.589259
7.47521
-0.905631
-1.31411
0.269574
-0.209928
32.3787
-0.366151
1.9253
-0.481164
2.64122
0.560787
-1.10118
2.87624
-2.00614
2.33046
0.209967
-0.974226
1.47098
0.148156
0.687432
-5.01415
0.0705457
1.32715
-1.81175
-0.273841
2.20104
0.174728
-1.2259
3.84695
-1.35645
0.407462
0.110547
2.86187
3.00937
-8.40359
0.558086
-0.734396
4.82625
0.135539
-0.946416
1.32827
0.467094
-0.349191
0.0412092
-0.848098
1.10449
-1.74235
-0.534251
-1.33809
0.987323
-1.63777
-3.31824
-2.11501
-5.43771
0.187078
1.51556
10.7447
-1.0541
-0.293699
3.67552
-0.769072
0.457544
-1.03978
-1.93755
-0.240778
9.58368
0.211051
1.10531
-1.00446
-3.06772
6.4268
-3.34441
-2.14396
-6.96443
-0.0621204
-0.294269
0.205537
-0.977019
-0.373153
-2.49435
-4.76208
12.4096
0.70596
1.38194
6.8386
-1.78396
0.0624811
-0.278702
-1.73273
-1.4324
2.60808
-0.06039
0.490507
-0.717136
-0.608266
-0.393827
1.0633
1.60963
-1.39452
-0.144562
-0.296029
-0.322886
1.04634
3.72424
1.89732
1.92274
-2.69169
0.851851
-0.359139
29.5951
0.224399
-2.83053
-0.115578
1.18287
0.0102768
-1.30976
7.50876
0.70465
1.58778
0.305429
-0.296157
0.353653
-1.19882
0.278164
-1.09271
-14.4253
0.377043
-1.50459
0.241211
-0.288909
5.42211
0.487669
0.482699
-0.0695809
0.0177036
3.18914
-2.70525
-0.181776
0.145127
0.282664
0.175809
0.272639
0.552475
1.74708
-0.0631978
-1.32514
0.00219644
-1.73171
0.503346
1.4614
0.807685
-2.31302
0.0853276
0.0509401
-19.9698
-1.83764
0.371577
-0.656634
0.916676
-2.87677
0.047289
-0.518627
-0.0470382
1.09808
1.27507
-0.895233
-0.267006
-0.685965
-3.1407
-0.493199
1.29607
9.07513
12.4956
4.30558
-0.836187
-0.534782
-1.01629
-0.609826
-0.225341
0.831784
0.406434
-1.66017
-0.216441
1.37607
1.7541
-0.627091
-2.82315
-2.67065
1.93433
0.961014
1.12587
0.382621
1.38609
2.35811
0.0958268
3.54435
0.185816
-1.99876
-1.60488
5.25199
-0.266193
2.76136
-0.174408
0.0724641
1.25874
-0.196696
-0.796136
0.384669
-1.77848
-1.15874
-4.91743
-0.801689
-0.546566
-0.639961
-1.35336
2.87539
2.19264
1.67292
-0.526244
1.94892
4.85198
-10.3787
-12.6297
-0.577505
8.89273
-10.8957
-2.39115
-0.377692
-2.13159
88.0099
0.543595
0.395264
0.966645
-0.412694
0.321235
-0.136745
0.402059
-0.802322
-13.6708
2.18891
0.0529872
-1.21641
-0.390188
-0.120514
-1.29822
0.293075
0.450424
0.859947
2.48253
-0.494114
-0.948294
7.57067
8.99502
-0.315727
-0.315342
-1.47191
-5.34447
25.1427
-2.30644
1.13167
0.289697
1.04285
0.189993
-2.43205
-1.81298
-0.252958
-3.04963
-2.97059
0.993405
-0.498341
0.466541
1.11255
-0.71075
-0.420351
-14.0378
2.61038
-0.53847
7.79376
1.64935
4.04775
-5.8051
0.266339
1.36151
0.545502
0.0150678
-0.275808
1.99303
0.458627
3.48311
-0.51849
0.0754452
1.27475
-3.29707
-0.570923
-0.0462539
0.293969
-0.472141
-9.70932
0.104756
6.1811
0.956632
6.48
0.211284
0.290482
-0.493141
-2.87106
-1.47709
4.85459
-0.974744
1.09885
-0.549247
-0.266094
-0.611741
0.0205693
4.79565
-0.220788
-1.85452
-0.907764
-19.4548
2.54023
0.223673
1.30113
-2.33731
1.5909
0.631496
0.488626
-0.471429
-0.0695026
-0.190497
1.33433
1.64563
-0.272543
14.2261
-0.101684
3.33954
-7.10123
0.602251
-0.209994
4.85271
-17.3188
3.30811
-9.04586
-1.90073
4.16055
-1.06003
-1.92414
1.77928
-3.59979
0.589654
0.784667
10.0354
-2.893
4.29039
0.353503
-0.555247
0.0392152
1.21058
-0.857598
0.899089
0.329633
0.66279
1.07274
-2.7081
0.0955021
-2.59137
-0.399576
5.01841
2.74045
1.6066
-5.785
1.80508
-6.24922
18.6794
3.57513
1.57845
15.1538
0.766367
3.39677
0.218014
-0.824367
-1.32618
-0.188129
-1.28891
-0.329799
-0.90501
-0.635003
-8.77266
-0.00671054
0.270983
14.6694
-1.30302
2.43039
-1.95141
-1.2324
-3.15995
-2.69058
-10.6624
-0.553336
-0.0473473
0.0623944
0.128795
3.22675
1.09396
2.12289
1.15004
-0.347794
-0.754406
1.3077
0.803637
-1.97903
1.35841
0.334808
-2.62732
0.153512
1.10883
-0.257458
0.0474161
-2.00841
0.0843097
-0.666896
0.876907
-0.992517
-1.34906
0.223594
1.46637
2.15913
12.9486
-1.30079
-9.53031
-1.8986
-0.0480203
1.0577
1.98061
0.606446
-0.803148
1.28276
-5.76709
-1.62529
-2.96605
-81.5368
-6.34212
0.98002
0.162436
2.53825
-0.996503
-16.727
-0.796976
0.0109901
0.00729225
1.88199
-1.70577
-12.5835
0.210037
0.796835
0.410258
0.304681
0.307947
0.859944
7.71944
-0.638887
4.22304
0.445121
-0.0883019
0.326075
-1.15034
0.766138
-0.053113
0.13307
0.08628
0.488611
1.34033
-0.769532
-44.5122
0.720944
0.790432
-1.39537
1.97651
-0.765121
-2.08735
1.2434
2.2871
-0.558775
6.08097
1.62783
-0.948746
0.592551
-2.77278
0.122906
-0.86868
-0.239704
0.18567
-3.3602
-0.146147
-0.0610967
-0.618125
0.63765
1.09317
-0.162326
0.874992
26.6074
1.26649
1.03924
-0.0803121
4.07892
0.0704323
-1.97694
3.12596
0.609552
1.84536
-6.18647
-4.34281
0.762576
-4.37896
0.785073
-5.87914
7.55346
-1.54276
-39.9728
0.731155
0.937997
-4.55309
6.81557
-0.220434
0.610761
0.24191
-4.32835
-4.06077
0.965682
-0.54047
1.22888
0.394034
-2.50137
0.532194
0.686611
1.35352
-13.0614
-0.104823
0.391136
0.606173
0.154117
0.142848
-6.54195
0.18413
-0.249293
-1.24951
-0.378498
0.521427
4.99142
0.868541
2.35548
0.954537
-0.160956
0.0780443
-0.582183
0.157484
-2.80112
-0.662915
11.083
-23.8253
0.280996
-14.5666
0.676215
1.51691
-0.345223
-3.62035
-1.28166
0.89821
-0.492289
4.53511
0.270144
-1.43676
2.83631
-1.15917
-4.72433
-0.784856
-2.5099
5.49796
3.84947
0.423521
-0.412377
-0.509386
248.832
-0.826306
1.76566
-1.07247
0.0064796
0.918031
-0.217852
-0.824856
0.638638
1.53602
-1.31708
7.9221
1.11621
1.02289
9.35663
0.399652
25.1912
0.547823
-0.0199811
1.31756
4.42347
-2.5267
-0.525541
-2.92777
0.589966
-0.324742
0.120927
0.995994
2.56493
0.640683
-1.38646
2.27237
1.08256
-0.307156
-1.91274
-8.17432
-11.1699
-1.06847
2.39564
-1.72397
-0.87109
-8.48433
-4.20866
-11.0988
-0.0756571
0.00201592
-0.338391
-0.0652442
1.23519
12.7824
-0.685966
1.17339
464.05
-0.344287
1.96522
-4.01314
3.71398
3.41175
-1.34144
-1.80774
-0.685817
-0.746909
-2.94859
-0.0831082
-1.28983
-1.4455
-0.703019
1.54783
-1.14348
-0.546635
-2.40002
27.7767
2.84855
-0.319342
1.93328
-0.116242
0.102803
0.222201
-0.21097
0.896021
2.06014
1.14628
-22.1639
0.0992879
1.69526
-0.384767
-1.56327
-0.449339
5.41396
-0.83393
0.868703
-8.40257
0.873919
-0.568609
-1.40787
-0.106168
0.752548
-2.40765
0.132303
3.11108
2.66687
-0.582263
7.23508
7.75111
-2.70638
1.25298
-1.15233
0.299522
0.610497
-0.430463
15.8116
0.711703
0.219642
-0.502503
2.31971
-1.37525
6.49044
-1.15685
-1.43373
9.42612
0.159682
1.66132
0.280837
-197.338
-0.488849
-0.305466
-12.1357
8.13495
0.927049
2.52169
4.81117
-1.73662
-1.48824
0.038561
-0.936907
23.1113
-0.260204
-0.254193
-1.51812
-0.457538
-0.752576
-0.91556
-0.0056782
-0.843309
0.106734
0.348818
-0.488028
-0.320472
-11.8806
7.08182
1.70382
-1.48969
-0.110649
-2.88138
-0.530062
-0.759238
0.923842
-1.22798
-1.07639
2.08865
2.74625
-0.238974
-1.62241
-0.822309
-11.9771
-4.94926
-2.2458
-0.576397
0.0556798
-2.48107
-0.417984
-0.783851
-3.23191
0.559563
0.195321
-0.616784
-0.138103
0.536503
-0.603902
0.471125
6.26138
0.0535274
0.0787033
0.507303
-0.434895
1.34881
0.791496
-6.57488
-1.23875
-0.673101
3.7669
0.568504
0.704187
-0.647314
-1.06326
12.6136
-0.449886
-2.3218
1.06309
-189.64
-2.8861
1.91813
-0.966847
24.7163
-0.464652
0.0351652
0.648164
-0.0430037
0.46181
1.01642
0.214781
-0.908751
-0.897898
-1.12114
-4.69917
4.12875
0.201638
-0.982316
1.01805
-0.7852
-3.96884
0.348477
-0.850303
-0.383275
0.413777
-1.01996
-2.31425
0.22722
-1.38118
1.73707
-1.28252
0.0138173
-0.437323
-1.66187
-2.7186
-0.755499
-2.97158
2.6945
0.871831
-3.66595
5.876
7.32463
-1.73163
0.0751348
1.83885
0.0197442
1.62239
19.8525
-0.747001
-3.74789
-1.15853
1.44642
3.2167
1.88338
-1.54068
-0.911488
0.646011
-0.12119
-0.130302
0.54852
0.13969
-0.839611
-0.185216
-0.799352
1.15335
-0.463921
0.404761
1.11784
0.027791
8.43851
-15.2459
0.401419
-0.778338
-1.62049
-1.87938
-0.660398
12.3645
2.05621
1.00459
17.3149
0.243649
3.9375
0.0947943
-0.136494
-3.14572
1.05272
-0.854055
-6.33344
-6.64693
-0.0562708
-89.5497
-1.14074
0.477106
-0.357293
0.113923
-0.504377
-0.456892
-0.173157
1.68402
-2.18586
-0.590417
1.03157
-7.35459
1.05141
-3.94681
1.24043
-0.138939
4.83683
-1.18904
1.53401
0.324204
-2.10602
1.87049
2.38889
-0.352943
3.30589
-1.19376
-14.4665
1.15772
4.54872
3.70367
0.0918686
1.24965
-2.37933
-0.0894813
-7.50185
0.257502
-1.83953
-5.42079
0.341329
1.11115
-3.20096
2.33272
-1.83048
0.42257
-0.198851
-1.50303
0.100202
0.34701
-0.804978
-106.613
1.11839
11.7201
0.165382
1.63708
1.27585
-14.5261
-0.905102
0.210167
0.545273
-1.64829
1.89313
2.83647
0.82317
-0.265728
-0.54317
-0.527446
0.248992
0.605713
0.767039
-0.399652
0.0462035
-2.21387
-0.552305
-0.778924
1.24495
1.9592
0.483779
-0.382648
0.402118
0.442779
-0.111721
-3.94629
0.706972
0.207091
-0.427849
1.1465
-0.375772
0.597061
3.28378
-1.28315
5.40405
-15.7416
1.49147
0.834272
0.226776
-0.237216
0.0719529
7.68433
0.871757
0.701551
1.6363
1.14134
-0.117939
0.0620026
-0.0620666
2.46754
-3.33804
-1.63508
-1.43551
0.276231
9.56783
0.798811
1.09486
0.315568
0.244992
0.358822
0.3896
1.24223
-0.734629
-12.1469
0.0248203
-14.3572
0.0224687
-1.16708
-9.10669
-1.19831
-0.67481
2.22247
-0.544197
0.393311
-3.71846
0.5856
1.37799
-2.05319
-1.57266
1.06525
1.6828
2.00626
0.137502
-1.38102
2.14097
-2.53066
0.590563
1.83104
0.322472
-1.65984
0.499938
-0.32757
1.04981
-0.380096
-10.7175
0.70822
-0.525697
0.532387
-1.67223
0.167011
-1.53267
7.65442
-0.779132
-1.52045
0.105332
5.01798
-2.12085
4.74955
4.76764
-0.183424
0.841457
-18.9537
1.00864
-1.31923
-3.39119
-0.224427
-1.03289
-1.72814
-3.27034
1.35882
-160
3.92491
-0.0951349
-1.01504
0.482943
0.306355
0.140116
0.171465
-1.02623
-6.5552
-0.943172
0.893178
1.96884
-2.27322
0.19261
-0.353601
-0.927831
-1.84612
0.714035
1.39914
0.0864312
-0.279313
-0.134121
1.47981
3.40459
-34.516
0.414782
-1.18165
1.18954
-1.72443
0.742066
-0.735923
-0.632636
-2.7111
1.93621
0.770946
-0.850349
-61.2646
0.377592
2.39294
0.471166
-0.322344
3.79249
-0.153415
-25.0852
15.249
62.822
-35.3961
-0.191821
-1.54355
3.85451
0.546941
-4.4499
2.08937
0.321003
-1.55811
3.98643
0.620767
0.304518
-0.654367
-0.262071
-0.0179435
-0.714473
-2.14451
-0.613911
-1.85191
-2.73959
-0.78508
-1.10782
0.0604172
0.0357354
-0.285791
-0.526477
1.0947
3.40062
2.05473
5.88396
3.71051
-2.76547
-0.0650014
0.0445184
-0.231862
6.85127
-0.362728
-0.508918
-1.40454
-8.1262
-0.966754
-0.155945
0.361711
1.46991
6.69988
-1.6127
-3.23387
-0.924857
-0.00795333
4.47663
-2.5478
-2.71869
-2.53092
-6.21724
-0.847535
-35.1423
-0.495676
0.335859
0.581047
-6.56081
-1.01657
-69.2582
-0.420541
0.82796
-1.05563
-0.298003
-0.276278
-14.7466
0.086281
-1.73819
0.633801
-0.207165
-21.1051
4.0466
-0.763783
0.611288
-11.4874
0.403565
-0.0464596
-0.342646
4.42805
-0.59094
-0.0738743
-0.315217
1.99463
1.96896
8.64366
-0.15139
3.4172
0.61537
1.02784
-2.35874
-2.93088
0.130432
0.193832
0.932225
-0.891828
-1.27491
-0.692484
-6.53295
2.9062
-1.6681
-2.13342
1.79997
23.5713
-0.748915
11.9029
1.7186
-1.75068
1.00818
4.42398
5.01793
-2.60426
-1.70351
2.35004
0.138031
-0.892735
0.221964
0.621334
-0.503546
-1.92773
-0.0939558
-1.46338
0.667402
-2.15414
-0.400081
-3.5455
-0.560409
-0.933029
1.93538
2.55912
0.160866
3.12861
-0.208321
-0.548796
0.0941859
-0.584564
-0.0826971
21.7164
-0.773736
-3.67581
-1.29613
-1.00289
0.674249
-0.247581
-0.187007
-1.08273
1.21924
-3.49394
-1.23058
0.469796
-0.759321
3.94394
1.8282
-1.31277
6.86127
7.93949
-17.3811
-0.50967
-1.40555
-0.273794
2.4598
0.546665
-2.22708
4.37019
-0.228168
1.63697
0.290759
-0.52817
4.38615
0.550686
0.753789
-0.800122
3.21283
0.137357
-0.200109
4.29244
0.399314
-0.370287
1.37515
0.744964
-14.0983
-0.545077
0.0919072
-0.0530673
4.71474
0.172973
0.596457
-0.126676
2.3798
1.50696
-0.296706
1.93931
-0.0505926
1.90088
5.68843
0.650666
0.995352
0.757588
8.14477
2.29196
-1.48164
-0.506847
-0.395675
-3.73708
-0.60558
0.302314
3.25393
0.688203
-0.55798
15.7702
0.47572
0.573647
-0.22609
4.13318
-4.34085
-1.66156
-2.75129
1.28408
-0.319169
0.260129
-0.329412
1.16211
-4.11895
0.0961183
0.452122
-2.4928
-0.812146
-14.218
1.30973
2.9578
3.31722
-0.768915
2.41939
0.291258
0.0739383
-1.73155
-12.6249
0.676184
-5.48677
3.20692
58.668
-5.84646
0.852628
-2.51983
-0.51109
-3.5688
-3.18572
1.52792
-2.7254
2.41231
0.560218
-0.563648
0.970401
-0.18556
0.457847
0.458642
-0.0513463
1.67134
-1.79578
8.64484
-0.44845
-6.74973
-1.687
0.462214
-0.983996
6.34511
-4.00276
-0.580917
-7.67011
-3.76578
-0.184094
-5.50109
0.101729
-0.520142
0.5505
0.269946
0.156447
-0.196225
0.251247
-0.55292
-0.951231
0.968021
1.13132
-0.117467
-0.311417
11.975
0.51887
1.06455
-0.295924
1.36412
0.141005
2.73133
1.01229
-1.17508
-0.546214
-0.397305
-0.684614
-1.94274
4.52996
0.221741
-1.69181
-1.27211
5.25066
-1.48242
0.563804
-0.803394
1.41737
0.109521
0.197959
-1.20154
-0.0933754
-6.52596
-1.84367
0.383997
-0.0309848
-0.811958
-0.781039
-0.973825
1.28126
-0.786595
-1.2
0.412256
6.72542
-1.50977
-1.66938
-0.652082
1.3281
0.28733
0.235908
-0.425894
-1.97357
-1.39012
-0.0790172
0.628879
0.853883
-0.0548313
0.998304
-1.13902
0.451636
0.342003
2.53066
1.20733
0.951872
1.29202
-0.282539
0.426703
0.323182
0.173257
-0.894377
-1.3493
0.287751
-0.307822
0.289264
-63.4816
7.08427
1.3743
-3.80156
-1.72695
0.924777
0.569442
-2.98683
-2.45054
0.398681
0.0760006
0.796159
1.20093
-0.0239139
10.772
-0.604763
4.5253
9.15295
-10.4595
2.25573
0.602653
-1.10133
-0.459706
2.00859
1.70762
3.08224
2.44397
-0.836886
4.7723
1.1023
-1.21062
-13.5497
2.42198
6.34717
-6.79432
3.739
-3.08467
0.195633
0.061063
-0.109833
0.836892
-1.97305
-0.534433
-3.24561
-2.2273
1.45949
-2.00811
-0.217648
0.680152
-60.471
0.49168
-1.61532
-2.22776
2.30918
0.920706
0.296113
-0.530368
-0.262225
0.366398
2.42886
-0.602365
3.34963
-0.242263
-0.274863
-1.55798
1.33665
-1.21814
-0.909004
-34.8895
2.0673
-0.584353
-0.961854
1.41566
0.552639
3.40296
-1.18245
1.47323
-1.05337
0.324823
2.23084
-1.28101
1.43796
-0.0242886
-1.95763
-0.378932
5.50992
0.661212
1.88555
0.731183
-2.52824
-2.55746
-2.87749
0.558321
0.626455
-0.0982868
-7.47716
-13.8536
0.787583
0.251042
-0.4759
-0.325334
3.58184
0.442254
2.96849
2.84887
0.249775
-11.875
6.58747
-0.698374
-0.373878
1.27001
-1.64744
-0.256346
0.615556
-5.37029
-0.599638
-0.848882
3.77016
5.00297
3.57073
-2.15426
-1.43103
0.628025
-1.07862
-3.20955
18.57
-1.38778
-0.598768
1.93297
0.520247
-14.9161
0.510188
0.280225
-0.218593
0.986463
0.0265404
-0.248038
0.0360979
3.61064
-2.66113
-0.0880449
3.63689
-7.28491
-0.268789
1.07067
0.203961
-0.0758584
1.0785
10.5293
0.960611
-4.31415
1.12372
0.0879651
9.54194
0.200031
0.364178
2.97944
0.0310117
0.606768
0.672847
4.63544
3.88958
-3.58456
0.191097
-0.808133
6.47985
-1.53363
0.575699
3.02115
-0.486327
-0.656731
-4.38677
-5.08697
-59.5986
1.2866
0.325137
0.52828
-1.08055
-12.9528
0.929561
-0.00987791
0.348088
1.83753
0.619875
-0.683702
-1.69866
-6.46855
0.0975378
2.25443
-0.345511
2.90081
0.080762
0.60721
-0.0149661
4.32194
-2.47522
-9.05791
-0.452154
0.489673
-1.5224
0.537007
0.513897
0.803375
-3.61554
-0.203599
-3.05724
-1.29607
0.195711
-0.906616
1.19297
1.974
-0.455808
-1.26951
1.49159
-1.63664
0.704948
-5.70374
-0.151114
0.357967
-0.121425
1.73192
-0.767484
2.53318
-0.912542
0.0616319
-0.228286
5.95703
-0.468647
-3.86864
-0.634814
2.8017
1.61395
1.54575
1.15322
1.87362
0.614887
1.62126
-1.73012
-0.320061
2.76337
-0.245961
-2.07679
0.354013
-3.51175
0.493244
0.64967
10.7948
0.727145
-0.8248
-0.171612
-2.13941
0.582899
0.356399
0.00348384
4.99974
-2.99759
-0.0108482
-0.604004
0.120432
0.344479
-1.20056
-1.22669
-3.14794
3.10369
-7.53626
0.30825
-0.736452
-0.659819
-0.32408
-0.535872
-1.46189
0.0106077
-1.414
2.25999
-0.284254
0.0873842
7.35064
1.09004
10.2053
-1.17491
2.47307
0.285622
0.192591
17.8815
2.2755
2.59398
-0.294954
-0.987023
-1.12931
1.2686
-0.431445
-0.4953
0.198477
0.530595
4.84849
-1.18805
-1.21931
0.14364
0.783787
0.499627
-1.13178
25.3962
0.790124
9.47493
-0.445501
0.818107
-45.8089
2.08604
-0.200774
-1.83158
1.92471
-3.12569
-0.315735
2.08975
0.777052
-0.780267
0.675013
6.08605
1.20482
1.0376
4.0531
-0.482373
-30.9574
-2.41281
0.0873152
-5.39941
-2.38763
0.680024
-0.478611
-0.0269394
0.208567
0.305054
0.348747
0.683607
-1.23364
0.472739
0.101602
0.246946
-0.601972
-0.0898403
3.09133
-4.18505
2.88355
-0.397074
0.10024
-0.0711441
-4.07153
-13.6156
6.85615
8.59799
2.44004
1.51905
3.74529
-0.880857
-0.954525
33.9878
0.471095
1.05377
0.917815
-1.10949
16.5346
0.0986197
3.27263
0.185909
0.0767171
-0.97541
1.82931
-0.647679
1.1142
-21.5249
-1.98857
0.353152
0.529542
-2.35854
-0.908523
2.78424
-0.448215
1.31263
1.80041
-0.287585
5.37691
21.0805
-0.12836
-0.295027
-0.539329
-1.19331
3.03906
0.125395
-6.22817
-0.434449
-1.05598
-0.755665
-1.57478
1.32699
0.934711
1.17017
-0.407505
0.130368
0.452898
-0.447902
1.68587
4.4739
1.64545
1.08919
-2.54288
0.0866416
-0.651444
1.69901
8.06412
-0.929193
0.524387
2.71068
-0.965172
-20.5953
0.272113
0.290826
1.17304
9.11768
-2.36903
0.271634
-1.50678
-0.633908
-0.226837
-0.927932
0.780295
-0.225885
-0.519931
1.42236
-0.424052
1.44283
-0.587211
-0.162192
3.50844
-1.03554
-1.53262
-97.7821
-0.748793
-0.393117
1.87421
1.22273
-1.08758
0.54553
4.73914
-0.362157
0.396723
-0.573402
-3.21435
-0.446428
0.0993498
-4.36811
-0.467461
0.458036
0.703208
0.501145
0.408376
1.26552
-6.58483
0.20946
-1.06331
1.86045
0.204642
2.43053
0.329589
-1.40377
-3.84941
-1.89056
-0.679132
-1.52387
0.203123
-23.1055
-0.137116
-1.01418
-2.50142
-0.347503
1.62562
-0.830988
-0.733151
0.546054
0.286026
-0.833084
-0.825985
0.437949
-4.4389
0.937626
-2.96893
0.0358366
-0.137441
-0.491372
1.94945
-38.1391
-0.0636821
-12.0033
-0.00633159
4.51099
1.25288
0.257589
5.10068
0.0592798
7.14003
-0.267167
0.107428
-5.15517
-5.41338
-2.19522
0.1506
0.314261
0.433042
5.08843
-0.951864
-0.65561
0.632545
0.127235
0.211284
0.0672795
0.109922
-0.360358
-1.11942
-0.00640382
-0.176385
-1.43302
1.61055
-2.1444
-6.47084
-2.44312
3.52086
-3.36911
0.587159
-0.480965
-0.327922
-3.80879
-2.55055
-11.7771
-9.82658
1.32476
-0.416898
0.188672
2.31726
-0.553087
-5.08579
0.148593
-1.39137
-1.3432
0.776871
-0.988724
3.55687
1.12314
1.13776
0.0489142
2.36329
-0.0628406
0.339118
0.0704373
-0.0733708
2.40907
-0.915758
0.0651159
0.574405
-1.86869
-1.94188
-3.33215
-0.00188617
3.74055
0.43965
-5.76634
4.68053
