1.02863
0.0763496
0.450812
0.0873289
0.566176
0.707941
0.330161
0.607063
0.247308
0.635024
0.428089
0.920807
0.2113
0.182436
0.0570466
0.544921
0.0529392
0.126163
0.799592
0.154707
0.260801
1.16852
0.168987
0.416994
0.710138
0.142921
0.427504
0.757301
0.105479
0.576107
0.0544637
0.108792
0.12303
0.333162
0.195829
0.0775731
0.537345
0.060021
0.335005
0.0432396
0.922666
0.598411
0.0553437
0.0658237
0.560309
0.608248
0.439387
0.0127428
0.209153
1.08158
0.279186
0.970804
0.0951877
0.966778
0.706101
0.213873
0.190199
0.427156
0.805648
0.096366
0.174985
0.389294
0.133116
0.459797
0.00227674
0.131463
0.0539358
0.12152
1.19663
1.07622
1.36857
0.00255194
0.919164
0.96279
0.968699
0.125017
0.125393
1.24561
1.02922
0.00322749
0.166777
0.738529
0.636393
0.312095
0.102009
0.00444465
0.639381
0.793897
0.0391205
0.41808
0.0652365
0.551629
0.141776
0.410231
0.50935
0.403011
0.4648
1.18197
0.931937
0.111688
0.601366
0.526493
0.107101
0.413254
0.223106
0.889618
0.434043
0.510813
0.176104
0.189024
0.263345
0.0614544
0.429705
0.778151
0.00119636
0.0493765
0.0799193
0.0220972
0.2151
0.246255
0.0888559
0.206048
0.652662
0.888133
1.65827
0.0151633
0.237463
0.0644613
0.596646
0.0319859
0.595482
0.30378
0.540809
0.296794
0.20649
0.02778
1.11756
0.717183
1.32456
1.27812
0.0205317
0.867325
0.118881
0.507244
0.177955
0.299467
0.310046
0.112854
0.81989
0.148656
0.36272
0.329403
0.101827
0.0572807
0.13775
0.231368
0.381683
0.979005
0.587968
0.329431
0.43039
0.324027
0.142784
0.170219
0.223004
0.212124
0.0112831
0.230941
0.14289
0.322502
0.782094
0.99159
0.0733278
0.135996
0.148799
0.76752
0.0203314
0.0117948
1.197
0.0789619
0.448253
0.384349
0.0122835
0.542726
0.257482
0.130671
0.121139
0.146582
0.490396
0.0731262
0.228675
1.29716
0.149836
2.46302
0.0528793
0.106013
0.163856
0.403609
0.174105
0.0364136
0.228498
0.04621
0.118275
0.170241
0.094644
0.776614
0.0445839
0.174991
0.142835
0.823065
0.234646
1.55323
0.0995873
0.199494
0.169789
0.176283
0.29173
0.0484449
0.665532
1.15849
0.021618
0.302311
0.851096
0.779686
0.203929
2.13864
0.690916
1.11765
0.108934
0.0108245
0.245479
0.0874234
0.087393
1.86424
1.159
0.271004
0.518658
1.66886
0.460248
0.32281
1.00889
0.396195
0.399605
0.272573
1.4035
0.495876
0.318648
0.169119
0.36334
1.21103
0.0467759
0.298202
0.286263
2.13635
1.01953
0.223053
0.480887
0.319416
0.852817
0.136593
1.52708
0.399805
0.318397
0.411713
0.237643
0.0687363
0.205032
0.762313
0.4829
0.457523
0.0524452
0.581066
0.130215
1.91296
0.0293681
0.350626
0.163882
1.71542
0.0486971
0.00263606
0.0987337
0.25627
0.374357
0.0447976
0.0846243
0.197349
0.152269
0.599791
0.402479
0.917081
0.490738
1.07605
0.505681
0.26924
0.216185
0.159833
0.340285
1.09702
0.27999
0.633158
0.0141296
0.118273
0.335282
0.164223
0.134361
0.348968
0.403459
0.0377246
1.156
0.265262
0.0465174
0.287353
0.455077
0.199436
0.0599745
0.303798
0.147412
0.0419255
0.975595
0.279852
0.259337
0.126701
0.0411058
0.825217
0.0785955
0.341723
0.0788724
0.137832
0.47661
0.0378748
0.801405
0.286598
0.495978
0.455132
0.664986
1.7706
0.808178
4.15149e-05
0.571562
1.4643
1.41927
0.423155
0.20648
0.35965
0.215861
1.52512
0.536548
0.0718329
0.516778
0.125195
0.41306
0.306067
0.121965
0.348218
1.25174
0.532486
0.0895673
1.14848
1.22629
1.1695
0.270735
0.323217
0.489547
0.53169
0.46593
0.600057
0.362969
0.551303
0.431359
0.741084
0.920156
0.158601
0.0101086
0.474173
0.522599
0.506415
0.693748
0.208212
0.672119
0.0952218
0.245798
0.110379
1.58873
0.526706
0.392116
1.34903
0.16699
1.09491
0.376182
0.0650558
0.140285
0.299912
0.0576824
0.706743
0.0418087
0.816173
0.848711
0.612173
0.0404423
0.669853
1.47994
0.483366
0.837499
0.119398
0.0992286
0.166579
0.112213
0.264686
0.578942
0.427701
0.820186
0.633997
0.086551
0.813057
0.52232
0.296689
1.60887
0.275553
0.493799
0.724632
2.92449
0.580608
0.833516
0.732165
0.255359
0.614451
0.22356
0.819351
0.589121
0.286286
0.187408
0.640675
0.17423
0.0234603
0.113201
1.63588
0.656832
1.40599
0.30865
0.404925
2.40345
0.907792
0.232549
0.589054
0.886953
0.806107
0.183692
0.273017
0.206679
0.280691
1.55504
0.0749344
0.266347
0.184557
1.07343
0.0415033
0.363896
1.18664
0.170606
0.266825
0.764062
1.61074
0.0218191
0.341919
0.38805
0.46404
0.661581
0.0399067
2.27671
0.442201
0.390755
0.0103577
0.207416
0.237212
0.17248
0.400638
0.127848
0.183528
0.299027
0.775024
1.17464
0.333191
0.263258
0.0380553
0.157975
0.409615
0.806022
0.165583
0.129039
0.703089
0.361641
0.0722057
1.55405
0.339383
0.361755
1.02003
1.67906
0.232756
0.229276
0.0681469
1.23631
1.28342
0.0211901
0.17896
0.527684
0.228042
0.0671897
0.0606616
0.00560077
1.3766
1.17409
0.985799
0.0322045
0.237038
0.100958
0.164314
0.567967
0.0218303
0.262628
1.99407
1.10961
1.10679
0.173677
0.624924
0.132842
0.384002
0.0569165
0.521889
0.175507
0.404005
0.153951
0.559412
0.527883
0.250787
0.19595
1.3829
0.0213522
0.492668
0.444326
0.305796
0.671962
0.594604
4.53279
0.294588
2.78431
1.34503
0.742157
0.238525
0.635486
0.0405711
0.302364
0.124202
0.384407
2.47955
0.964694
0.105807
0.172641
0.16665
0.142186
0.0609509
0.0337776
0.128713
0.432609
0.405039
1.58779
0.14753
0.163105
0.122923
0.159829
0.14673
0.0449423
1.07116
0.0200184
0.517706
0.312469
0.101056
0.0223273
0.305279
0.422528
1.88246
0.117403
1.09803
1.40936
1.14156
1.57363
1.66218
0.220253
0.3767
0.454635
0.164711
0.386618
1.99274
0.143263
0.117539
0.046229
0.355523
0.393068
0.510211
0.373058
0.0396569
0.690297
0.0613977
0.203159
1.53877
1.58151
0.186526
0.0177222
0.919247
0.926869
0.806519
0.757307
0.413649
0.973227
0.180004
0.297118
1.12193
0.902191
0.342278
0.274542
0.8366
0.108251
0.21131
0.052859
0.734424
0.0964781
0.0362654
0.543969
0.0524637
0.181171
0.503782
0.0503292
0.0991161
0.00672128
0.131165
0.0352946
0.466253
0.295183
0.989052
0.742236
0.393365
0.147354
0.0262998
0.576834
0.131626
0.859448
1.55093
0.264529
1.04965
1.09219
0.00950062
0.157534
0.00596448
0.0797094
0.674212
0.0633546
0.517257
0.613494
0.153281
0.420249
1.86869
0.293531
0.231048
0.409075
0.123097
0.785203
0.0202747
0.905358
0.195717
2.84085
0.0167935
0.0534173
1.58147
0.0283356
1.00302
0.136128
0.124543
0.540572
0.00317121
0.220411
0.85468
0.0158531
0.0178366
0.272239
0.197458
0.48525
0.477235
0.467909
0.585471
0.595225
0.260686
0.46259
0.294946
0.36146
0.0562473
0.485985
0.242746
0.390058
0.399559
1.05169
0.245023
0.280311
0.86163
0.387129
0.260376
0.256973
0.283152
0.000250277
0.157817
0.59406
0.223389
0.0565304
0.108049
0.432845
0.890736
2.4388
0.0468531
0.482315
0.586553
0.238111
0.499155
0.627825
0.561301
0.0394895
0.229527
0.20494
0.206844
0.10149
0.0271377
0.378619
0.230346
0.0462299
0.107827
0.865002
1.31746
0.0861893
1.47227
0.041072
0.0354776
0.257201
0.820206
0.693965
0.251459
1.40404
1.0781
0.302737
0.432551
0.449192
0.143579
0.225799
0.120453
0.128687
0.00202402
0.0304683
0.21301
0.474755
0.232918
0.873496
1.17063
0.95982
0.524953
0.292847
0.478877
0.0367399
0.51908
0.45591
1.65615
0.686653
0.24491
0.354764
0.295708
0.215717
1.36341
0.18673
0.111989
0.619747
0.73425
0.279182
0.833764
0.754445
0.271059
0.198888
0.0902611
0.194558
0.721968
0.0107063
0.318793
0.82694
0.248102
0.637655
0.0503925
1.3026
0.6444
0.348002
0.638824
0.159768
0.470699
0.690244
0.262655
0.571108
0.136176
0.386504
0.304614
0.0921278
0.156234
0.0371779
0.194741
1.37665
0.0114169
0.242044
0.170852
0.0618307
0.337622
1.24525
0.640311
0.847444
0.213564
0.292342
0.552976
0.611599
0.363997
0.113153
0.783593
0.867027
0.116792
0.0626475
0.054687
0.119068
0.296314
0.122558
0.204233
0.359068
0.493006
0.00318644
0.600658
1.02053
0.416484
1.05064
0.00820162
0.915481
0.0477073
0.461862
0.142027
0.856692
0.900749
0.785938
2.11466
0.534686
0.0957369
0.3843
0.0358035
0.0609834
0.0986848
0.270396
0.434055
2.43335
1.04677
0.0343903
0.662788
0.752793
0.474552
0.277817
1.07563
0.152983
0.0773052
0.0371259
0.477348
0.742359
0.105285
0.0401254
0.00346811
0.218678
0.239685
0.0382551
0.0102704
1.94011
0.0264509
0.950556
1.59773
0.476547
0.452048
2.01938
0.236752
0.732926
0.508951
1.13829
1.18083
0.154596
0.000539015
0.0990551
0.436088
0.504737
0.198252
1.50107
0.343601
0.285692
0.508612
0.196167
0.138238
0.295691
0.251656
0.151415
0.709792
0.0472536
0.499609
0.868077
0.02963
0.234106
0.182289
0.942327
0.779586
0.368161
0.169193
0.177502
0.0399391
0.188903
0.821902
1.04191
0.1189
0.578367
0.110368
0.418787
1.40763
0.601838
0.189734
0.20932
1.23433
0.643966
1.68649
0.551916
0.466821
2.38372
0.277379
0.2621
0.142848
0.151788
2.27876
0.16251
0.189659
1.0174
0.128244
0.560201
0.153127
0.63265
0.0484014
0.331492
0.71961
0.0735696
0.239922
0.352466
0.0513654
0.7624
0.321524
0.222579
0.508918
0.611223
0.4837
0.054966
1.30079
0.301036
0.550891
1.82706
0.703602
0.546239
0.287612
0.274307
0.147304
0.428441
0.739376
0.503376
0.0186652
0.258329
0.237967
0.158141
0.413224
0.626716
0.180037
1.38064
0.469377
0.0116172
0.180871
1.87507
0.32912
0.194148
0.313547
1.80626
0.0737573
0.976779
0.326081
0.830289
1.02834
0.613697
0.468825
0.355503
0.259209
0.888371
0.138822
0.0393497
0.0790807
0.040869
1.35013
0.160074
1.19076
0.406978
0.181911
0.116527
0.159892
0.0310092
0.246126
0.510879
1.69066
0.540171
0.385762
0.370841
0.742935
0.35401
1.03277
1.16369
0.348246
0.42678
0.165434
0.23375
1.26484
0.106143
0.400358
0.0742665
0.135934
0.14748
1.02504
0.210854
0.099526
1.73327
0.122771
0.0991778
0.462905
0.617289
0.0731241
1.12724
0.544638
0.276287
0.097745
0.498617
0.0502958
1.77756
0.0915011
0.210589
0.0249002
0.519562
0.0481581
0.0160826
0.153133
0.180973
0.442588
0.31398
0.043674
0.771883
0.570297
0.178848
0.878645
0.657345
1.56208
0.0775127
0.188836
0.22788
0.00933036
0.249085
0.62654
0.75941
0.743132
0.302374
0.113884
1.10496
0.317807
0.665009
0.0177478
0.165855
0.841488
0.258109
0.136095
0.16103
0.0190165
0.31889
0.0889467
0.292226
0.12356
0.0442699
0.00227315
0.869208
0.0372378
0.710348
0.105342
0.0217459
1.3586
0.31314
0.365604
0.0221216
1.26774
0.327078
0.0261059
0.415039
0.515494
0.131128
0.221488
0.304548
0.0582767
0.431732
0.450468
0.200734
0.237102
0.0800708
0.195269
0.690742
0.091259
1.2628
0.737573
0.198685
0.276906
0.153064
0.341223
0.0366801
0.0549254
0.0625265
1.89243
0.152209
0.036997
1.19651
0.457844
0.0636761
1.47633
0.0193293
0.20665
0.501762
0.00802427
1.63297
0.491334
0.695539
0.338308
1.0119
0.333736
0.0565631
0.0486627
0.0583641
0.383168
0.168377
0.593797
0.39429
0.000620347
0.193229
0.0603528
1.4093
0.893383
0.273361
0.853216
0.0666391
0.177012
0.24695
0.183866
0.473163
0.380004
0.625308
0.345807
0.115758
0.17161
0.946948
1.1598
0.439819
0.929811
1.60787
0.366403
1.53372
0.454067
0.380356
1.2048
0.267295
0.418469
0.327328
0.00291287
0.250629
0.343107
1.81363
0.0834259
1.67876
0.85562
0.182048
0.126217
0.666935
0.0950677
0.1922
1.26474
0.437197
0.176479
0.408843
2.11442
0.122455
0.0335138
0.292966
0.359895
0.603139
0.688817
1.58673
0.00408521
0.533811
0.230637
1.82917
0.10879
0.0993458
0.779993
0.157516
0.149871
0.193133
1.17747
0.168264
0.692837
0.152237
0.448715
0.813769
0.39031
1.62813
0.48734
0.0802007
0.00446031
0.278744
0.130026
0.430112
0.0853671
1.58026
0.0549825
0.58454
0.177443
0.570846
0.768454
0.539975
0.377873
0.233467
0.211851
0.449451
0.692386
0.879289
0.326779
0.230119
0.107016
0.290216
0.0181073
0.0220923
1.08594
0.074464
0.109072
0.322879
0.263577
0.323528
0.245107
0.858395
0.806774
0.322403
1.01509
0.270408
0.0692934
0.414577
0.22184
0.0888368
0.39575
0.277992
0.107695
0.430636
0.616959
0.303538
0.856893
0.378616
0.0803304
0.161191
0.0257997
0.085345
0.0642945
0.0581132
1.13219
0.139848
0.914138
0.669227
1.20876
1.14087
0.00623734
0.00804491
0.165788
0.0547409
0.749291
0.182762
0.198603
1.53297
0.0546925
0.016698
1.10346
0.439107
0.410384
0.745215
0.203881
0.43986
1.54408
0.97589
0.509048
1.35166
0.258627
0.0214078
0.173781
0.0178732
0.066919
0.276207
0.478962
0.471772
0.722725
0.524402
0.208353
1.21864
0.0943756
0.383177
0.100151
1.18074
0.47766
0.559008
0.0856669
0.670178
0.759433
0.991783
0.991884
0.144141
0.254723
0.401516
0.165667
1.17477
0.523151
0.0348424
0.0673503
0.814365
1.44648
0.138434
0.496796
0.135949
0.294798
0.140383
0.145047
0.104578
0.214052
0.540693
0.148774
0.444495
0.237121
0.0792399
0.509907
1.28856
1.6243
0.869338
0.648122
0.279082
0.321811
0.618384
1.21019
0.0245646
0.11122
0.162768
0.555692
0.173098
0.741379
0.175624
0.0778632
0.605797
1.24646
0.330669
0.225781
0.0576914
0.0310675
0.67969
0.319035
0.0149833
0.383366
0.536818
0.113099
1.12064
0.716517
0.881958
0.075798
0.501061
0.00473627
0.126722
0.0565284
0.0863557
1.23137
0.0398959
1.13658
0.0294834
0.0279168
0.362705
0.818001
0.292991
1.98645
1.57221
0.169545
0.157865
0.825838
0.545947
1.47954
0.901785
0.315104
0.322357
0.0689313
1.6217
0.195213
0.568293
0.943336
0.038184
0.0099896
1.20575
2.14441
0.465755
1.22243
0.55584
0.315392
1.10392
0.695155
0.00911949
0.0223021
0.672768
0.319012
1.0348
0.0107356
0.459779
0.0635976
0.260311
0.116853
0.458962
0.243024
0.541394
0.15007
0.518255
0.536508
1.82765
0.623603
0.292525
0.493328
0.0584866
0.0618638
0.68936
0.164373
0.198044
0.831071
0.0961214
0.00539615
0.848798
1.87258
0.61165
0.68973
1.0288
0.304666
0.620264
0.255021
0.527071
0.185138
0.242322
0.105452
1.63329
0.0394141
0.284565
1.58975
1.29682
1.03492
0.313407
0.167575
1.01668
0.578702
0.355605
0.122531
0.0184292
0.0266696
0.62588
1.22071
0.526252
0.655325
0.275113
1.02821
0.0421669
0.115933
0.0399698
0.568782
0.00811594
0.0124037
0.0531708
0.863406
0.0742858
0.108243
0.851108
0.716904
0.11037
0.0916621
0.111994
1.68474
1.7475
0.221885
0.0204152
0.0140482
0.373536
0.604366
0.789925
0.644471
0.661196
0.307214
0.307858
0.170338
1.12357
0.0702295
0.364155
0.0915823
1.67176
0.0299761
0.0449184
1.21593
0.515302
0.613835
0.346551
1.30499
0.40651
1.03358
0.435735
0.865523
0.353756
0.451182
1.11275
1.02883
0.712452
0.416661
0.35462
0.0834573
0.120246
0.612688
0.521988
0.630168
0.19041
0.172291
0.248523
0.327685
0.0453171
0.0414503
0.23302
0.218738
0.724221
0.0978055
0.47328
0.588708
0.416576
0.111428
0.336246
0.912716
0.535755
0.470503
0.312948
0.0439825
1.40569
0.0859077
0.734365
0.251984
3.0936
1.37758
0.295296
0.158715
0.780578
1.2894
0.204126
0.933864
0.377786
0.810296
0.7365
1.22136
0.490519
0.234711
0.532792
0.103339
0.577516
1.12432
0.323014
0.0638641
0.0190733
2.15363
0.713817
1.34565
1.62918
0.245545
0.0177346
0.640556
0.19099
0.207767
1.2138
0.0252107
0.186987
0.84018
0.229683
0.167378
1.23714
0.641356
0.192853
0.0337502
0.585603
0.299455
0.223453
1.53455
0.253841
0.129444
0.0651278
0.0218517
0.210098
0.538679
0.396675
0.874661
0.465933
0.74033
0.842439
0.607531
0.523675
0.869675
0.359142
0.423498
0.479905
0.278076
0.448965
0.00188757
0.204784
0.712616
0.584426
0.37972
0.776635
0.226496
0.508236
1.25181
0.740909
0.418821
0.768729
0.301069
0.574379
0.432796
0.172675
0.0384898
0.572824
2.54303
0.8404
0.206309
2.00323
0.178826
0.148822
0.124566
0.0525666
0.204231
0.998774
0.71172
0.49773
0.719481
0.347651
0.160248
0.592501
1.07414
0.0791966
0.0728708
0.25673
0.508032
0.21834
1.12059
0.531379
0.750433
0.458201
0.128072
0.847224
0.0214108
0.306556
0.0961187
0.160406
1.44516
0.260294
0.0782187
1.35446
0.400284
0.555159
0.0764597
0.0413533
0.415882
0.053631
0.777125
1.13645
0.0765971
0.787865
0.125717
1.0648
0.0969888
0.577428
0.380318
0.197619
0.235442
0.054566
0.968719
0.343331
0.0989224
0.0373038
0.332885
0.508491
0.331696
0.0172239
0.73786
0.0144041
0.0247424
0.446078
0.304326
0.116408
0.194309
0.0383837
0.180489
0.428775
0.0352358
0.783583
0.0334629
1.19902
0.198035
1.97721
0.240473
0.0207756
0.964068
0.809351
0.117291
0.00896656
0.947296
0.644173
0.391216
0.165436
0.169327
0.554406
0.120634
0.619619
0.140064
0.132622
0.282521
0.171442
0.814079
0.634016
0.533809
0.318693
0.109305
1.80605
1.04588
0.166505
0.147083
0.752145
1.0057
0.447921
0.609366
0.535314
0.462243
0.516587
0.617749
0.217714
0.492666
0.51405
0.0282582
1.75721
0.0719026
0.342168
0.640833
0.15684
0.328701
0.182719
1.74495
0.0469042
0.175323
0.212911
0.52492
0.075015
0.303833
0.161725
1.09328
2.41487
0.0528216
0.66356
0.44438
0.0617913
0.720474
0.0283224
0.037067
0.0294634
0.366396
0.0339052
0.313007
0.855576
0.211733
0.282423
1.02947
0.187292
1.10771
1.61492
0.554997
0.0324884
0.626149
0.096596
0.0534599
0.832148
0.197361
0.196527
0.303115
0.0361386
0.661174
0.0253389
1.77689
0.0486502
0.429941
0.0435404
0.0234575
0.121859
0.327391
0.48474
0.406206
0.303031
0.20081
0.0291681
0.0794759
0.0177502
0.208169
0.407458
0.0615398
0.875552
1.00324
0.842402
0.0482855
0.103812
1.16218
0.0438056
2.06362
0.314198
0.237675
0.337902
0.354749
0.280716
0.0422853
0.0550353
3.03406
0.238681
0.0771851
0.379258
0.884626
0.109627
0.114238
0.0646815
0.554336
0.250496
1.2114
0.0635971
0.301182
0.235437
0.364442
0.378658
0.309483
0.0902642
0.570217
0.512125
0.59037
0.0297216
0.707881
0.0647177
0.467881
0.00810726
0.04832
1.47775
0.0138098
0.504412
0.0179063
0.565866
2.20283
0.33732
0.185622
0.263292
0.211641
0.300722
0.205415
0.320957
0.339579
0.715653
0.133956
0.751452
0.0727508
0.262858
0.271262
0.0676512
0.151124
0.481066
0.237542
0.682918
0.526644
0.2662
0.837395
0.779396
2.19454
0.552139
0.461645
0.653271
0.09043
0.219379
0.00514665
2.23036
0.187467
0.427197
0.159759
1.15281
0.281508
0.278643
0.593357
0.372437
2.43432
0.577673
0.0651125
0.685084
0.250712
0.00232423
0.0683653
0.873963
0.134232
0.147204
0.209922
0.432563
0.0541461
0.0382408
0.317031
0.978564
0.0942033
0.435153
0.0378353
0.174757
0.379031
0.127565
1.29296
0.193834
1.54717
0.957813
0.340145
0.269515
0.934625
0.467754
0.0827286
0.0954157
0.320796
0.165063
0.182636
3.62084
0.157532
1.18486
0.230122
0.778157
0.0284014
0.0864253
0.170993
0.191292
0.242106
0.264453
2.25185
3.889
1.0789
1.11577
0.0225648
0.274963
0.121309
0.373866
0.369585
0.0708648
0.0825343
0.733346
0.936263
0.487313
0.0100501
0.629239
0.658684
0.715864
0.089713
0.128081
0.858653
0.670328
0.026613
0.722936
0.806626
0.213236
0.80289
0.673343
0.197475
0.433924
0.0168206
0.370605
0.279585
0.10448
0.80823
0.0485317
0.470542
0.346712
0.195321
0.867047
0.247439
0.0979181
0.278035
0.64478
0.21125
0.0559837
0.0287252
0.0652158
0.0742489
0.673298
1.33619
0.0933033
0.613831
0.147222
0.582967
0.49499
0.353307
0.00932959
0.178029
0.0757716
0.0440304
0.177906
0.398361
0.0694827
0.371376
1.08711
0.306172
0.64845
0.261516
0.118693
0.00948849
0.412665
0.554206
0.554156
2.45113
0.252424
0.280772
0.598378
2.47756
0.312395
0.66639
0.475377
0.0687374
2.17462
0.021877
0.59565
0.118283
1.16397
0.568585
0.0248421
0.229023
0.641579
1.26623
0.680747
1.19255
0.0914414
0.366498
2.27776
0.779748
0.288526
0.281967
0.493558
0.0376644
0.496955
0.313188
0.299409
0.400562
0.519681
0.893944
0.291672
0.198452
0.326929
1.96739
0.0814274
0.436784
0.970565
0.170229
0.645551
0.0869846
0.714528
0.347426
0.320396
1.16681
0.514819
0.104839
0.575041
0.905042
0.0552351
1.37953
0.406402
0.183328
0.212548
0.548025
0.587352
1.26563
1.05131
1.46806
0.107239
0.31292
0.0062066
0.00347206
0.118628
0.78346
0.0239323
0.16557
1.02015
0.610156
0.102427
1.57369
0.0427693
0.0116164
0.0110896
0.123648
0.611488
1.0909
0.358537
0.438283
0.613915
0.932571
1.67927
0.175095
0.182363
1.15329
0.706353
0.388502
0.0537773
0.129698
0.459137
0.0801274
0.490373
0.191271
0.773721
0.0697055
1.80754
0.24461
0.288155
0.196946
0.817333
0.675488
0.225821
0.46037
0.0220707
0.56812
0.336331
0.270582
0.520098
0.148142
0.0766129
0.399385
0.580014
0.00924397
0.0309364
0.750079
1.0966
0.165113
0.119556
0.111933
0.456971
1.69334
1.97224
0.30826
0.746218
0.963047
0.574177
0.565428
0.608205
0.573345
0.770336
0.889815
0.381559
0.0820504
0.220222
0.0673756
0.752163
0.945668
0.6884
0.330654
0.191065
0.540844
0.238617
0.732008
0.246873
0.411985
0.283198
0.891651
1.36289
0.027259
1.06253
0.46457
0.514295
2.19005
0.336746
0.859919
0.139913
0.182212
0.0420149
0.414326
1.49861
0.225007
0.704833
0.713977
0.335477
0.0665147
0.0709194
0.265768
0.462996
0.407903
0.272523
0.155516
0.00917506
0.0554837
0.0110617
0.615708
0.138622
0.0562305
0.00710192
0.664811
1.02381
0.269711
0.156873
0.288487
0.339993
0.0636697
0.148548
0.456276
0.344041
0.0499836
1.01069
0.972743
0.0208391
0.019514
0.284487
1.69834
0.384941
0.126898
1.30963
0.158457
0.0765915
0.457664
1.11331
1.4056
0.00325723
0.317671
0.865768
0.142854
0.135403
0.748132
0.337849
0.0448843
0.361865
0.355815
0.169929
0.936237
0.589053
0.712541
0.247298
0.0939822
0.101436
1.33006
0.977975
0.033134
1.45404
0.189065
0.274881
0.174564
0.898396
0.0917269
0.210706
0.625587
0.229809
0.00796649
0.336171
0.0236078
0.607125
1.27497
0.437102
0.23525
2.59122
0.00220033
1.0684
0.143788
0.290095
0.232665
0.510077
2.34168
1.36877
1.92407
0.154226
0.113337
0.321264
0.158772
0.816485
1.9885
0.76117
0.0615402
0.0815597
0.0649583
1.5299
0.670672
0.17011
0.385866
0.41704
0.429868
0.0648828
0.695779
0.270844
0.110307
0.195484
1.43523
1.68967
0.0616929
0.871807
0.698468
0.0613083
0.407479
0.396588
0.277305
0.215816
0.0725034
0.741796
0.472563
0.278847
0.107663
2.16186
0.0642585
1.79536
0.155008
0.245604
0.211847
0.167188
0.889894
0.676233
0.138438
0.0944328
0.159691
0.24243
0.167139
0.461791
0.758919
0.401403
0.357916
0.786172
0.544063
0.432691
0.474404
0.852228
0.224948
0.867245
0.172935
0.0935787
2.47619
0.374117
0.134642
0.236947
0.479228
0.251995
0.608938
0.0250046
0.204056
1.97365
0.846943
0.619771
0.495987
0.227999
0.147085
0.377076
0.847562
0.0652888
0.427686
0.487494
1.51732
0.466507
0.141287
0.821095
0.366734
0.659283
0.488499
0.19338
0.600388
0.15432
0.204457
0.818393
0.216556
0.016128
0.109929
0.210132
1.34329
0.345624
0.129802
0.0550977
0.655525
0.774412
0.122265
0.405333
1.22766
1.52046
0.334008
0.377665
0.0769904
0.304646
0.0464756
0.0288817
0.653269
0.0486445
1.14593
0.57691
0.663255
0.490419
0.432041
0.215557
0.453486
0.252161
0.67371
0.186929
0.099137
0.845844
1.53035
0.311721
0.00253855
0.447116
0.459182
1.13134
0.0305166
0.897117
0.243591
0.816506
0.357597
0.593286
0.113328
0.0874287
1.33042
0.154638
0.96487
0.361459
0.581709
0.256366
0.945867
0.142617
0.0761242
0.326807
0.292767
0.861136
0.20323
0.381815
0.773301
0.153273
0.151052
0.367174
0.0257355
0.305335
0.412461
0.659223
0.925407
0.450132
0.672669
0.559184
0.0443284
0.459037
0.991751
0.185791
0.117944
1.4499
0.063795
0.0747101
0.585344
2.22572
0.541647
0.188961
0.125027
0.265773
0.647584
0.141589
0.318614
0.927072
0.118597
0.113699
0.201171
0.00973653
0.209196
1.51468
0.422889
0.0520721
1.57901
0.159434
0.229676
0.0983645
1.03331
1.63121
0.121496
0.00579112
0.671918
2.23234
0.235093
0.169704
0.295689
0.748225
0.480978
0.624435
0.201258
0.601459
0.0362371
0.166548
0.70273
0.0844764
0.155215
0.346881
1.45782
1.05077
0.0517914
0.243124
0.792673
0.0501633
0.160735
0.654508
0.20035
1.63186
0.880044
0.337274
0.235912
0.138382
0.324869
0.0374443
0.0420951
0.098481
0.301864
0.62332
1.87157
0.991105
0.331505
0.413592
0.588535
0.166645
0.506517
0.25924
0.5321
2.00595
0.784694
0.258761
0.616199
0.0311982
0.811276
0.573951
0.764442
0.0467687
0.287674
0.762566
0.0724053
0.513953
0.373942
1.2781
0.226552
1.38918
0.321129
0.0527472
1.76144
0.120679
0.138771
0.000375733
0.529346
0.250357
0.73075
1.64748
0.258335
0.365001
0.565508
0.0818715
0.537957
0.0115567
0.191421
0.0108978
0.774586
0.60425
0.0440811
0.117976
1.36468
0.0861011
0.239824
0.201997
0.0318959
0.382175
0.263529
0.721008
0.80764
0.413735
0.150689
0.167043
0.678862
0.738254
0.0287303
0.130064
0.953412
0.317741
0.437313
0.200552
0.0137978
0.377517
0.971174
0.15863
0.113079
0.7647
0.197012
0.746948
1.09941
1.48316
0.156602
0.0545607
0.373819
0.356985
0.60788
0.560931
0.205752
0.05363
0.483925
0.10689
0.25506
0.0726659
0.20927
0.394414
0.126259
0.0897723
0.362738
0.609242
1.39518
0.39332
1.06857
0.0174074
0.0760816
0.0843548
0.122933
0.435759
0.0424741
0.234462
0.212243
1.2486
0.0347996
0.135126
1.44554
0.452631
0.0956236
0.107638
0.1128
1.26273
0.261413
0.351637
0.491836
1.24355
0.76506
0.823984
0.060746
0.562808
0.0535259
0.32336
0.55034
0.798769
0.92748
0.0731371
0.953961
1.06401
0.208322
0.0314613
0.63561
0.805498
0.229443
0.485656
0.69293
0.097123
0.170856
0.622328
0.224345
0.562667
0.0151105
1.22639
0.337365
0.483661
0.00137069
0.513116
1.25306
0.310409
1.18555
0.610828
0.690366
0.677665
0.287851
0.374385
0.26517
0.563959
0.502738
0.0016015
0.349781
0.0658211
0.0647563
1.52704
0.92387
0.389114
0.0430242
1.07908
0.329264
0.0979076
0.501616
2.32955
0.527317
0.0775507
0.335515
0.838112
0.189497
0.262941
0.446478
0.736276
0.163407
0.0586503
0.653155
1.88783
0.370441
0.743511
0.178437
0.563515
0.151207
1.36532
0.0537925
0.752251
0.307821
2.44554
0.517008
1.01295
0.156641
0.295216
0.489226
0.443588
0.675221
0.509124
0.0620148
0.147848
1.00969
0.0350078
0.257984
0.116719
0.413299
0.562095
0.114088
0.644205
0.480993
0.330721
0.0826718
0.0288012
0.460055
0.628757
0.385442
0.308741
0.266703
0.0660705
0.219461
0.0311438
1.38621
0.69934
0.242771
0.404971
0.498554
0.320538
1.60673
0.311481
0.458214
0.204452
0.0873957
0.586672
0.91989
0.50371
0.811458
0.173798
1.64987
0.144777
0.536818
0.6104
0.242321
0.7571
0.118382
0.0702799
0.145651
0.535332
0.573286
0.0373764
0.0796989
0.0976878
0.271553
1.85239
1.28521
0.16597
0.542834
1.39145
0.199488
0.199198
0.421925
0.347319
0.435664
0.931309
0.576144
0.139609
1.0081
0.259397
0.0670205
0.806569
0.340278
0.0707479
0.0798766
0.552292
0.390982
0.532057
0.369573
0.888524
0.367149
0.20538
2.25181
0.546858
0.385105
0.673327
0.928439
0.104631
0.396782
0.0949748
0.029272
0.552359
0.272837
0.0244073
0.0829012
0.47283
0.0927098
0.0293456
0.899646
0.662987
0.110889
1.59615
1.54124
0.485365
0.317922
0.118287
0.128346
0.17372
0.0662356
0.700732
2.87247
0.0619375
0.203036
1.2446
0.461547
0.352293
0.334996
0.24645
0.193993
0.243634
0.526704
0.221409
0.608031
0.718718
0.434231
0.648103
0.0449885
0.00239506
0.156762
0.313464
0.213144
0.173414
0.233978
1.49397
0.151619
0.24715
0.20819
0.0225141
0.0941084
0.383152
0.211761
1.10377
0.80571
0.244859
0.035183
0.0173703
0.993307
1.53564
0.0493109
0.714279
0.185309
0.117211
0.398053
0.150497
0.320757
0.194509
0.0695532
0.255441
0.520238
0.157896
0.477995
0.129495
0.38748
0.0727377
0.215778
0.39586
0.0891755
0.0151404
0.0914178
0.506479
0.653226
0.730535
0.176819
1.03544
0.434481
0.793856
0.394015
0.064846
0.669504
0.164846
0.185839
0.418361
0.543599
0.538231
2.21978
0.312949
0.0181056
0.213102
0.073613
0.0361183
2.23161
0.0980392
0.0650508
4.60548
1.39298
0.561897
0.319997
0.167297
0.0984153
0.147963
0.832369
0.145041
0.139353
0.357703
0.117383
2.23469
1.4681
0.744961
0.3316
0.00321263
0.250526
0.197437
1.54278
0.367131
0.159066
1.55293
0.180296
1.25207
0.809924
0.49234
0.441542
1.05358
1.04787
0.099325
0.0976013
0.392024
0.388774
1.76224
0.143621
0.180265
3.34906
0.0222068
0.820113
0.138614
0.091339
0.676556
0.159266
0.0609268
0.117961
0.745625
0.252356
0.754337
1.13398
2.13979
0.00952057
0.0799463
0.626492
0.967974
0.71657
0.513499
0.706689
0.640018
0.485505
0.28551
0.101149
0.502481
1.09293
0.0581112
0.607952
0.356261
1.59261
2.43867
0.720321
0.026775
1.35188
1.19283
1.58145
0.789386
0.0249992
0.350875
0.238555
0.120127
1.25977
1.37406
0.0218155
0.389264
0.186587
0.356854
1.16927
0.291516
0.0598797
1.96673
0.090327
0.0169851
0.957366
0.168935
0.0717433
0.651801
0.152552
0.449686
0.558013
0.198584
0.0346806
0.0175317
0.929249
0.00843995
0.331135
0.235879
0.218446
0.926259
0.285883
0.112663
0.269809
0.501906
0.468958
0.801286
0.200142
0.849725
0.26455
0.845509
0.708637
0.223487
0.196439
0.227613
0.0929646
1.51339
0.676793
0.387959
0.192932
0.066733
0.21521
0.308369
0.667754
0.31206
0.322212
0.915468
0.0741487
0.0497276
0.129
0.349532
0.0181228
1.89329
0.118251
0.0607666
0.695262
0.0384122
0.0884563
0.112457
0.0278064
0.103165
1.45126
1.35827
1.01062
0.376328
0.366685
0.467281
0.153324
0.050889
0.0263187
0.495692
0.313122
0.183919
0.184361
0.300382
0.0117328
0.699403
0.432163
0.244338
1.00129
0.0969162
0.0322083
0.807955
0.549335
0.956974
0.0772295
0.65668
0.0234527
0.52732
0.0519139
0.304843
0.391306
0.254556
0.105074
0.824594
0.0967966
0.178342
0.0550043
0.611151
0.531405
0.515939
0.229115
0.134308
1.47781
0.519501
0.286291
0.029366
1.24363
1.50265
0.0829256
0.305258
1.05166
0.0843603
0.234907
0.2473
0.193754
1.37467
0.562237
0.335486
0.130779
0.218079
1.04596
0.44656
0.366864
0.146815
2.10545
0.721835
0.545837
0.0463703
0.0501121
0.104313
0.347361
0.657148
0.589702
0.217973
0.0439119
0.0914519
0.0722413
0.723651
0.0640176
0.110238
0.0282747
0.158093
0.323128
0.0878502
0.0440449
1.72824
0.172523
0.203831
0.0959548
0.776735
0.7649
0.0200376
0.308646
0.968558
0.462919
0.0570806
1.89644
0.63892
0.0237757
0.306679
0.513016
1.78003
0.0212151
1.60828
0.0561273
0.349841
0.0918725
0.0198788
0.8709
0.0436576
0.208604
0.860786
0.691079
0.367508
0.652376
0.695598
0.24513
0.834555
0.164737
0.117612
0.708636
0.537683
0.163888
0.534054
0.202239
0.36026
1.39238
0.119002
0.0963912
0.17746
0.318351
0.555664
0.670702
0.678118
0.460633
1.8026
0.346252
0.0507803
0.15662
0.726272
0.816561
0.206609
0.47811
0.313683
0.523752
0.803284
0.183431
0.033406
0.110106
0.785123
1.82946
0.746902
0.572416
0.0354694
0.104313
0.545882
1.48246
1.10997
1.56027
1.12332
0.887282
0.858063
0.131511
0.591004
0.0759547
1.00604
0.331244
0.0668278
0.237716
1.46334
0.775884
0.0494994
0.0275501
0.137093
0.152441
0.419934
0.167818
0.28518
0.862702
1.38011
0.163095
0.274868
4.08568
1.09424
0.184879
1.08976
1.37086
0.556758
0.509521
0.627557
0.1605
0.425237
0.506494
0.123794
0.329953
0.554023
0.316879
0.851277
0.676821
0.135662
0.664669
1.31392
0.736741
0.494097
2.00656
0.128086
0.319656
0.088001
0.168486
0.625953
0.555456
1.83738
0.0380528
1.29761
0.154047
0.121052
0.511152
0.340138
0.124117
0.165432
1.5894
0.621485
0.648946
0.463699
0.144558
0.921266
1.75456
0.953845
0.359325
0.0720147
0.895762
0.287411
2.65922
0.770376
1.91771
0.0849018
0.067135
0.433102
0.372895
0.00974432
0.10311
0.359753
0.249028
0.450391
0.131397
0.192172
0.572701
2.72565
0.270518
0.0180047
0.443228
0.0823025
0.322395
0.334493
0.369001
1.77738
0.0708819
0.0786945
0.707526
2.2679
0.644937
1.11663
0.0898004
0.0431375
0.0140672
0.0486598
0.630853
0.59067
0.772208
0.189985
0.523388
0.0725173
0.0259816
0.19283
0.375971
0.00754308
0.872708
0.384388
0.157401
0.241984
0.80766
0.202588
0.155668
0.151349
0.00568822
0.57199
0.388568
0.812558
0.606177
0.180115
1.77726
0.102675
1.25229
0.622862
0.354331
0.750167
0.132874
0.217906
0.275786
0.127807
0.480653
0.942901
0.346256
0.383369
1.26146
0.53941
2.64221
0.126257
0.157645
0.410266
0.520224
0.236936
0.471397
0.286094
0.149462
0.248243
0.195868
0.243469
0.717044
0.661484
0.881676
0.591257
0.401104
0.117404
0.0826943
0.161563
0.184095
0.312755
0.596646
0.14926
0.00704091
0.0955369
0.0833557
0.273247
0.168183
0.283082
0.0399488
1.24243
1.58628
1.087
1.34068
0.437142
1.13588
0.204885
0.0765406
0.865995
0.570428
0.847657
0.134158
0.936476
0.872798
0.0502683
0.486506
0.183074
0.00231497
0.156987
0.846716
0.239728
1.01907
0.480834
0.265963
0.0450598
1.95512
0.414464
0.169172
0.194208
0.363587
0.616125
0.0715079
0.40236
0.125317
0.134374
0.282446
0.108216
0.878568
0.0427117
0.402549
0.148999
0.23945
0.114852
0.114397
0.285754
0.643577
1.49537
0.41247
0.0157952
0.0930188
0.144997
1.18742
0.353664
0.278469
0.348377
0.434064
0.147431
0.146583
1.18422
0.58546
0.997985
0.246948
0.67426
1.37446
0.653408
0.0637811
1.18812
0.528037
0.442786
0.463011
0.441813
0.850499
0.167312
0.79578
0.661024
0.213878
1.12087
0.495042
1.50014
1.36609
0.951229
2.39427
0.26765
0.351996
1.22442
0.0510325
0.383254
1.75991
0.0107917
0.87392
0.791714
0.0991101
0.0774128
0.819777
0.407544
0.174111
0.194838
1.25125
0.679138
0.281458
0.776884
0.733684
0.141941
0.145187
0.237823
0.0410227
0.261605
1.16872
0.951968
0.942863
0.0237699
0.457887
1.37175
0.178553
0.395502
0.293368
0.147913
0.628577
0.654468
0.223195
0.196673
0.0626849
0.114511
0.0163422
0.419618
0.0107119
0.204205
0.373265
0.208383
0.642676
0.404712
1.50841
1.22647
0.521864
0.680137
0.472786
0.678737
0.318592
0.456459
0.0748117
0.47953
1.2782
0.0101986
0.035118
0.499569
0.456799
0.440643
0.0941559
0.65079
0.405797
0.122773
0.0201179
0.778551
0.0636641
0.35804
0.135524
0.088265
1.32502
0.128798
0.8787
0.667932
1.15239
0.943155
0.896282
0.296588
0.0684879
0.33201
0.705588
0.697002
1.47572
0.778489
0.616505
0.14102
0.929269
0.980218
1.18523
0.215435
0.983099
0.59852
0.843156
0.645956
1.33109
1.0038
0.245749
0.988266
0.163544
0.120783
0.608165
0.513803
1.90919
0.376802
0.30752
0.488075
2.69645
0.353609
1.23121
0.390046
0.892276
0.515423
1.09315
0.0241585
0.0572502
0.375434
0.300838
1.04729
0.270794
1.69494
0.310593
0.217572
0.199414
0.851095
0.282356
0.0180331
0.560576
1.83719
0.370056
0.0572267
0.0823434
0.235882
0.259204
0.156917
0.631996
0.101858
0.704661
1.06265
0.0939245
0.288596
0.650045
0.210227
0.548914
0.728022
0.220668
0.16242
0.201435
0.455904
0.511936
0.211601
0.695705
0.114473
1.17933
0.289464
0.20413
0.524466
0.310454
0.397563
0.360169
0.0335387
0.00677039
0.532565
0.827307
0.728072
0.319567
0.318543
2.01065
0.481502
1.52226
0.0928512
0.0784592
0.100254
0.558804
0.208828
0.702304
2.17175
0.0206959
0.336483
0.103641
0.251462
0.551642
0.0346131
1.03888
0.754663
0.446202
0.377748
0.059458
0.06991
0.237023
0.33908
0.188707
0.688376
0.556123
0.753044
0.0002926
0.647489
0.134818
0.137037
0.610024
1.23559
0.904295
0.205698
0.508853
0.320986
1.10264
0.672745
0.701352
0.820549
0.171037
0.0926359
0.0545463
0.363132
0.103142
0.111348
0.347257
1.5242
0.679507
0.0801698
0.48847
0.216972
0.362662
0.106572
0.121837
0.573178
0.260969
0.510152
0.0419313
0.656078
0.116189
0.180044
0.226554
0.199173
0.120056
0.127407
0.20187
0.755274
0.851748
0.951638
0.405469
0.320808
0.296284
1.29181
0.174187
0.410693
0.581268
0.0382727
1.20446
0.458789
0.311896
0.804985
0.254495
1.45671
0.065827
0.215575
0.520668
0.483223
0.085752
0.0966433
0.577719
0.563812
0.00301466
0.0340681
0.0337589
0.0662389
0.111806
1.02727
0.200506
0.755608
0.306133
0.363847
0.226706
1.45822
1.37261
0.872887
1.44199
0.074543
0.377154
1.14317
1.83927
0.456205
0.0272111
0.14768
0.235736
1.31001
0.438904
0.964186
0.125261
0.378845
1.09318
0.071013
0.0949239
1.01105
0.135688
0.203102
0.144332
0.723661
0.201743
0.0634328
0.0710624
0.865096
0.19651
0.399207
0.090955
0.285547
1.24837
0.244034
0.525189
0.0513472
0.264692
0.675989
0.186412
0.024372
0.530011
0.645522
0.695394
0.00131884
0.943313
0.0557101
0.370316
0.870555
0.532087
0.141989
0.858318
0.641122
0.187044
0.799471
0.0246397
0.278871
0.339456
0.472763
0.0596437
0.205235
0.0524331
0.110524
0.426136
0.389649
0.369586
0.110237
0.065235
1.51253
0.167906
0.759469
0.419619
0.204388
0.123693
1.36102
0.910631
0.204302
0.0274578
1.01409
0.728658
0.516657
0.695841
0.436276
0.747433
0.101889
0.116894
0.179858
0.142139
0.971576
0.549854
0.109953
0.352467
0.111237
1.78563
0.505123
0.0291653
1.78186
0.520826
0.117872
0.0759928
0.372811
0.645726
0.896552
0.932754
0.016862
0.800191
0.0529825
1.35943
0.743838
0.209984
0.525577
0.21375
0.149233
1.21305
0.00172728
0.737771
0.936258
0.102844
1.06405
1.22031
0.404499
0.355944
0.650257
1.17767
0.0384062
0.573986
0.321475
0.407153
0.934501
0.196551
0.53926
0.741962
0.835059
0.655717
0.0821143
0.142174
0.493375
0.075387
0.816283
0.107185
0.389492
1.05777
0.456704
0.156266
0.379102
0.450076
0.832276
0.449456
0.77311
0.289059
0.422459
0.492532
0.18319
0.665497
0.145458
0.152154
0.604509
0.149939
0.177587
0.330009
0.440953
0.54865
0.525561
0.935836
0.0172804
2.00412
0.343885
0.421312
0.0466329
0.485124
0.717691
0.354763
0.241106
0.0271408
1.28793
0.301575
0.332315
0.198353
0.360544
0.18368
0.0619761
0.60046
2.48677
0.227547
0.0221124
0.204459
0.480026
0.25539
0.0856693
0.294707
0.129761
0.0467524
0.251325
0.228976
0.236345
0.566784
1.29351
0.386399
0.336734
0.0603401
0.16371
0.338195
0.339672
0.256604
0.0985226
1.07785
0.93278
1.42251
1.42233
0.0738109
0.710143
0.142371
0.133275
0.757358
0.629697
0.00589828
0.0188476
0.46126
0.304362
0.0148304
0.0346998
0.884789
0.344394
0.135374
0.191566
0.786477
0.000226394
0.0353749
0.119812
2.01731
0.127445
0.514053
0.104135
0.291978
1.10791
1.26754
0.00815514
0.489999
0.0314263
1.75579
0.146187
0.0154113
0.255551
0.706385
0.791718
0.0367313
0.241626
0.340468
0.287001
2.15486
0.439115
0.161854
0.762867
0.547407
0.0328511
0.389069
1.11513
0.488636
0.0954605
0.392004
0.194865
0.00435012
0.0914029
0.308643
0.00600084
0.338346
0.582738
0.393925
0.635154
0.399424
0.67552
1.31509
0.0649173
0.409531
0.649769
0.579921
0.247277
1.77565
0.482735
0.414401
0.0734863
0.728255
0.78142
0.632202
0.368295
0.246178
0.133821
1.11742
0.2397
0.0427106
0.118225
0.992681
0.165644
0.307213
0.191173
0.502232
0.0341919
0.107379
0.863051
0.0516209
0.931007
1.504
0.0222755
0.114303
0.345176
0.300845
0.889985
0.538576
1.38469
0.161109
0.617188
0.113146
2.00472
0.392862
0.0116793
1.25828
0.312265
0.888151
0.196909
0.236115
0.44978
0.634674
1.18531
0.757749
0.928265
0.809849
0.532422
0.205173
0.38031
0.0892213
0.597716
0.551211
0.0726221
0.189418
0.083955
1.22688
0.428318
0.189459
0.0675478
0.0432577
0.756613
0.345052
0.0253322
0.546497
0.185098
0.402937
1.97434
0.336052
0.850126
0.0665042
0.201298
0.405592
0.173395
0.75514
0.00408714
0.0342083
0.849815
0.0300464
0.942406
0.204509
0.02296
1.32694
0.214974
0.384908
0.285811
0.624467
0.952927
0.352965
0.974101
0.259424
0.00857601
1.28957
0.346315
0.08113
0.234661
0.0808408
0.873929
0.796869
0.0510217
0.502854
0.885033
0.184852
0.497015
0.0833503
0.105015
0.0701886
0.199588
0.76566
0.47077
0.0939027
0.139001
0.464204
0.0570006
0.0519298
0.350007
0.0624358
0.0350276
0.229567
0.444648
0.148953
0.196078
0.315485
0.626928
0.139034
0.290258
1.51006
0.70279
0.0565828
0.858328
3.28918
1.29843
0.12679
0.751725
0.492899
0.607996
0.0578635
0.362785
0.734522
0.363217
0.876158
1.98755
0.864627
0.0657436
0.0377274
0.218276
0.933456
0.381478
1.13301
0.553626
0.281422
0.0589788
0.519261
0.564413
0.534715
0.112715
0.327165
1.40608
0.000255047
0.229996
0.0993713
0.62533
0.236998
1.27943
0.22777
1.18514
0.364719
1.09026
0.0101024
0.108324
1.10699
0.311389
0.622356
0.00306817
0.591946
0.141227
0.35045
0.504154
0.639849
0.193607
0.244695
0.338501
1.42723
0.437514
0.469905
0.550563
0.357325
0.212193
0.354588
0.161524
1.06101
0.0252441
0.745558
1.43707
0.138256
0.49598
0.331998
0.203555
0.184127
0.0737737
1.67437
0.442312
0.378639
0.233815
0.500451
0.144335
0.0949094
0.520981
0.359125
1.51945
0.772133
0.00410052
0.0468645
0.0859103
0.000292204
0.142997
0.578201
0.369058
0.00455386
0.0870163
0.283586
0.194034
0.621896
0.461275
0.154175
0.102478
0.257664
0.143958
1.22692
1.24205
0.450865
0.877676
0.622495
0.884219
0.76649
0.316535
0.725514
0.0861002
0.351737
0.642023
0.615813
0.121965
0.0277001
0.530501
0.306037
1.07368
0.0594668
0.472516
0.0182051
0.290312
0.594649
0.119524
0.0876317
1.21024
0.0840662
1.15397
0.893209
1.19955
0.26484
0.501632
2.20924
0.0369106
0.194725
0.414313
0.184453
0.704105
0.436896
0.21694
0.92107
0.5186
0.248246
0.439381
1.86978
0.954494
0.153635
0.770267
1.04253
0.085343
0.68767
0.0739513
0.216637
0.104764
1.02499
0.104107
0.632087
1.25105
0.21709
0.687789
1.35922
0.159405
0.472233
0.518637
0.525493
0.416713
0.415878
0.0132448
0.0269983
0.259208
0.0271195
0.00555754
1.71033
1.21434
0.0150526
0.578628
1.09786
0.130137
1.85248
0.951422
0.510935
1.07417
0.0452837
0.331104
0.514883
0.74735
0.979625
0.446349
0.198916
0.0222786
0.857628
0.365061
0.262478
0.216104
0.00780352
1.48327
0.41623
0.152834
2.16674
0.897673
0.946385
0.0614707
0.288495
0.324669
0.620132
0.305191
0.462499
0.642138
0.143727
1.39908
1.75746
0.416786
1.51755
2.09688
1.66357
0.143979
1.20464
0.119249
0.206187
0.45973
0.146469
0.1895
0.166336
0.425119
0.118314
0.599445
0.00110723
0.094315
0.665133
0.897232
0.00796407
0.281647
1.48783
0.116197
0.452612
0.0698766
0.29031
0.186222
0.120655
0.837477
0.742361
1.14649
2.33912
0.0888904
1.23507
0.313748
0.00258515
0.143371
0.600169
0.22481
0.688857
0.0426893
0.244204
0.177371
0.303313
0.290952
0.761232
0.145833
0.886096
0.332579
0.502541
0.272099
0.60106
2.87373
0.0350287
0.139586
0.0295404
0.522801
1.29545
0.322948
0.151026
1.37507
1.12024
0.176388
0.77411
0.387613
0.393368
1.3891
1.60877
0.184714
0.385608
1.03885
0.723328
0.647266
0.458803
0.00825166
0.723429
0.766796
0.025856
0.42239
1.84338
0.42326
0.903361
0.1563
0.152626
0.241999
1.11017
1.08462
0.553349
0.474059
0.10476
0.429111
0.151152
0.543832
0.615221
0.232877
0.338043
0.177988
0.75317
0.462636
0.132157
0.446552
0.148653
0.114679
0.933556
0.223523
1.00001
0.436444
0.0144025
0.0674392
0.0349426
0.253393
0.169008
2.22905
0.08951
0.194979
0.223635
0.0370073
1.64706
0.200508
0.791839
0.702343
0.493355
0.640138
0.0654814
0.078827
0.0273762
0.0145526
0.182837
0.59998
0.348361
0.611207
0.462622
0.285579
0.10838
0.634284
0.929741
0.250603
0.0575506
0.392024
0.0335673
0.224332
0.160206
0.435256
1.69701
1.45551
0.207519
0.742374
0.0108833
0.0811388
1.50486
0.202439
0.0474717
0.970367
0.236327
0.437412
0.974674
0.245683
0.628603
0.169901
0.366992
0.332391
0.43119
0.28301
0.0826204
0.654473
0.163907
1.08291
0.598731
0.268452
0.948742
1.36352
0.149546
0.0179004
0.256783
0.187055
0.225299
0.311246
0.0766855
0.423098
0.173091
0.195582
0.179578
0.850649
0.960058
0.17568
1.46482
0.557648
0.67363
0.772219
0.735977
0.430292
0.908772
0.512447
1.07825
0.169371
0.229972
0.806498
0.000213346
0.404269
0.101028
1.38994
0.430445
0.0218716
0.0340307
0.252019
0.0023508
0.610723
0.446513
1.40616
0.0390197
1.15561
0.428447
1.41212
0.161711
0.0376253
1.37571
0.139785
0.0559776
0.920869
1.21857
1.45592
0.0303321
0.949653
0.0171346
0.00905903
0.223038
1.25463
0.312338
0.875899
0.149885
0.193019
0.67529
0.174937
1.11046
1.07522
0.316025
0.126418
0.493596
0.630161
1.72808
0.0600959
0.389707
0.481045
0.538426
0.021672
0.227932
0.379445
0.133724
0.350684
0.0145903
2.22712
0.286501
0.728255
0.788448
0.399108
1.30101
1.04671
0.0299121
0.262736
1.05542
0.752091
0.0543091
1.76112
0.236243
0.574878
0.260654
0.24515
0.232007
0.279785
0.460566
0.251038
0.162073
0.274532
0.373096
0.513635
0.297605
0.290197
0.049731
0.0770765
0.682838
0.00442034
0.598109
1.80782
0.769861
0.833322
0.177798
0.255738
0.551139
0.194204
0.116867
0.013123
1.91112
1.05232
0.21025
0.0112202
0.489655
0.21689
0.258869
0.177194
1.44829
0.278729
0.327246
0.317619
0.906511
0.72962
0.770278
0.189192
0.244184
0.839597
0.112351
0.192574
0.105235
1.57893
0.415858
0.686724
0.780916
1.35346
1.08975
0.0206011
0.225799
0.504079
0.168338
0.28704
1.52302
0.445119
0.0280507
0.210134
0.441639
1.44505
0.145159
0.76019
1.22975
0.169948
0.0518597
0.163074
0.262834
0.54992
0.39774
0.633631
0.425804
0.888134
0.115903
0.329157
0.122984
0.465736
0.317742
0.586572
0.0104148
0.106624
0.975725
0.335854
3.19864e-06
0.354518
0.0459203
0.238376
1.1865
0.0643308
1.57748
0.979354
0.020577
2.11642
0.42625
0.679464
0.790677
0.528455
0.160093
0.0100806
1.21444
0.843025
0.633908
1.51614
0.43484
0.175486
0.226107
0.100565
0.0937848
0.608794
0.857653
0.0908052
0.483007
0.01634
0.515898
0.299002
0.608077
0.0943201
0.85421
0.795908
0.0797804
0.308017
0.575992
0.212786
0.479173
0.364841
0.0996276
0.990031
0.0339205
0.28018
0.0727394
0.221189
1.64823
0.0175339
0.445513
0.233159
1.62687
0.19063
2.17378
0.839588
0.27376
0.434575
0.00967736
0.161408
0.431996
0.673742
0.0397656
0.298341
0.187777
0.279644
0.101659
0.282981
0.545435
1.32567
1.30737
0.188036
0.0244884
1.09294
0.714661
0.200131
0.179694
0.151417
0.0447476
0.212791
0.135342
0.501827
0.0354292
0.796936
0.300416
0.344067
0.0929973
1.2038
0.166176
1.05489
0.0899458
0.904083
0.309165
0.0953416
0.79045
0.833066
0.160854
0.428359
0.335278
1.08804
0.821489
0.154042
0.316918
1.64139
0.334502
0.564791
0.195086
0.181576
0.136264
0.732071
0.253172
0.609165
0.521
0.0837308
0.257003
0.53912
1.03381
0.082945
1.06075
0.0144323
0.333168
1.38469
2.71872
0.409
0.421023
0.722515
0.750671
0.315358
0.981238
0.133443
0.687184
0.0712514
0.085987
0.123357
0.05311
0.139445
1.15007
0.771237
0.259057
0.0378344
0.77503
0.411707
0.291176
0.265972
0.211286
0.371658
0.269123
0.0749082
0.652236
0.398425
0.29218
0.122728
0.132472
0.865469
0.0534315
0.295304
0.405809
0.789416
0.00901892
0.468058
0.593544
0.0380635
0.801504
0.342219
0.460629
0.574544
0.265291
2.28065
0.363136
0.546415
0.0145519
1.2981
3.47842
0.013317
0.397482
0.536887
0.388029
0.465875
0.151187
0.135825
0.335944
0.0907858
0.255515
0.0380411
0.829816
0.00445087
0.244421
0.251299
0.330808
1.43769
0.195666
0.0857466
0.489789
0.282323
0.283003
0.0468344
0.441086
0.209588
0.322168
0.0760401
0.23017
0.584055
0.279424
0.676559
1.67445
1.11234
0.348905
0.0576677
0.0773635
0.0766716
0.542439
0.882303
0.437941
2.00302
0.716064
0.238089
0.764484
0.607766
0.79443
0.00673677
0.199581
0.0627462
0.145871
0.0528238
1.07059
0.913248
0.363703
0.633451
0.434083
0.929134
0.261541
0.0275578
1.09563
0.585607
0.367084
0.16818
0.556955
0.410267
0.550933
0.371249
0.129115
0.0538737
0.574032
0.538377
0.0400464
0.765455
0.494398
0.202291
0.706734
0.874494
0.173974
0.51904
1.31791
0.388555
0.100552
0.49787
0.446032
0.287893
0.076774
0.135047
0.655404
0.341581
0.843343
1.11867
0.426745
0.495247
0.0769009
0.120534
0.795779
0.120683
0.692027
0.607086
0.184053
0.277793
2.40305
0.191431
0.0250445
0.346768
0.11674
0.2238
0.605621
0.49998
0.0558166
0.473609
0.234361
0.0657912
0.354453
0.0784287
0.42583
0.17744
0.726806
0.23175
0.614666
0.328179
0.0646504
0.0623527
0.666669
0.272289
0.0241781
0.790238
0.296762
0.609527
0.102211
0.731396
0.294558
0.0917748
0.510847
0.0882031
0.544959
0.407788
0.117713
0.362138
0.986161
2.14619
0.119736
0.532709
0.962106
0.0595577
1.96432
0.035917
0.345349
0.509854
0.230408
0.000871099
0.697462
0.472169
0.753727
0.0207992
0.182732
1.17999
0.525388
0.201332
0.958931
0.110267
0.092931
0.769602
0.0916644
0.0169903
0.210907
0.11335
1.3958
0.150222
0.480815
0.307512
0.120617
0.167315
0.0579439
0.460075
1.3626
0.000972627
0.093517
0.365994
0.202044
1.38883
0.480965
1.19191
1.22672
0.435004
0.223571
0.336159
0.630148
1.83894
0.389983
0.186664
2.3894
0.471459
0.189428
0.632041
0.119965
0.195412
0.163562
1.59807
0.114945
0.105343
0.964384
0.0192436
0.373217
0.0116829
0.8383
0.130573
0.172345
0.648315
0.0360295
0.80396
0.0619733
1.47192
0.0181473
1.75441
0.333681
0.726773
0.388087
0.386402
0.963392
0.89579
0.694061
0.143743
0.093614
0.82487
1.415
0.631709
0.0494056
0.156556
0.236717
0.152545
0.15601
0.511056
0.195388
0.284055
1.52425
0.00952363
0.0733486
0.218655
1.08492
0.0660459
0.858842
0.673756
0.0353527
0.46757
0.100258
0.907472
0.509855
0.381113
1.46608
0.204492
0.0432393
0.27399
0.736404
0.146337
0.398974
0.434808
2.79855
0.701792
0.324656
0.728818
0.0733102
0.016573
0.147979
0.0300629
0.202511
1.20338
0.128555
0.160674
0.121459
0.0614454
0.437081
0.556748
0.439185
0.993589
3.0062
0.96464
0.907163
0.0264921
0.136908
0.0403138
1.21221
0.00719151
0.202243
2.00495
0.209669
0.174997
0.467802
0.250706
0.481885
0.430979
0.248374
0.364886
1.36832
0.00183346
0.0949904
0.370472
0.261179
0.0753415
0.262868
0.342797
0.17527
0.331955
0.123608
0.345754
0.386255
0.247683
0.0236844
0.20131
0.110989
0.506848
1.04819
0.761985
0.0467554
0.581169
0.154153
0.735154
2.43839
0.108513
0.406931
1.20059
0.194246
0.00790795
0.141956
0.404852
0.968887
0.273944
0.0748341
0.1381
1.83289
0.0636113
0.118013
0.146665
0.74497
1.91475
0.0600324
0.555211
0.00214794
0.045995
0.687202
2.464
0.0435633
0.0793353
0.0410261
0.0544804
1.72022
0.378125
0.352154
1.27693
0.200984
0.190384
0.605227
0.163757
0.856466
0.471642
0.575858
0.0981142
0.00798449
0.5963
0.200775
0.0343241
0.294525
0.552053
1.08431
0.800742
0.351862
0.433671
0.0112821
0.677981
0.629211
1.40056
0.257511
0.474141
0.0720125
0.0942585
0.636771
1.85847
0.14957
1.51213
1.44817
0.311539
0.0576176
1.79205
0.680867
0.123218
0.326134
0.445683
0.132897
0.166514
0.260122
0.00787775
0.477411
0.0224183
0.547739
0.36368
0.597064
0.364214
0.219031
1.06267
0.392763
0.450892
0.119346
0.544506
0.769158
0.103862
0.0209807
0.187164
0.500618
0.681682
0.0923753
0.923252
0.0607443
0.317763
0.0150067
0.387379
0.0147377
0.932053
0.263507
0.0948616
0.816232
0.0472837
0.134854
1.26651
1.05624
1.90955
0.711944
1.87441
1.4674
0.0245208
0.0109341
0.275214
1.65676
0.381323
0.229938
0.0325936
0.0856613
0.136968
0.7257
0.467331
0.259796
0.479912
0.40912
1.2689
0.496656
0.236093
0.193742
0.169469
0.683053
0.176135
0.101079
0.120165
2.23546
0.15744
0.789764
0.926449
0.0278266
0.0113905
0.214446
0.111393
0.436426
0.0166263
0.0590403
0.151517
0.394544
0.559403
0.0296125
0.118292
0.472457
0.00856354
0.744513
0.278854
0.241254
0.515633
1.9829
0.0855087
0.608169
0.282264
0.0338066
1.25099
0.0304777
0.0647777
0.103661
0.0994293
0.101909
0.317553
0.807022
0.461859
0.906419
0.174244
0.0883118
0.0117644
0.230316
0.373858
0.316466
0.650455
0.159476
0.437059
1.44326
0.31765
0.653812
0.450223
0.163771
0.878877
0.975929
0.120656
0.459696
0.167076
0.658358
0.182369
0.166911
0.836438
0.115032
0.288314
0.473977
0.316839
0.393142
0.135433
0.169184
1.00182
0.0548654
0.357843
0.00976198
0.253808
0.506426
0.0259268
0.734492
0.267202
0.0146723
0.119374
0.267504
0.219343
0.417867
1.00891
0.334398
0.223304
0.308153
0.0454496
0.00168944
0.252301
1.46957
0.928108
0.764768
2.41471
0.361301
1.03952
0.0364429
0.0289898
0.675013
0.208204
1.7045
0.410871
0.011862
0.529257
0.115243
0.259959
0.449439
0.174901
0.229761
0.224601
0.127784
0.0482008
0.502658
0.125345
1.48723
0.30325
0.977548
0.215938
0.669544
1.34067
1.04826
0.502502
0.0775243
1.70371
0.709968
0.782492
0.246568
0.162849
0.934043
0.329516
0.400548
0.338128
0.0671057
0.153529
0.985068
0.519217
0.126921
0.978561
0.117028
0.319123
0.25916
0.312275
1.05148
0.809133
0.680716
0.802344
0.0516262
0.335436
0.228551
0.500805
1.39827
0.258506
0.443426
1.52486
0.320915
0.642438
0.0815754
0.134996
0.128771
0.108483
0.75972
0.0980672
0.154696
0.310705
0.00614058
0.387957
0.326098
0.0364019
1.34159
0.337981
0.560475
0.187169
0.0915973
0.0412215
0.0654797
0.633026
0.101453
0.403893
0.423293
0.184735
0.750168
0.682761
2.04513
0.669878
0.498105
1.92697
0.187274
0.334241
0.730523
0.077604
0.168199
0.0708186
0.793288
0.0635459
1.23617
0.466
0.675917
0.135417
0.386337
1.10938
0.0307458
0.655134
0.275738
0.631761
0.633084
0.950836
0.100882
0.0157077
0.0832327
1.12108
0.370461
0.0280249
1.27246
0.443134
0.500832
1.00744
1.66973
1.51626
0.107876
0.183767
0.0873456
1.25065
0.342202
0.437582
0.0164478
0.869729
0.190316
0.730593
0.604687
0.712546
0.242641
0.120858
0.0615739
0.0287563
0.662342
0.0274021
0.732454
0.685564
0.748175
0.0185031
0.113493
0.112594
0.171723
0.0838028
2.32558
0.392377
0.968857
0.0309845
0.13228
0.695924
0.852649
0.256323
0.145485
0.0368482
0.12248
0.899142
0.518154
0.574285
1.40962
0.462448
0.32092
0.167378
0.509602
0.0332947
0.55358
1.47466
1.09399
0.0511099
0.860716
0.178508
1.77943
0.604179
1.58979
0.622155
0.17305
0.627665
0.875378
0.0281982
0.245665
0.0485781
0.991887
0.00568708
0.0676989
0.803833
0.66716
0.295624
1.43637
0.388687
0.119156
0.487296
0.459059
0.170694
0.146433
1.50336
0.327709
0.101635
0.00962424
0.268391
1.2178
0.497197
0.411402
0.0370352
0.335334
0.349269
1.90004
0.123099
0.147077
0.825686
0.129584
0.545133
0.3333
1.33129
0.0266322
0.192019
0.298526
0.0762511
0.125124
0.0849268
1.47211
0.0389598
0.767396
0.0591857
1.63707
0.503906
0.774109
0.00112303
0.488301
0.988999
0.139282
0.062263
1.08763
0.568797
0.358021
0.185094
0.292725
0.387353
0.677283
0.483041
0.699748
0.53317
0.152759
0.362509
1.06334
1.42955
0.503304
0.347026
0.643032
0.474162
0.0746568
0.130224
1.04249
0.532053
0.421514
0.34294
1.01341
0.449037
0.826109
1.13683
2.28326
0.755167
0.502401
0.0320911
0.848747
0.263271
1.4514
0.896245
0.386076
1.24372
0.75334
0.178469
0.0401899
0.624943
0.440156
0.19227
1.25701
0.508517
0.888098
2.46024
0.754902
0.0187683
0.263113
1.74485
0.169304
0.135571
0.139842
0.5634
0.33738
0.0898559
2.22574
0.2335
0.0412258
1.07365
0.36021
1.15558
0.0455801
0.538761
0.0268733
0.0647171
0.600943
0.262492
1.23589
0.214159
0.266944
0.53004
0.719782
0.736607
1.20052
1.28169
1.05938
0.178414
0.597754
0.0602334
1.0001
0.0129143
0.0734779
0.105744
1.1571
0.0594913
0.177288
0.618274
0.24875
0.324819
0.0167372
0.164905
0.283759
0.803525
0.322061
0.0711174
0.228948
0.470585
0.0861869
0.243315
0.558182
0.468454
0.216578
0.140648
0.475547
0.288221
0.533536
1.06728
0.405968
0.386235
0.137331
0.815147
0.280254
0.0940131
0.113872
0.668872
0.499185
0.0965468
0.939822
0.523262
0.290752
0.407279
0.248918
0.0864441
0.703332
1.16096
0.674192
0.130424
0.302282
0.114756
1.89651
0.0119979
0.756849
0.420541
0.612665
0.071673
0.395841
0.0556092
0.106178
0.0442056
0.417981
0.0322519
0.212821
1.0105
0.0290728
0.800284
0.315007
0.0957346
0.664339
0.878197
0.246676
0.419712
0.243639
0.115839
0.402516
0.644554
0.48055
0.236074
0.768515
0.382461
0.934853
0.00265003
0.0116752
0.766081
0.898698
0.0469053
0.547044
0.364348
1.22966
0.432341
0.607326
0.268525
0.894925
0.101786
0.6074
0.391384
0.278979
0.0618167
0.277829
0.984434
0.41916
0.506767
0.180923
0.636292
0.167535
0.100992
1.2385
0.094931
0.165744
0.0250001
0.239363
1.46996
0.143691
0.132814
0.241092
0.0890004
0.0445164
1.62003
0.145105
0.646224
0.230235
1.54669
0.535359
0.276205
0.532538
1.76716
0.240848
0.240657
0.258593
0.03562
0.225539
2.06324
0.00905658
0.0735611
0.212226
1.28924
0.338423
0.160652
0.658412
0.562062
0.998898
0.486324
0.315303
0.31096
0.000390903
0.239357
0.128856
0.638568
0.219289
0.178824
0.0598814
0.585377
0.13061
0.212172
0.0609728
0.113626
0.710217
0.0715749
0.400947
0.130326
0.136431
1.55972
0.40495
0.0519632
0.484667
0.357385
0.636448
1.00524
0.526515
0.0744242
0.513464
0.247549
0.295967
0.327169
0.0136513
0.463818
0.755191
0.412135
0.0639546
0.239778
0.0481271
0.774589
0.487364
0.193026
0.973977
0.0369545
0.141184
0.768965
0.125536
3.63869
0.146455
0.216191
0.397602
0.734879
0.281272
0.286721
0.17776
0.484638
1.73024
0.789755
0.11169
0.0470891
1.21908
0.349973
0.427765
0.0420923
0.363816
0.343961
0.43843
0.0417773
0.733982
0.000373565
0.404
0.653107
0.185922
0.744078
0.0175924
0.182371
0.0194669
0.0347213
0.173471
0.42364
0.148881
0.621191
0.019592
0.138848
0.55091
2.33972
0.679452
0.229443
0.576905
0.476038
0.239335
0.98984
0.229898
0.165579
0.0734307
1.3303
1.08469
0.455674
1.66175
0.115417
0.129449
0.12494
0.0700357
1.70224
0.466388
0.493452
0.220368
0.105304
0.111366
0.147813
0.0422936
0.558429
1.86422
0.254548
2.25183
0.45812
0.140222
0.23563
0.270252
0.248108
0.0218312
0.24317
0.704414
0.191858
0.00879361
0.0877727
0.48764
0.07962
0.0817828
0.0351627
0.354182
0.0885392
0.383653
0.43931
0.779689
0.478632
1.1971
1.41623
0.494125
0.2579
0.149751
0.910496
0.0729516
0.0974362
0.307223
0.112172
0.344982
0.0168384
0.278483
0.306166
0.115461
0.0521198
0.0822908
0.118107
0.1361
0.0717404
0.232874
0.944136
0.741947
0.473475
0.399581
0.79718
0.444656
0.195395
0.830138
1.32581
0.545738
0.51553
1.75723
0.130824
0.156086
0.107936
0.977297
0.0376747
1.19482
0.197354
0.302349
0.19649
0.330958
1.04071
0.615389
0.714793
0.579439
0.0205735
0.128452
0.375986
0.489103
0.278725
0.316257
0.304099
0.461003
0.602727
0.152866
0.0390828
0.234179
0.491683
0.756628
0.0287838
0.731259
0.163031
0.466359
0.197814
0.645436
1.04659
0.140664
0.00354293
0.0499902
0.070665
0.383385
0.157516
0.290849
0.339108
0.583134
0.515048
0.0184946
0.469922
0.434782
0.81255
0.501123
0.227988
0.42995
0.523007
0.830802
0.463699
0.60645
1.22003
0.0424657
0.103986
0.726909
0.549793
0.937216
0.151703
0.642543
0.0778574
1.12379
0.762046
1.55368
0.00914149
0.997711
1.00087
0.185323
0.938774
1.58802
1.07947
1.18288
0.14526
0.431645
0.0454169
0.290043
0.470684
0.307957
0.64104
0.469455
0.876586
0.428343
0.136581
0.235137
0.00451555
0.351291
0.0755193
0.056758
0.435816
0.22042
1.33387
0.546676
0.207209
0.398929
0.563233
0.591936
1.03707
1.65905
0.496682
0.57578
0.211072
2.50776
2.85311
0.467474
0.14243
1.49726
0.00889428
0.427677
0.0658675
0.890661
0.251675
0.126129
0.194018
0.655962
0.66349
0.189048
0.229825
0.778999
0.554216
0.0142575
0.125913
0.438451
0.074117
1.06833
1.0288
0.753191
0.500951
0.265063
0.195101
0.629564
0.0122701
0.117567
0.93601
1.17552
0.677936
0.313731
0.179927
1.21818
1.28584
0.701248
0.000650807
0.424843
1.11532
0.484001
0.484725
0.193718
0.362612
0.0442717
0.419067
0.317238
0.159019
1.57824
0.235805
1.10689
0.00416535
1.26765
0.313417
0.277036
0.235421
0.426993
0.111984
1.10683
1.09029
0.341677
0.595576
0.138104
0.66728
0.141608
0.232046
0.779082
0.217586
0.00959427
0.550321
0.565668
0.739853
0.0199193
0.476505
0.395007
1.67212
0.215241
0.550119
0.718139
0.121683
0.170164
0.12817
0.0502755
0.379125
0.658488
1.63448
0.395368
0.037156
0.498325
0.0341024
0.310854
0.0690866
0.583008
0.0585678
0.171726
0.67732
0.266618
0.675778
0.387127
0.153835
0.752121
2.48148
1.11751
0.0246707
1.44315
1.00589
0.0432744
0.558171
0.0100142
0.748889
0.0622998
0.122322
0.440272
0.543147
2.21683
2.25984
0.178576
0.431925
1.00907
0.449718
0.559765
0.221077
0.146899
0.528149
0.0152881
1.40693
0.242478
0.863182
0.575826
0.938586
0.306928
0.695874
0.635591
0.236835
0.82073
0.402361
1.20679
1.1854
0.789654
0.160787
1.64551
0.151828
0.0145708
0.19711
0.134186
0.986648
1.83329
0.123632
0.450126
0.0320931
0.144183
0.135134
0.174962
0.0381397
0.305126
0.218233
0.324162
0.433118
1.62398
0.117745
0.376945
1.00331
0.371294
0.0490575
0.398135
0.127473
0.291124
0.15309
0.113196
0.399217
0.847486
1.03906
0.170155
0.468304
0.0536947
0.0120127
0.39393
0.0741247
0.972824
0.628697
0.894816
0.677278
0.0951754
1.17412
0.513212
1.88037
0.01871
0.12143
0.252193
0.0133672
0.246351
1.07743
0.482539
0.0424615
0.221967
0.0838212
0.39067
0.86798
0.226078
0.445548
0.0255491
0.134343
0.0179382
0.0255515
0.113052
1.28969
0.236914
0.378785
0.167107
0.0402761
0.687004
0.416228
0.0436845
0.326554
0.117089
0.684052
0.53795
0.193636
0.0133483
0.328602
0.198878
0.0459396
0.391973
0.976865
0.117642
0.0132937
0.906525
0.057267
1.2722
0.482232
0.173192
0.481616
0.478962
0.24847
1.39104
0.296045
0.281121
0.0530703
1.23422
0.197498
0.556487
1.35737
0.0569954
0.12261
0.0900519
0.366203
0.364771
0.149973
0.38431
0.0540932
0.592436
1.25626
0.864845
0.664945
0.0779483
0.0989689
0.328632
0.248596
0.194307
0.351609
0.0263301
1.09022
0.125189
0.195591
0.549064
0.863953
0.961119
1.63321
0.118931
0.475477
0.504078
1.03917
0.829149
0.181879
1.36093
0.0497449
1.06357
0.134173
0.214132
0.979787
0.21094
0.896258
0.458389
0.0905529
0.209456
0.470587
0.952728
0.509985
0.856954
0.629651
0.381494
0.555977
0.302893
0.827127
0.0228616
0.66694
1.30099
0.0636288
0.425538
0.352532
1.00793
1.89725
0.267843
0.423076
0.41311
0.0422358
0.0322128
0.0171562
0.424794
0.754402
0.389934
1.13809
1.01123
0.917183
0.380543
0.0904081
0.135792
0.557053
0.0611885
0.108057
0.0197124
0.928077
0.0259591
0.29518
0.521948
1.39505
0.592813
0.038271
0.0736935
0.0506831
0.21767
0.22077
1.3269
0.938016
0.295923
1.09757
1.05467
0.547851
0.474254
0.417847
2.21879
0.486229
0.0239527
0.0814344
0.504452
0.0441958
0.199995
0.580508
0.789856
0.00182474
0.778705
0.0518881
0.40408
0.0861291
0.29412
0.146812
0.805993
0.0384518
0.765465
0.884812
0.833486
0.141108
0.180474
0.0513411
0.963917
0.725619
0.956629
0.682784
0.412501
0.318665
0.417702
0.0178444
0.323541
0.000530025
0.293482
0.72483
0.0773885
0.354302
0.434022
1.32517
0.211147
0.709322
0.343518
0.686556
0.347636
0.445152
0.025213
0.362848
0.117152
0.370195
0.708196
0.881041
0.56157
0.125226
0.0840756
0.0747746
0.172592
0.417868
0.403861
0.037455
0.329889
0.580785
0.321271
0.392385
0.343906
0.149983
0.321024
0.551742
0.160552
1.14358
0.119094
0.121063
0.306583
0.147246
0.708127
0.129302
0.787857
0.249902
0.222004
0.245826
0.45234
0.734876
0.401479
0.134857
0.83423
0.209595
0.267521
0.886341
1.36053
0.268796
0.259467
0.463745
0.138522
0.193378
0.176947
0.685234
0.303789
0.0443841
0.428467
0.282674
1.22468
0.167709
1.59527
0.726312
0.109254
0.130085
1.01928
0.446805
0.0708576
0.611213
0.0319011
0.943071
0.127646
0.38792
0.717587
0.384982
0.346293
0.0645556
1.13772
0.0837414
1.34703
0.357292
0.428843
1.02498
0.158056
0.361192
0.244154
0.315415
0.955256
0.527515
0.283869
0.464513
0.706201
0.945913
0.624237
0.42009
0.28718
0.12552
0.404398
0.85635
1.60307
1.0129
0.616307
0.0571262
0.933326
0.150655
0.188898
0.312278
0.683604
0.844918
0.519747
0.00473696
1.072
0.27303
0.112975
0.259324
0.24367
0.0710996
0.433952
0.0915426
0.711539
0.531684
0.37638
0.350284
0.189848
0.227377
0.711658
0.193793
0.160171
0.0677851
0.217692
0.36757
0.218808
0.378049
0.003635
0.228552
0.291107
1.28789
0.529259
1.15468
0.355431
0.00168649
0.132465
0.0399813
0.242361
0.042662
0.168513
0.0851143
0.758031
0.489763
0.302791
0.130386
0.472993
0.140803
0.609782
0.309424
0.0653445
0.0882105
1.10813
0.320211
0.330651
1.05331
0.766004
0.19278
1.04835
0.369935
0.708711
1.15369
0.849092
0.213407
0.277483
0.656763
0.497093
0.100122
0.289056
0.159937
0.0900246
0.285378
0.974846
0.0676895
0.316419
0.0871516
0.585037
0.0516101
0.194717
1.00675
0.656821
0.390603
0.0639093
0.465141
0.265739
0.208873
0.0319776
0.173628
0.149982
1.80051
0.221037
0.349963
0.267614
0.330838
2.46478
0.883484
0.579307
0.544033
0.294719
0.244582
0.197223
0.787631
0.758427
0.629534
0.250579
0.112746
0.0936444
0.019318
0.433408
0.13841
0.628386
2.04584
1.08316
0.624196
0.148422
0.0593623
0.00942214
0.194795
0.891908
0.0300443
0.705647
0.100562
0.494269
0.238498
0.167596
0.0828552
0.276771
0.115362
0.453656
0.00211341
0.054105
0.924134
0.571706
0.651888
1.0725
0.249864
0.343062
0.115655
0.514801
0.230313
0.552115
1.5868
0.164087
0.627445
0.383107
0.325741
0.159255
0.563162
0.414727
0.101078
0.065796
1.00492
0.142897
0.0699773
0.114273
0.347539
0.221771
0.176728
0.0234121
0.18436
0.515759
0.25687
0.421343
0.491617
0.955113
0.168458
0.0292658
0.697813
0.867771
0.0889643
0.304294
0.0162669
0.369577
0.00599468
0.140708
0.225526
0.658727
1.87151
0.570614
1.30995
0.613926
0.289089
0.366426
0.602834
1.12525
0.637534
1.19796
0.495818
0.734019
0.0516847
0.0649082
0.838707
0.222868
0.391977
0.20675
0.224269
1.59513
0.43483
0.130576
0.070121
0.168047
0.722243
0.122182
1.16121
0.503101
0.0584424
1.88495
0.915537
0.835636
0.378918
1.43533
0.619829
0.295112
0.86426
0.565343
0.15785
2.05246
0.375037
0.290502
0.563543
1.12535
0.170527
1.36992
0.342358
0.401216
0.853634
0.87866
1.37356
0.340876
0.0105133
0.525913
0.807747
0.338631
0.0287612
0.134623
0.218504
0.308681
0.120228
0.585905
2.50426
0.0014626
0.561335
0.938424
0.103289
0.375652
0.888995
0.121259
0.448303
0.509683
0.311473
1.10494
0.124565
0.0408657
0.153638
0.167637
1.0616
0.0199109
1.41551
0.320239
0.135604
0.180122
0.160736
0.288892
0.347937
0.310148
0.20125
0.511291
0.0199755
0.446956
0.573752
0.333312
0.893945
0.0214107
0.484001
0.0351028
0.306952
0.695112
0.227782
0.561068
0.630745
0.165947
0.081783
0.111958
0.792648
2.86368
0.365728
0.816447
0.170058
1.14055
0.379291
0.369434
1.25494
1.43137
0.882797
0.608503
0.476547
0.444991
0.134212
1.33457
1.35752
0.0262468
0.150527
0.618172
0.525444
0.801167
0.11409
1.37535
0.639508
0.0744401
0.302975
0.395007
0.474332
0.950182
0.00385573
0.424697
1.47574
0.524725
0.272902
0.0565136
0.168057
0.120739
0.544215
0.365889
0.100276
0.286336
0.067271
0.134197
2.86188
0.999469
0.0420233
2.127
0.543753
0.670777
1.10553
0.484945
0.0223608
1.18706
0.16693
0.250606
1.36231
0.0024353
0.0304428
0.233976
0.105715
0.744543
0.022678
0.843462
0.0397748
2.29527
0.197025
0.678556
0.374867
0.212552
0.227414
0.330017
0.443599
0.249054
0.173505
0.720348
0.302506
0.221774
0.233988
0.357363
0.0508302
2.32325
0.234558
0.252854
0.900072
0.259534
0.457709
0.0814197
0.00824401
1.15442
1.79082
1.27493
0.326203
0.626801
0.231344
0.51507
0.0192235
0.0992167
0.0120723
2.04977
0.00203216
0.584776
0.0476437
0.777755
1.1127
0.371273
0.303793
0.775608
1.0053
1.60321
0.403106
1.33446
0.124239
0.167609
0.979808
0.294971
1.09485
0.240688
0.0501173
0.0139396
0.41818
0.289208
0.796916
0.270577
1.49755
0.0274243
0.26612
1.25166
0.375282
0.334105
0.369942
0.275416
0.571222
1.56214
0.076767
0.664671
1.12863
0.387888
0.500632
2.00493
1.61962
0.23324
1.39749
0.656048
0.161766
0.038884
0.0898006
0.0223232
0.879555
0.503075
0.604365
0.355013
0.0569418
0.00434443
0.00687717
0.991294
2.25595
0.0793453
0.930168
0.90261
0.136243
0.82583
0.0916661
0.257077
0.389551
1.57883
0.031246
0.840625
0.199334
0.272995
0.12794
0.0869625
0.663875
0.233391
1.09931
0.137262
0.101945
0.703356
1.45796
0.173907
0.528494
0.198409
0.431535
0.321617
0.950335
0.227113
0.0714769
0.263939
0.365221
0.201991
0.12732
0.0290288
0.767824
0.874934
0.0501298
0.140762
0.0121691
1.13641
1.81487
0.555011
0.70115
0.043101
0.0454103
0.858266
0.371883
0.191291
0.0951519
0.990075
0.129472
0.716292
0.589944
0.257628
0.142894
0.550924
0.857913
0.0760766
2.13246
0.0578089
1.36497
0.865409
0.723771
0.595974
0.215795
0.769818
0.261366
0.812153
0.0141673
0.200708
0.993714
0.0925761
1.1809
0.720631
0.337156
0.269706
0.0964152
0.149702
0.64411
1.25545
0.402243
0.691319
0.0103979
0.812042
0.413036
0.163562
0.810558
0.434086
0.486344
0.104383
0.343456
0.0233829
0.782351
2.29927
0.0983742
0.45545
0.190675
0.79061
0.296606
0.00114948
0.253543
1.7275
0.193958
0.549773
0.0255597
0.629563
0.417136
0.632039
0.807866
0.142337
0.0828677
0.156421
0.424624
1.28895
0.675709
0.129298
0.0256986
0.300667
0.0583895
0.252138
1.17018
0.044972
0.342057
0.27695
0.040362
0.368255
0.345182
1.50546
0.172427
0.245998
0.454706
0.686403
0.835263
0.0563425
0.880739
0.456234
3.02136
0.227537
0.58349
0.335546
0.301533
0.171574
0.0361081
0.0685334
0.415417
0.933039
0.519078
0.367897
0.342932
0.185235
0.775032
0.394654
0.254592
0.476763
0.0434383
0.0361325
0.555944
0.263359
1.71623
0.153329
2.91829
0.194804
1.26334
0.0561506
0.951099
0.962133
0.00464131
0.826577
1.35272
0.35254
0.141267
0.507312
0.118885
0.292682
0.912715
0.316968
0.992118
0.270653
0.954527
1.3599
0.278957
0.536968
0.236372
0.152148
0.113265
0.436161
0.663154
0.238539
0.377456
0.720169
0.594653
0.289564
1.18264
0.536062
0.521193
0.125312
0.113819
0.871304
0.0640057
0.47174
0.771471
0.198114
0.195509
0.0235505
0.697523
0.615238
0.137648
0.163243
0.128773
0.299855
0.250357
0.144402
0.66417
0.460582
0.21595
0.171378
0.757212
0.663452
0.114005
0.126884
0.225836
0.470402
0.093375
0.198307
0.0795737
0.417442
0.688313
0.149687
0.0748537
0.180662
1.04241
0.0671759
0.213117
0.398705
0.691182
0.377844
1.32084
2.79736
0.283521
0.475625
0.32762
0.408539
0.406488
0.572602
0.583337
0.676029
0.00985517
0.462525
0.287101
1.00016
1.56306
0.629975
0.243579
0.732309
1.25382
0.0200797
0.0644243
0.0420747
0.156387
2.77117
0.187249
0.129005
0.566607
0.0685416
0.208896
0.145849
0.0869312
0.0986893
1.47124
0.543766
0.409977
1.28704
0.219791
0.352656
0.324144
1.12519
0.771909
0.592627
0.201274
0.0704939
0.144
0.0592955
0.0641988
1.00996
0.0845935
0.796122
0.188028
0.0102956
0.879132
0.780194
0.302546
0.0236567
1.19426
2.70837
0.139627
0.256039
0.315455
0.25727
0.0486897
0.0399
0.0658703
0.469947
0.00468376
0.487276
0.40131
0.0026838
0.0123655
0.0965271
0.291005
1.37714
0.426902
0.338539
0.308808
0.309105
1.72169
0.0675277
0.350312
3.44348
0.379623
1.04942
1.18084
0.324634
0.500302
0.616639
0.0636689
0.0476485
0.495242
0.454486
0.250528
0.034392
0.0528283
0.262334
0.128653
1.58589
0.193407
1.27916
0.00261896
1.49494
1.4942
0.644755
0.348311
1.61615
1.84171
0.658286
0.196644
0.285977
1.21689
0.810268
0.391777
0.363922
0.539473
1.6947
0.239673
0.61584
1.06115
0.304764
1.63868
0.374825
0.527739
0.472111
0.629414
0.204177
1.08311
1.47937
0.26471
0.176608
0.668403
1.29382
0.229461
0.0516415
0.186027
0.0433515
0.471554
0.7113
0.109764
0.0403029
0.281155
2.085
0.017067
0.229557
0.731786
0.327948
1.46082
0.666668
0.0674394
0.221564
0.306738
0.0281922
0.277544
0.0617567
0.633094
0.303537
1.04646
1.32301
0.311992
1.33562
0.65332
0.343457
0.263813
1.72375
0.600897
0.113778
0.0935248
0.592193
0.253685
0.48845
0.669405
0.584794
0.314594
0.418352
0.0676644
0.523671
0.13675
0.134335
0.113854
0.895652
0.0172763
0.0474844
0.0111958
0.188257
1.61742
0.400618
0.0188689
0.518881
0.0238392
0.352064
0.215217
0.181892
0.134903
0.0476065
0.14314
0.134249
0.228446
0.441352
0.420703
0.453034
0.357719
0.155949
0.125458
0.280325
0.315075
0.280842
0.158462
1.11321
0.94718
0.50433
0.224128
1.59256
1.13777
0.753986
0.462272
0.319359
0.177689
0.190381
0.139557
0.0511871
1.67148
0.540091
0.713774
0.23081
0.56517
0.134329
0.275108
0.480704
0.0865743
0.083353
0.727365
0.14251
0.326791
0.156763
0.452208
0.496778
0.34688
0.0432434
1.32286
0.63479
0.576585
0.263841
0.0884864
0.335445
0.00160532
1.02083
0.229538
0.12111
0.478059
0.266779
0.267625
0.369974
0.674654
0.490821
0.946234
0.791327
0.710911
0.133626
0.355461
0.903383
0.470136
0.993771
0.722563
0.336697
0.270984
0.884734
0.121917
1.04818
0.881762
1.71473
0.407424
1.6483
0.308854
0.459618
0.0058208
0.949236
0.287245
0.603295
0.0794239
0.196797
0.010273
1.18711
0.331395
0.210495
0.480472
0.537077
1.6394
0.0107628
0.00601453
0.502829
0.168296
0.860446
0.378386
0.500951
0.0496453
0.501848
0.413213
0.982107
0.937843
0.798803
0.375729
0.194221
0.701745
0.244301
0.0288741
0.0351081
1.79378
0.530178
0.050953
0.694559
0.668309
1.67937
0.246828
0.174054
0.0313815
0.0558645
0.595413
0.0712372
1.22163
0.0252705
0.134476
1.10793
0.10109
0.217101
0.713987
0.596499
1.08795
0.579667
0.51409
0.239682
0.387098
0.962354
0.419674
0.137288
1.27679
0.166595
0.0644535
0.0326958
1.20177
0.44026
0.272333
0.940378
1.99764
0.449595
0.380031
0.587972
0.504013
0.259678
0.482955
0.191837
0.168567
0.462355
0.376909
0.467665
0.232592
1.50799
0.0615234
0.258541
0.114708
0.619372
0.0488071
0.142439
0.275537
0.0808406
0.214414
1.31842
0.30438
1.64481
0.755018
1.06959
0.765009
0.0292226
0.854933
0.188447
0.479962
0.358956
0.589382
0.929534
0.108558
0.192791
0.123452
0.987986
0.71686
0.576761
1.2011
0.208014
0.355176
0.0181191
0.414982
0.312063
0.543109
0.186279
0.0518664
0.107361
0.251488
0.135598
0.611346
0.0844295
0.303333
0.0618661
0.266271
0.431009
0.0472695
0.472203
0.887999
0.0316396
1.14975
0.0267987
0.244128
1.53353
0.133713
0.21624
0.0642405
1.54855
0.311236
0.349909
0.360399
1.87704
0.0659658
0.20138
0.455107
0.511587
0.181713
0.151436
0.320942
0.105401
0.594302
1.44016
0.23085
1.14086
1.57964
0.0355349
0.382394
0.690448
0.300691
0.0465631
1.81087
0.49377
0.00073428
0.241686
0.431565
0.19726
0.0875885
1.02107
0.188187
0.117789
0.201422
0.796307
0.247093
0.573058
0.542262
0.388973
0.872063
1.0728
0.733803
0.148193
0.239785
0.0734254
0.251349
0.106136
1.11293
0.10073
0.603672
1.19812
0.680611
0.253716
0.219063
0.400041
0.190822
0.0879934
0.099958
1.66013
0.104768
0.926338
0.0529804
0.0394655
0.566987
0.123222
0.364276
0.373517
1.02813
0.27192
0.0928332
0.15584
0.737386
1.21348
0.635646
0.813277
1.0748
0.983944
0.747952
0.901892
0.0133474
0.0649015
0.257349
0.354414
0.73529
0.984731
0.017911
1.57797
0.725206
0.216596
0.65208
0.483947
1.43496
0.144117
0.0562801
0.305491
0.322564
0.836879
0.809784
1.62558
0.388973
0.0183667
0.495716
0.114859
1.08838
0.139275
0.396863
0.138246
0.203343
0.292148
0.469136
0.35386
0.428157
0.0791204
0.415308
0.26782
0.463237
0.808402
0.362065
0.46938
0.0229386
0.179098
0.572662
0.149977
0.399769
0.155295
0.711538
0.725165
0.798556
0.00944385
0.0198114
0.0770136
0.735654
1.28113
1.4446
0.428015
0.737889
0.542803
0.221125
1.13938
0.458769
0.996303
0.20101
0.311918
0.595055
0.282997
0.814918
0.510416
0.618784
0.168093
0.770484
0.207912
0.262451
0.213036
0.191942
0.120689
0.126238
0.36303
0.0925286
0.340559
1.95024
0.616257
0.482626
0.656974
0.994399
0.139461
0.425935
0.884823
0.467288
0.075544
0.120256
0.232725
0.0670593
1.7244
0.0659442
0.296589
0.548737
0.369959
0.612153
0.190747
0.199119
1.23546
0.0745373
0.322737
0.0251899
0.872565
0.273294
0.127091
0.378308
0.161301
0.236761
0.999455
1.79643
1.42893
1.62128
0.135425
0.728589
0.66012
0.826254
0.468982
0.808168
0.10943
0.556213
1.60733
0.869907
0.693979
1.07798
0.398285
0.0606493
0.0797127
0.109832
0.145621
0.995875
0.021495
0.519015
0.388616
0.126904
0.762016
0.187271
0.022346
0.445109
0.0248641
0.0834575
0.195194
0.561131
0.00620142
0.0110509
0.503282
0.240383
0.035244
0.612582
1.55838
0.920681
0.615016
0.424913
0.112724
0.850625
1.61139
0.0532832
0.0447362
0.610644
0.132949
0.295757
0.217437
0.219061
0.0221917
0.780793
0.655442
0.0471173
0.494846
0.553778
0.580862
0.442897
1.53525
0.108162
0.391382
0.128879
0.0959747
0.900261
0.219965
0.297546
0.821543
0.548277
0.784728
0.223968
0.0872806
0.0649063
0.423698
3.32653
0.014813
0.48881
0.326398
0.17283
0.0616406
0.169499
1.38099
0.0187002
0.562216
0.137702
0.0754505
0.14284
0.675595
0.0569813
0.182966
0.521617
1.38776
0.631365
1.35798
0.157485
0.0436889
0.0348775
0.55798
0.014276
1.14054
0.532316
0.519906
0.269667
0.214767
0.131351
0.172941
0.290002
0.191112
0.202609
0.0806775
0.374414
1.41073
0.0898881
1.35486
2.05843
0.337524
0.755113
0.687086
0.00232088
0.00517529
0.385842
0.603155
0.0119348
0.82171
0.303079
0.543258
0.085292
1.24385
0.464263
0.303147
0.414114
0.719483
0.0443485
0.520497
1.85963
0.369853
0.0756222
0.17112
0.500769
0.57113
0.617979
0.26043
1.3379
0.152215
0.460883
1.57698
0.917909
0.202183
0.233887
0.0844097
0.203167
0.200293
0.177512
0.30622
0.502961
0.0404852
0.0244868
0.0979206
0.0706031
0.109707
0.0849907
0.190966
0.373991
1.45471
0.202456
0.724512
0.475407
1.76807
0.18624
0.160331
0.413556
0.22052
0.177533
0.223442
0.279689
0.921465
0.110505
0.15787
0.509609
1.11252
0.256507
0.051017
0.412472
0.0181469
0.0325132
0.656751
1.35357
0.527343
0.905537
0.140381
0.315956
0.184704
1.07861
0.0796058
0.535068
0.202899
1.23603
0.195142
0.276377
0.0310643
0.448457
1.59346
0.489135
0.0945956
0.0410294
0.896833
0.206903
0.499466
0.0756408
0.493362
0.604231
0.208708
0.00976869
0.585496
0.699767
0.168224
0.360392
0.519003
0.0604456
0.18216
0.024828
0.333734
0.420498
0.622055
0.0300105
0.00586943
0.753745
1.49837
0.183689
0.702681
0.0766255
0.625994
0.541709
0.261621
0.228405
0.0380267
0.638368
0.163937
0.894094
1.68054
0.140887
3.0582
0.493669
0.0179746
0.576079
0.303422
0.842069
0.247093
0.799382
0.20897
0.525795
0.00233472
0.244678
0.286499
0.0112075
0.939955
0.655704
0.301876
0.116536
0.189223
0.264104
0.492685
0.316762
0.205771
0.671137
0.365926
0.0422174
1.75331
0.701326
0.623692
0.935461
1.36073
0.370816
0.0995979
0.231495
0.166465
0.854007
0.0470854
0.180769
0.0427527
0.696156
0.518423
0.0971011
0.0193666
0.00878237
0.0469906
0.493198
0.678021
0.287296
0.0898118
0.686826
0.237288
0.554534
1.2432
0.486559
0.103832
0.424842
0.512527
0.122758
1.19044
0.487763
0.518259
0.305026
1.67908
0.153376
0.173253
0.253315
0.105643
0.497344
0.0009765
1.53826
0.668671
1.14213
0.237803
0.595655
1.7455
1.51275
1.86554
0.232812
0.183134
1.26466
0.0237636
0.150781
0.00964798
0.923364
0.398999
0.0428591
0.105397
0.603755
0.192198
0.517074
0.403101
0.523155
0.0157375
0.639849
0.446723
0.519565
0.078753
1.36288
0.42409
0.0377664
0.455184
1.1952
0.385843
0.125119
0.175118
0.0725371
0.266546
0.886964
0.650682
0.238731
0.198449
1.04508
0.525678
0.920223
0.0660715
0.260024
0.106194
0.411587
0.111512
2.15781
0.0966512
0.669105
0.00360468
1.08185
0.12247
1.86781
0.268461
1.02935
0.348858
0.178538
1.35756
1.63647
0.200542
0.544042
0.432132
0.619774
0.534726
0.127043
0.492966
0.0560979
0.0889782
0.825073
0.0860431
0.645928
0.00114699
0.410956
0.126807
0.489709
0.178246
0.096252
0.615188
0.274407
1.30041
0.185973
1.3246
1.03702
1.17822
0.446332
0.162497
0.872854
0.122868
0.195656
0.375492
0.134816
0.35309
0.642624
1.29121
0.56909
0.284259
0.64062
1.30799
0.486146
1.0338
0.631769
0.0534214
0.259369
0.826133
0.812123
0.623169
0.150672
0.286196
0.892536
2.42666
0.120004
0.369004
0.236885
2.36141
0.179362
0.0624853
0.106732
0.46501
0.143353
0.152998
0.944638
0.322078
0.227927
0.942204
1.75815
0.46754
0.984212
0.0787459
1.76642
1.28002
0.445039
0.194227
1.12543
0.336806
0.103763
0.0238049
0.105638
0.491625
1.32497
0.883524
0.880059
0.629733
0.0702683
0.284796
0.698721
0.517407
0.395556
0.0951848
0.212623
1.76564
0.300976
0.500544
0.195555
1.57015
1.2206
0.843125
0.669617
0.425376
0.155806
0.201739
0.776563
0.424462
1.70421
0.295152
0.511146
0.309788
0.368453
1.38924
0.0466777
3.63666
0.0593886
0.114351
0.530753
1.75531
0.0760053
0.0320519
0.335055
0.119866
0.0733526
0.558098
0.597373
0.900269
0.382964
0.0687975
0.324834
0.329449
0.134758
0.573633
0.46084
0.420616
0.91584
0.530864
0.600914
0.0292247
0.132961
0.735588
0.361657
0.27964
1.12432
0.180289
0.608394
0.780105
0.823889
0.996587
0.00857345
0.711878
0.181056
0.163602
0.0777121
0.179151
0.048752
0.332641
0.423347
0.338721
0.0761975
0.0195653
0.0434886
0.125683
0.214197
0.239269
1.05802
1.99424
0.950408
0.500785
0.344587
0.324793
0.413981
0.0140882
0.0248244
0.138466
0.638984
0.177262
0.70939
0.232524
0.9138
0.0139284
0.0351771
1.37885
1.49736
0.0586155
1.1296
0.373053
0.100209
0.702994
0.0207725
0.116707
0.657903
0.579249
0.813134
0.264811
1.25511
0.0445254
0.909266
0.478689
0.0503993
0.0082018
0.0811108
0.232336
0.252372
0.168286
0.26302
0.0284791
0.147269
0.389151
0.712896
0.459715
0.822844
0.283625
0.927033
0.435762
0.0684244
0.393278
0.325989
0.419626
0.0298703
1.14113
0.297961
0.402763
0.240486
1.02163
0.0671815
0.872371
0.27699
0.427215
0.47983
0.274888
0.961635
0.764773
0.0139634
0.0241191
0.26506
0.43723
0.0168988
1.0551
0.368014
0.467506
0.959909
0.299793
0.584896
0.105739
1.24427
0.868609
0.196853
0.321665
1.74309
0.392334
0.186986
0.490744
0.25163
1.33226
0.0543798
0.102484
0.241366
0.197731
0.304359
0.204792
0.98951
0.0922255
0.480797
0.75054
0.331336
0.675837
1.117
0.0374439
0.122315
0.887571
0.160517
1.29354
0.149039
0.121989
0.0487236
1.14411
0.151817
0.059307
0.312498
0.746935
0.252804
0.595675
0.264947
1.62263
0.100846
0.178725
0.581418
0.12606
0.974809
0.325727
0.0853331
0.286952
0.0332478
0.0267519
0.461225
1.8016
0.718848
0.454028
0.345408
0.557714
0.551352
0.043936
2.04084
0.0191113
0.170927
0.172406
0.0809876
0.00715329
0.196178
1.30786
0.0935245
0.360427
0.110283
0.261832
0.391541
0.160041
0.642839
0.0532861
0.0391239
0.537887
1.84264
0.132454
0.887609
0.0798599
0.481574
0.15614
0.0126851
0.237445
0.134904
0.307362
0.278445
0.128545
0.00936487
0.356846
0.885774
0.151083
1.80774
0.361452
0.0336934
0.331134
0.184875
1.43738
0.187255
0.169382
0.349523
0.379733
0.218039
0.189003
1.204
0.223788
0.141792
0.125748
0.432835
0.575552
0.571707
0.199195
0.438512
0.360046
0.0859362
0.417687
2.63111
0.341465
1.93196
0.0937269
0.177898
0.00694515
0.678926
0.628224
0.134618
0.0442314
0.187974
0.500615
0.558543
0.502769
0.85508
0.605219
0.150139
0.0245231
0.442046
0.152398
0.291994
0.00500213
0.507189
0.394729
0.177309
1.13751
0.61845
0.421121
0.0895754
0.288575
0.0847259
0.923769
0.704939
0.494705
0.370074
0.613449
0.234786
0.418804
0.294748
0.683976
0.586951
0.0248224
0.326392
0.181929
0.892688
0.192008
0.731595
1.88901
0.106134
0.0156855
0.487144
0.754104
0.0636315
0.243387
0.0387914
1.15616
2.53034
0.820253
0.704611
0.0463251
1.10526
0.0244207
0.534398
0.0212057
0.0638386
0.805819
0.964261
0.332048
0.206273
1.38955
0.380081
0.635257
0.00115668
0.221161
0.697656
0.159626
0.0422647
0.541691
0.690139
0.581062
0.450942
1.47772
1.20167
0.0346163
0.446381
1.3396
0.138227
0.84243
0.173785
0.0979975
0.584336
0.24849
0.369003
0.0206242
0.0838193
1.62029
0.0857281
0.024597
1.57466
0.796609
1.01525
0.0590989
0.419552
0.119969
0.919423
0.341916
0.0335645
1.13092
0.632231
0.471277
0.339962
0.502299
1.70173
0.157664
0.179256
1.44204
0.417869
0.0501439
0.540467
0.420989
0.1224
0.528471
0.694088
0.578312
0.529821
0.053057
0.0797369
0.275649
0.203218
0.256591
0.0864323
0.15684
0.399149
0.264397
0.116115
0.430964
0.274601
0.562567
1.07485
0.0186271
0.24272
0.766496
0.78606
0.955458
0.32444
0.262503
0.169198
1.24287
0.340556
0.271956
0.113731
0.44055
1.06048
0.946231
0.0191585
0.0261256
0.0177334
0.0699616
0.0302366
1.89202
0.731922
0.463731
0.584975
0.0387004
0.0794688
0.184881
0.209572
1.08489
0.501463
0.469305
0.516757
0.138362
0.482323
0.180925
0.558176
0.690881
0.155682
1.67542
0.0658092
0.154485
0.583949
0.876586
0.0647757
0.583759
0.170221
0.395133
0.077385
0.234024
0.460878
0.280614
1.32869
0.125333
0.890758
0.530116
0.505924
0.512958
0.939024
1.41009
0.157857
0.15494
0.674697
0.92545
0.915053
0.0958081
0.474402
0.0355112
0.962234
0.234614
0.446705
0.18594
0.991441
0.0751353
1.34441
0.0544585
0.46161
0.14766
0.123046
1.31479
1.40882
0.0168058
0.123496
0.853413
1.09945
0.743472
0.0391644
0.0860095
0.175456
1.05413
0.308087
0.180406
1.09108
0.481641
0.587936
0.553768
0.697545
0.183101
0.102835
0.326572
0.326952
0.876812
0.773881
0.32552
0.164238
0.530594
0.371245
0.427755
0.948642
0.14161
0.0987402
1.17196
0.360354
0.213237
0.0685986
0.61965
0.248651
0.992863
0.349196
0.366391
1.30563
1.16224
0.432557
0.0867684
1.15114
0.615135
2.58798
0.464047
0.908575
1.01977
1.72116
0.465368
0.0632731
0.776413
0.0500403
0.238842
0.604828
0.000625446
0.813293
1.97561
0.575133
0.0636694
0.315334
0.345746
0.139632
0.752866
0.0621408
0.0663474
0.134302
0.407428
0.0933957
1.3489
1.14459
0.160609
0.608177
0.499902
0.0360094
0.523538
0.104705
0.287
0.703297
0.0324242
0.787633
0.797566
0.0208573
0.109047
0.176362
0.206911
0.648913
0.417181
0.0659378
0.388167
0.548753
0.49256
0.180248
0.186703
0.0182578
1.11841
0.246432
0.51966
0.213438
0.495266
0.0693328
0.115567
0.139333
0.691938
0.19514
0.340163
0.3184
0.729719
1.15566
0.938268
0.0243976
0.363677
0.18108
0.679385
0.729253
0.0223672
0.113528
1.49366
0.954328
0.0248199
0.172685
0.121117
0.701609
0.340408
0.0248593
0.0221817
0.601058
0.0442361
0.082521
0.204266
0.212234
0.0222024
0.602563
0.258889
0.456753
0.370048
1.61086
0.082514
0.758385
0.936526
0.329619
0.456478
0.317063
0.0101266
0.730078
1.84938
1.1238
0.191717
1.73224
0.144632
2.33257
0.455254
0.317541
0.0938769
0.315348
2.05183
0.371677
0.0527999
0.321895
0.0242547
1.21626
0.426669
1.04007
0.047795
0.0442221
0.182522
0.40769
2.82262
0.0970013
0.202528
0.438938
0.701304
0.137884
0.177043
1.64857
0.34505
0.0547476
0.848481
0.104306
0.0351186
0.144042
0.127493
1.13012
1.49684
0.381087
0.279808
0.44435
0.207462
0.254841
0.151791
0.616434
0.006959
0.328665
1.0003
0.624931
0.0775264
0.187601
0.584217
0.262243
0.0224658
0.386732
0.303452
0.621371
0.305652
0.142966
0.644825
0.165989
0.147299
0.0634812
0.747396
1.56926
0.460023
0.108627
0.472715
0.322424
0.429452
1.119
0.623439
0.238794
0.0614943
0.557279
0.274691
0.567431
0.688261
0.598196
0.424049
0.532318
0.0243639
0.375109
0.282605
0.163745
0.776576
0.394517
0.604555
0.44599
0.268185
0.681653
0.656703
0.156356
0.31493
1.60304
0.242799
0.587203
0.87203
0.156361
0.0239197
0.00515283
0.911986
0.7573
0.344318
0.197705
0.243816
0.136087
0.257869
0.416626
0.173917
0.949239
0.46807
0.0902753
0.0812098
0.46297
0.284191
0.56947
1.08682
0.363574
0.776946
0.494252
0.219822
0.0616311
0.628868
0.733001
1.41599
0.727373
0.332102
2.06235
0.614299
1.2325
0.367526
0.156868
0.0820666
2.12358
0.142059
0.260085
0.911574
0.392469
0.885002
0.426401
0.335039
0.864906
0.0344909
0.825164
1.56224
0.0542596
0.222573
0.288517
0.192015
0.289567
0.277844
0.475816
0.287349
0.320417
0.543909
0.117869
0.0662999
0.399075
1.58841
0.634464
1.05381
0.029763
0.083582
0.369275
0.0832982
0.0354767
0.943698
1.0308
0.697981
0.194587
0.0463545
0.112764
0.126831
1.43053
0.805295
0.29838
0.27289
0.416044
0.112433
0.0209297
0.59014
0.760216
0.324193
0.0790398
0.779806
0.809891
0.705224
0.838378
0.236045
0.15568
1.14345
0.382534
0.226264
0.283447
0.176446
0.30067
1.08765
0.00939152
0.139017
0.430655
0.971413
0.272638
0.212095
0.537997
0.322376
0.392827
1.42347
0.131935
1.02553
0.0729527
0.544382
0.228604
0.0240157
0.149681
0.826018
0.0425058
0.29207
0.616779
0.407752
0.311168
0.34404
0.0632716
0.134165
0.412683
0.297903
0.710178
1.48657
1.6751
1.98194
0.242365
0.144538
0.801599
0.0376492
0.614277
0.510805
0.282722
0.0415194
0.136736
0.23486
0.195583
0.417208
0.377834
0.225719
0.868153
0.0919095
0.421732
0.918647
0.00425779
0.497797
0.687966
0.721354
0.127248
0.360782
0.0241945
0.802939
0.28433
0.563514
0.678072
0.339656
1.15092
0.953277
0.977371
0.452362
0.465923
0.0743355
0.0376262
0.0232692
3.57717
0.163495
1.1663
0.0781623
0.290685
1.06244
0.201212
0.97456
1.06122
0.266916
0.0454916
0.785151
0.68305
0.334333
0.20376
0.372783
0.350115
0.64103
0.303076
0.892673
0.421747
1.88083
1.28407
0.713375
0.504197
1.13831
0.198811
0.0607819
0.678848
0.0620042
0.35369
1.1734
0.593622
0.00789739
0.228858
0.855973
0.0771467
0.0715003
0.490001
0.33215
2.98368
0.0224483
0.357111
0.478097
0.975309
0.0636912
0.143955
0.209737
0.986829
2.38706
0.0674777
1.44614
0.661916
1.36453
0.214704
0.25903
0.450951
0.626039
0.240916
0.0966513
0.016423
0.771964
0.158956
0.0696039
0.635885
2.2885
0.87705
0.787385
1.16374
0.0194005
1.76205
0.0166403
1.59723
0.03058
0.329559
0.504205
0.116188
0.0317729
0.640729
0.373471
0.321343
0.193584
0.228902
0.363353
0.999686
0.100505
0.0474925
0.465142
0.524534
0.185484
0.166234
0.165656
0.185504
1.23199
0.0836279
0.434333
0.178819
0.318536
1.56048
0.382178
1.46917
0.788026
0.618813
0.122782
0.457421
0.397043
0.0896593
1.03504
0.360692
0.0625633
0.0532867
0.132539
0.140129
0.538904
0.214928
0.394416
0.0990067
1.32198
0.447981
0.0456763
0.277959
0.201697
0.251019
1.03406
1.04354
0.267384
0.810743
0.349154
0.000160412
1.02682
0.663492
0.764478
1.04311
0.808971
0.468238
2.69273
1.33441
0.388165
0.733817
0.0411939
1.48643
0.437894
0.0613632
0.0354571
0.406014
1.95788
0.552126
1.39864
0.403449
0.490584
0.967004
0.306183
0.348455
0.177777
0.0408287
0.197174
0.320337
0.239442
0.0862172
0.0232601
0.0949053
0.0383308
2.26033
0.58452
0.0250155
0.0125149
0.893623
0.574817
0.550582
0.230325
0.0337008
0.292707
0.690012
0.954835
0.633175
0.152159
0.572302
0.473021
0.0606377
0.144591
0.0930025
0.704056
0.312772
1.02427
0.352417
0.928864
0.0218126
0.0767318
0.774142
0.00800218
1.68444
0.933454
0.421816
0.364088
0.509608
1.14194
0.692327
1.72077
0.156727
1.18687
0.0819386
0.392557
0.878627
0.00914813
0.953537
0.256098
0.361799
0.265572
0.906647
0.890909
0.523491
1.00761
0.292666
0.728005
0.292096
0.00327372
0.0628975
1.61718
0.0861328
0.209347
0.319866
0.283378
0.229557
0.570369
0.0491681
0.0224987
0.538589
0.435423
0.0650388
0.178878
0.0938441
0.227968
0.556236
0.0665635
0.151939
0.877548
0.410807
0.0899142
0.760156
0.799687
1.07432
0.624371
0.457416
0.496166
0.124305
0.0693248
1.42016
0.23216
1.68292
0.152202
0.659351
0.0225874
0.597761
0.208547
0.451776
0.108642
0.601663
0.347397
0.694453
0.266735
1.05832
0.0570082
0.0796176
0.273686
0.103212
0.469929
0.242194
0.554308
0.127385
0.169527
0.0329192
0.15647
0.569744
0.131926
0.0296084
1.23116
0.143466
0.377001
0.752664
1.27459
0.268235
0.141339
0.140729
0.140852
0.122455
0.483035
0.652461
0.596948
0.296664
0.0522755
0.63883
0.338784
0.778064
0.743335
0.330087
0.347321
0.293126
0.198166
0.222138
0.490406
1.50927
0.151161
0.229103
0.596234
0.043308
0.497866
0.340089
0.0814976
1.30768
0.108795
0.79141
0.002276
0.156902
0.415878
0.394197
0.793264
1.71972
0.728965
0.414121
0.0101611
0.599861
0.381751
0.43502
0.115241
1.30754
0.348258
0.807465
0.197085
0.341127
0.207869
0.81642
0.14079
0.201457
0.291732
1.33826
0.0016069
0.450373
0.0205905
0.432901
0.755146
0.188281
0.221067
0.0323693
0.48265
0.219909
0.183133
0.354764
0.415815
0.101925
0.137978
0.391616
0.311101
0.313275
0.977675
0.211296
0.0230959
0.617486
0.30972
0.0272449
1.61076
0.474078
0.953781
0.0285543
0.300342
0.112025
1.57234
0.440032
0.705555
0.533445
0.22408
0.12621
0.553161
0.280195
0.909064
1.26186
0.000289839
0.00943131
0.167792
0.0834211
0.831985
0.0213838
0.55936
0.787613
0.792009
1.18385
0.0633888
0.395779
0.223301
0.594661
0.428804
0.955523
0.564251
0.466157
0.0658963
0.242868
0.0628924
0.265926
2.10404
0.599391
0.20378
0.45863
0.254763
0.842714
1.73737
0.841
0.749952
0.925861
0.36901
0.352961
0.202357
0.128536
0.667353
0.858887
1.8101
0.131153
0.200336
1.74737
0.685582
0.315944
0.0327249
0.0907369
1.34954
0.0744493
0.517384
0.380548
1.15761
0.105481
0.220882
0.51405
0.279106
0.617401
0.550217
0.136413
0.152034
0.572385
0.261616
0.232222
0.336734
0.0859733
1.24715
0.149719
0.466318
0.134947
0.142694
0.450825
0.18695
0.727031
0.0405045
0.103846
0.608485
0.0377935
0.162142
0.318294
0.907592
0.100025
0.289795
0.825685
0.212418
0.0753566
0.341688
0.119112
1.58766
0.138976
0.385995
0.0557638
0.00644873
0.708022
0.0199615
0.324847
0.305846
0.438929
0.874078
0.0486339
1.13977
1.59203
1.16429
0.291147
2.26434
0.443755
1.57828
0.479116
0.252834
0.530731
1.30588
0.0845328
0.338016
1.25046
0.231856
0.632163
0.322709
0.163528
0.687762
1.39045
0.304067
0.843843
0.31185
0.21413
0.433509
0.306309
0.28624
0.229492
0.296801
0.479692
0.531255
0.168063
1.5222
0.252421
0.0284083
0.100155
0.101238
0.382135
0.0454093
1.3077
0.204541
0.10872
0.163984
0.971925
0.185008
0.493203
0.497163
0.195008
0.0590885
0.0510749
0.440605
0.00184579
0.861041
0.0651108
0.0777698
0.155351
1.30675
0.741798
0.194484
0.793842
0.740318
0.678586
0.71851
0.407444
0.799862
0.114676
0.112388
0.500608
0.438412
0.39812
0.0754113
0.513081
0.409798
0.289073
0.280117
1.83104
0.997468
1.39877
0.150895
0.734368
0.204861
0.407566
0.812729
0.962852
0.0978954
1.23156
0.322421
0.347494
0.325768
0.415868
0.535521
1.66299
0.564584
0.340431
1.68778
1.51777
0.0408634
0.427451
0.35852
0.250051
1.19092
0.128696
0.746559
0.369339
0.846254
0.549152
0.640337
0.0606158
0.315184
0.100486
1.47477
2.39917
0.304611
0.0448728
0.15907
0.0614604
0.299835
0.308755
0.0767389
0.998912
0.822919
0.0409045
0.0881111
0.661109
0.978525
0.205491
0.224741
0.478243
0.252515
0.429616
0.416915
0.0811845
0.175749
0.291824
0.0719149
0.0549345
0.347587
0.105669
0.0731364
0.183286
0.242403
0.0331081
0.494139
0.84149
0.321271
0.368728
0.256286
0.385012
0.203808
0.446818
0.747275
0.889694
0.423808
0.548974
0.170304
0.0523502
0.0668767
0.253599
0.321849
0.322461
0.546208
1.7192
0.161952
0.348986
0.456312
0.0325218
0.262683
0.238561
0.218453
0.40694
0.45369
3.18787
0.5624
0.586496
1.25451
0.304169
0.0348391
0.0147381
0.164651
1.5598
0.508914
0.202493
0.570885
0.550473
0.636858
0.634473
0.515275
1.45844
0.0979303
0.0110943
0.634195
0.839143
0.310956
0.307711
0.00830443
0.192588
0.380711
0.699867
0.329725
0.496902
1.21501
0.306683
0.139122
0.840932
0.567322
1.25322
0.230794
0.279943
0.0396354
1.74133
0.380039
0.169443
0.00915581
0.0701276
0.0737047
0.119044
1.47616
0.827569
0.926518
