2.48379
-1.61825
0.717432
0.103723
-9.01291
2.34737
0.416488
-0.957394
-1.21695
-2.29067
-0.116387
3.60931
0.537183
-0.394241
0.669855
55.3915
-2.75732
-0.253907
-0.841575
-1.79775
0.755228
-2.09295
-1.51652
0.636102
-1.414
-0.535133
2.02038
-0.376412
0.959979
1.56728
2.83063
4.11894
-0.181196
-11.0916
1.73155
0.16837
0.202167
0.342175
-0.0592987
1.03768
7.00969
-0.105864
0.295011
-7.68327
22.643
-6.79368
0.318454
-2.65027
0.692719
4.05033
2.071
-0.635945
-4.76315
-0.147613
2.99455
2.3643
-0.607511
0.563024
1.69684
0.167849
-17.57
-5.99117
-3.72935
0.421712
-0.706482
2.52187
1.04613
3.75017
-1.40226
-0.989257
-1.80635
33.6403
4.81064
0.432152
-0.0212479
2.76023
-0.632167
-0.028333
0.310468
-15.8179
1.09339
-0.225113
0.0181484
0.539413
1.25037
-1.08933
2.70644
1.34374
2.28208
5.19146
6.24044
-2.39124
-0.312713
0.55846
-1.68354
7.82573
1.36305
2.86612
26.5722
1.11446
-1.70385
0.0424367
2.8828
-1.02984
2.18895
-3.84174
-0.460918
1.09319
1.10128
0.0552961
-0.489003
0.926258
-1.41091
1.34434
-0.498741
0.13481
-0.184533
0.0713224
5.26253
0.584969
0.346906
0.652555
0.938369
2.16689
0.336382
-0.724412
-0.949064
-2.16018
0.378481
-0.315899
-1.99364
-1.82301
1616.88
0.446898
-4.84621
-2.41039
-0.970598
3.89805
-1.15991
1.26985
1.0221
5.23629
1.76875
0.22379
-1.21217
0.348989
0.102689
-1.45647
0.384165
-1.03978
-1.63289
-1.56999
1.2166
0.241507
0.640272
2.74131
1.76503
1.5464
1.70569
3.42156
0.00668388
4.78564
-0.501475
-0.363736
1.1959
-1.05899
-5.15437
1.26815
-1.0965
1.25179
-4.14903
2.97483
-3.80568
-15.9308
-0.850413
9.79963
-2.104
2.62866
-0.438492
1.19763
-0.00887296
-1.3489
-0.0166584
-0.148442
0.108941
4.06981
1.00148
-0.471615
1.56693
0.73371
13.193
-13.2381
-1.02978
-0.465832
-0.213963
0.442761
-0.557667
-1.38993
0.246236
-0.436142
2.41993
0.453587
-4.04428
3.52566
-3.28541
0.566631
2.77956
-0.51078
1.7667
-0.197711
2.77107
-0.445437
2.49849
0.173904
266.393
0.65995
-0.41535
0.0512241
0.170343
0.667038
-0.31547
1.21846
1.51107
-1.93467
3.96839
-1.48064
-166.916
3.75372
-0.57602
-0.113283
-0.391327
0.356738
-8.04285
-0.282058
2.51264
0.620052
-24.7161
-0.405479
-0.782025
2.29075
-29.0595
1.83409
0.660638
0.539052
0.209458
1.30322
-0.490965
0.00589541
0.567425
1.99867
-6.57701
-0.55368
1.94878
-1.55405
-2.0352
-1.02261
-0.243558
14.0187
-0.526415
-0.315615
-1.24734
7.00503
0.143943
0.57584
1.08823
0.28708
72.0024
-0.9036
-0.256754
12.8387
0.318956
-2.47573
-1.04582
-7.34982
-3.22147
0.197389
-1.70271
-1.06732
-2.2804
31.1591
-2.23917
1.01219
1.87333
-1.30071
1.08696
0.133515
-0.707555
-0.500639
-0.92161
2.81467
-1.82852
31.094
-3.05148
-0.250369
-2.27311
-2.25833
-1.91322
0.317838
-0.837011
-0.895231
2.64713
-5.92015
-0.73726
1.42859
1.29031
0.368324
0.905673
0.298682
-0.707358
-5.15876
-3.27982
-0.19779
-0.267585
-0.493171
-3.1649
0.174945
0.593927
-0.040639
-1.18817
2.09511
0.463421
-0.367455
-2.66839
-1.03185
0.154246
-0.583371
-0.534736
-1.05441
1.44753
-2.04169
-0.0699425
-2.30609
0.954278
-1.25215
1.09929
-0.651814
-1.60693
0.374803
-0.498274
-4.33378
-1.51509
1.09711
-0.130632
1.10508
0.360942
-0.0140338
23.9323
0.0422275
-1.04354
-0.472315
0.777317
-1.40854
1.24925
-9.4301
-0.919976
0.500906
-1.16216
1.04289
-2.20588
-0.873291
1.08985
-0.312755
2.71856
0.275213
-17.8788
-5.73375
0.106369
-0.737866
0.167619
-2.52875
-8.35099
-1.70551
0.405549
-1.16698
-2.83266
0.515588
2.06723
-0.0893401
1.17073
-1.63497
-1.63405
-1.2898
5.17571
23.1579
0.310002
-0.139289
-0.818852
-1.85801
-0.0691119
-0.877803
-0.801117
-2.03702
9.75818
-3.32375
-4.14943
-2.167
0.00179006
3.30777
-0.930657
-2.25895
1.59769
-0.510996
0.962975
0.970567
-0.292263
-1.29279
1.13181
-0.501769
6.33308
-1.55819
-0.129034
-1.08312
0.745305
-7.41416
-2.05926
0.407251
0.0342474
-0.233062
0.134211
-3.11828
1.31725
2.05969
4.20054
-1.1762
-0.902723
-0.191423
0.714787
0.41358
9.87389
-0.557635
-0.295085
-0.398965
0.159971
-0.166079
-1.77704
-9.77856
-2.57858
-0.294109
-1.91602
-1.20176
9.61696
0.5313
-70.3047
-1.151
1.25172
-0.6291
0.0953739
-0.662878
0.670665
-3.84841
-10.5786
-0.42317
-1.68857
1.53332
0.125322
-0.73475
4.16634
-15.3944
-0.307994
1.96966
0.173498
-0.277059
0.428531
-1.91742
0.485825
2.78365
4.5087
-2.48349
-0.800703
19.265
-6.42842
3.94529
3.79833
8.81924
-1.74755
-0.76522
3.48971
0.886022
-0.337743
0.176238
-0.187982
-0.92592
-3.54575
16.2375
-0.397506
0.703428
-0.27991
1.13674
0.576532
-0.0331959
1.68157
-0.802997
-0.86301
0.779566
2.29636
-0.140882
1.37214
0.0850501
-1.74628
-0.835752
-107.822
0.361913
-0.362028
-0.585707
-0.238417
0.0383188
2.8279
0.184713
0.249883
-1.39026
-0.115589
-5.0343
6.74592
-33.9437
-185.075
2.39809
-2.37358
-1.30286
0.160437
-8.54588
-1.10404
-1.50817
0.543543
1.76828
0.640991
-3.38047
-1.54663
-0.171433
0.889443
-0.972352
-0.512639
-4.23883
3.17322
-7.45143
-0.894777
-1.95226
-0.246811
0.796821
-0.627558
-4.68146
-0.308097
-1.66789
-0.26229
-2.21883
-0.904034
-1.69986
-0.246396
-2.42697
-2.7047
-1.60299
-6.06274
-4.87461
-0.0636679
0.433204
1.35072
0.701652
0.716144
-1.07818
-0.997608
0.551899
-1.69641
-0.62331
0.11781
-0.550706
0.128698
-1.66564
3.94596
-1.41841
2.50159
-6.02322
-0.47317
-0.850538
3.0352
-1.88743
0.579053
-0.0766815
0.121075
-2.03413
0.402965
-0.295881
36.2411
-0.0773543
6.24462
-1.84084
11.3888
2.85609
0.369493
-1.04151
0.215155
5.29444
0.380151
-1.63046
0.44063
-0.858129
3.42492
5.4744
-1.57212
0.345508
0.603919
-0.347407
0.137867
0.0587137
1.82306
-2.31607
2.26607
0.00722152
-0.734294
-0.152759
0.259427
1.19984
0.258258
1.57576
-1.15126
14.4209
0.0173499
4.57924
-2.27157
2.08491
-0.894302
-7.5468
12.426
-2.0252
0.427164
0.79876
10.9605
0.0550154
0.52795
-0.409699
12.3445
0.968128
1.77751
-0.0846011
0.822999
-0.19567
-0.821655
0.75785
-0.0500517
-0.0949291
-0.943158
1.37715
0.56319
-0.465192
3.93981
188.933
2.02479
0.0758804
11.5166
-0.112386
2.73824
-0.471884
-2.14862
2.4993
-0.709708
1.08603
-3.03435
0.758257
0.685479
0.0958488
-1.46034
-1.59679
0.139674
-0.420078
0.259115
-0.522158
-5.86635
0.625198
-1.24377
-0.230818
58.4329
0.0807462
0.945164
1.206
0.310262
1.22846
0.588913
0.249137
-2.45914
2.61064
1.49136
0.558706
2.12299
-1.29821
-0.637141
2.95362
-6.2922
-1.16165
0.614127
-0.821032
-7.29867
0.722227
0.852268
-1.78182
7.70807
1.03875
1.01428
-1.45831
-0.476997
-1.11225
-2.58974
1.88079
-3.9106
3.71465
1.17787
1.12375
-3.76193
1.4541
2.05971
7.47627
-5.18587
0.894454
-0.40847
1.44548
-5.52171
-3.18475
-1.27257
1.22565
-0.400225
1.53628
3.00918
-1.24121
2.76011
1.27434
-2.11389
-0.0701059
-2.73742
-1.05365
0.573731
-1.19176
-0.165956
-1.34472
3.34554
30.2308
2.151
-0.0236758
-6.94273
-0.696255
-0.506938
-0.0209265
6.42232
-0.349346
3.77242
0.454732
-6.18359
-0.694285
-2.74293
-0.377525
-1.35549
-8.70451
1.68944
0.93949
-28.5053
1.63339
-0.539511
-7.11124
-1.11217
-0.0678683
-0.0187842
-0.410734
1.95336
-1.7648
-76.7744
-2.01226
-6.40305
-0.713769
0.188845
1.30376
3.05399
0.264114
-6.37392
0.860468
-2.21751
-0.309169
0.0559911
-7.80252
2.05085
0.450964
-12.7236
1.18945
-0.248925
-0.710454
-1.63263
9.53524
-0.154233
1.34197
-1.57598
4.67405
-0.884519
-0.242297
-0.426694
0.0667398
1.02017
-0.270017
-0.108884
1.54487
-1.1533
-2.41076
1.33166
-0.398332
0.271489
-0.443418
-0.232713
3.30008
-0.294727
0.0312731
0.0230686
-0.867771
0.0299455
-0.0907722
-0.172272
2.40381
0.31805
1.19016
-0.255135
1.60717
-5.36628
10.3875
-10.8606
0.0187243
2.81299
60.881
-0.492391
20.5101
-0.261222
3.54393
4.86704
-0.794188
0.375009
1.09348
0.141056
-0.168727
0.664026
-0.348751
1.19045
1.03325
0.113821
-0.854401
-0.000258067
0.139577
7.18569
-9.19931
-0.113469
0.363289
18.9031
0.627856
7.93941
-0.531202
344.988
-4.8371
-0.600658
-0.30649
-0.506582
0.415615
-0.440989
0.521867
-2.80785
0.630433
-2.55788
-0.165693
0.836943
-2.34203
0.945328
0.583925
1.22258
-1.61386
-1.79076
-0.944169
1.60661
0.656203
-2.48025
10.275
-0.519167
0.363566
4.79826
0.242832
-0.398227
1.33949
2.41617
-0.366477
-0.338689
-0.49766
-5.5595
-0.0102321
-3.72807
0.56939
-14.4777
-2.15736
3.06468
-3.6858
-0.839567
3.16743
1.81381
4.7116
0.0730959
-0.658569
-0.733201
-0.791362
-0.309008
0.973219
0.898244
1.77161
7.16741
0.271891
-0.0220284
-0.833668
-0.631987
-1.24128
-1.05399
-2.90275
-0.383704
-0.00623947
0.607267
-0.872398
-1.02204
-2.17093
0.383759
-0.503727
-0.400643
-0.237113
-1.1257
1.2587
-1.24689
-1.13364
-5.41834
-0.0712928
-2.22585
0.417098
0.297784
-5.12049
-0.471432
-3.34621
-0.548982
6.31303
-0.391076
-0.392046
1.09581
1.65465
-5.08319
3.94724
2.31539
-0.140915
-0.200105
0.102217
0.363303
26.3726
-0.948856
-4.08791
1.51187
0.364737
-2.58208
-8.62346
-0.250535
-0.416204
-0.838516
0.46616
2.49213
24.9237
-0.0977936
-0.190159
-1.14792
1.09531
-0.142474
-4.55282
0.377991
0.735687
-0.653864
-0.544425
-0.105261
2.31824
-0.106947
47.8398
0.671567
-0.628459
-0.098914
-6.64643
-2.88572
3.26781
1.77344
25.8086
-0.140107
0.612921
-3.07125
0.690371
-2.10067
0.761576
-0.377179
-117.107
-0.295199
0.111672
-0.895589
-3.76656
-0.0672333
-1.44468
0.016789
1.47752
0.153024
2.46405
1.99609
-0.0463712
0.570777
-1.82355
-2.43559
-0.0048641
0.343183
0.449164
-0.803619
-0.194791
0.523665
-2.59705
4.92094
0.456412
-1.88992
0.0505238
-0.580317
-0.0309262
1.90697
5.65924
-3.87026
-0.83613
-2.05708
0.0823619
7.9998
0.0300415
-11.2082
0.854781
1.40139
-0.232509
-2.76335
-0.536806
1.34989
4.11655
-0.0702494
-3.58593
1.92355
1702.72
-0.105033
0.621536
-2.81138
1.8213
0.0928378
1.39678
-0.620857
0.62103
0.360147
-2.80558
-0.604666
0.277589
-1.63048
-0.852651
0.346777
-0.698501
-0.566905
1.0185
-1.82124
0.788721
2.82579
1.56016
-0.0707028
0.952296
-6.74492
-0.541986
-2.92573
3.99335
1.634
-0.379651
-2.29282
-1.62144
0.289009
-6.19427
1.16174
1.22151
0.681911
0.226993
6.08757
-3.63541
-1.44354
0.0248739
2.13137
-0.377095
-0.698956
-0.541239
-126.618
44.3266
5.62928
-12.4293
1.37786
-0.398652
0.131196
6.15176
-2.22434
-1.74442
0.0268659
-2.92834
-1.2715
8.89136
0.485147
-12.9473
-2.17322
-0.633939
-0.382971
0.797777
-5.24274
0.338248
-0.388372
1.01319
-3.28451
-1.1816
2.36501
0.971789
-2.23676
-1.07138
-0.86495
-0.477261
-1.14359
2.52188
-1.61057
-0.439814
4.27765
1.493
-1.01479
83.0513
1.07513
0.729447
0.0626986
1.25639
-0.882211
1.77097
0.184568
-0.695278
-1.32446
0.846788
-5.3623
-3.45247
-1.5312
0.436417
-0.132323
0.419591
-0.743895
0.112827
-0.0741636
0.164203
-0.600206
0.519245
-1.02075
4.02458
-0.68409
-3.42654
0.381878
1.26262
-2.23394
-2.90659
0.423541
-3.99882
3.53517
-3.83523
-0.819719
0.813365
-0.859138
0.759615
-20.701
-2.02323
2.63923
5.31117
-0.262717
-1.05015
-0.204768
-3.02721
-0.285092
0.349276
-8.40382
2.5129
-0.802651
2.90131
0.18457
108.03
1.14892
0.0879322
0.00360588
0.559954
4.36876
0.353879
0.507489
0.255497
-0.300958
1.62592
-1.79428
-7.12822
-0.686105
18.0674
-3.25977
-1.20109
2.53564
0.177016
-0.0437082
5.02445
0.9284
-2.35439
8.30025
2.06708
-2.61984
-0.460984
-1.24857
-0.0385382
8.70778
-0.560642
-1.14999
0.897865
10.371
1.11116
-0.036214
-0.918529
-1.78945
-0.36584
-4.47952
-0.0835675
-0.352232
-3.03791
1.7702
0.904224
-0.300961
-0.671663
-0.3122
0.330607
-0.0260523
-0.622479
-1.74886
-2.46737
0.894956
3.54693
0.730576
1.25549
-0.837234
2.7206
-0.393188
0.207555
1.72398
-1.19235
1.21271
-2.16325
0.708955
-1.13455
0.310238
-0.786731
0.437555
-0.356698
0.955351
2.90529
0.521162
-1.61379
-20.7918
-1.07863
-0.0537064
-0.735431
0.000873446
1.04361
-1.5964
2.55699
0.0731065
-0.929102
0.336965
-0.46661
-0.113551
-9.82875
0.327703
0.0592097
1.04952
0.0502194
-0.0983458
0.58092
1.95608
0.141914
0.589142
-2.99536
-11.2827
-0.561568
-0.383527
0.459725
1.35381
-11.8736
3.70052
-0.572865
1.45358
-0.951153
-1.46567
4.62816
-8.78848
-0.338082
-1.0856
-0.394175
0.891724
-0.858992
-1.57559
-0.743728
-1.74172
6.74438
0.541062
2.84553
-12.0901
1.42892
0.49297
-0.358326
1.44386
-3.56051
0.152696
-0.145513
-2.23875
-3.71198
-0.96552
0.0790098
1.63535
0.313303
-1.68761
4.61452
3.20767
3.5352
-0.275644
-0.131578
0.460998
-1.88427
-0.42337
5.96937
-1.53744
3.53722
-2.13384
-2.31289
-1.34899
1.82385
-0.065668
2.00631
2.67832
-0.143247
0.36091
-0.520292
0.78237
6.42381
14.9947
-1.17855
0.677138
0.0524312
0.0465062
-16.2549
-1.3163
0.312698
-0.0552876
3.20871
-0.347874
0.595976
0.283138
0.160429
-0.232452
0.863888
0.311318
-2.04601
0.566923
-0.6149
-0.647393
-0.12451
16.8713
-0.333198
1.91194
-0.716144
-0.354875
-1.74258
0.69403
-1.42428
0.51454
-2.19981
0.322947
3.19598
-1.28409
0.224451
-3.65398
-0.282651
-3.50318
-0.90538
-13.5208
0.773244
2.25866
-0.240044
1.93332
1.46874
-0.177176
-744.954
0.277926
0.419892
-6.5101
-0.000286784
-3.05511
0.975612
0.292735
13.13
-0.71843
108.801
-5.43556
-3.72874
-0.955345
0.231297
-0.0264937
0.84936
-48.6464
3.49382
-0.808954
-2.19387
-0.470482
0.519882
-41.5345
-0.588534
-0.695227
0.873082
1.2452
0.661572
-12.0257
0.255155
8.12757
-1.28659
0.0344783
21.601
0.0638824
0.31337
3.4997
-7.3424
0.43554
0.210456
2.18243
-0.775194
0.972688
-1.51086
16.7269
-1.34691
-21.9782
0.535026
0.642562
0.572623
3.98771
-0.134667
0.3318
-1.01305
-1.74731
0.00208076
0.453341
-3.11538
-2.60315
3.97273
-0.0790555
-3.6866
0.733842
-3.43607
-0.681801
1.35007
-0.656828
-1.91991
1.13821
1.55794
-1.55472
0.160285
-0.137441
1.54129
-0.663895
-0.669347
-0.0708752
1.55134
-0.124041
-20.1835
2.52779
-0.505753
5.86467
3.29045
4.24035
0.91122
-0.514447
-1.18125
1.09101
-135.789
-0.91464
-15.2639
0.873709
2.67848
7.04823
-8.74305
-0.202384
2.14814
23.2058
-1.57441
6.59866
1.69053
4.27514
-1.2751
-5.91927
-2.35169
-6.58949
1.55255
-0.998944
2.92139
-0.0982803
1.57606
-0.0676588
-0.392265
-0.367937
-2.0702
2.35337
0.839192
0.000630822
0.718547
1.10575
-0.346321
-1.02062
2.92195
-79.7274
0.56275
0.293005
-0.835874
-4.77504
0.453932
-1.4147
-2.12145
0.835146
-3.94953
-0.257874
158.467
0.0708098
-0.89717
2.21551
2.26604
19.9984
-1.15935
-0.281117
-0.629145
1.25739
0.176657
3.61463
0.556926
0.187358
-0.00202318
4.96868
-2.04106
-2.5735
-1.60865
-1.7243
-1.29597
0.105216
-0.695703
10.0278
-5.3886
1.03957
2.23707
-11.8594
1.41572
-1.82167
1.70469
0.0120016
0.154897
-1.44817
-0.756396
-0.798074
-0.474247
-1.6535
-0.730613
-2.15668
1.50501
-0.656874
3.62384
-0.829123
0.786441
-0.226209
-1.19632
-1.23342
-0.576593
32.1749
1.62642
6.15613
-1.01594
0.909313
-0.549873
0.998341
1.54079
0.249333
-0.279293
1.57756
62.1456
-4.18964
0.773167
2.48688
-0.0727741
-2.45951
1.00678
-1.5308
-0.0687978
-3.73823
-0.00449939
-3.18121
5.99574
0.0367227
-0.806142
1.36882
0.363672
0.244783
0.554443
0.531758
-0.434939
1.00021
-0.177626
-0.530404
3.49376
-1.21762
0.541457
0.349259
-0.371822
0.720888
-0.868288
0.111664
-1.27906
79.9055
2.06754
1.49437
3.33284
-3.44907
-3.922
-0.673115
2.77028
-6.14162
-2.24602
2.5274
0.174545
-0.158099
0.0733167
1.88079
-0.215027
0.549276
0.093795
-0.0353407
0.926639
0.62125
-0.778489
-1.18056
1.9601
0.431973
0.27288
1.68834
-1.40964
-0.210094
1.29128
0.446574
-2.18562
-0.94287
-1.72214
-38.8047
1.17835
-0.832664
13.178
0.289105
0.188223
-2.50289
-0.832771
-1.97281
15.2034
-0.0470232
-0.124065
-0.452438
-3.76829
-0.308399
-0.424922
0.657968
0.343882
2.69047
0.81268
-2.39294
0.848962
-0.615149
-0.975555
1.70707
-0.0663651
1.02517
-4.07942
-0.0466719
-10.9125
-1.65318
0.299778
0.371894
2.66291
0.689398
0.714954
-1.55534
-1.30895
-25.1971
-0.182864
9.63068
3.55878
2.24983
0.0924234
-0.221726
1.03436
0.6726
-11.016
-0.298705
-0.398312
-0.101007
0.284813
-3.24666
0.334553
2.668
-0.690262
0.165158
-0.032177
-0.972482
0.362382
-0.730047
63.2855
-0.8621
0.0380061
-0.396901
0.818409
-0.919651
-0.672462
-0.570498
-0.326282
-0.220046
-6.72815
0.0771912
0.975843
-0.648517
-3.20783
1.38256
1.1619
-1.26697
0.592619
-2.49453
0.0789359
1.67799
-2.64104
1.22262
-0.0250576
-0.0846227
3.75388
1.08284
0.896135
0.284184
-7.1716
0.252781
-2.04403
0.567161
-1.59529
11.6142
-44.613
0.663284
2.76375
63.7851
-0.917058
0.766359
0.922597
-0.88925
-0.255993
0.203102
-0.0405933
0.041014
1.48744
1.07589
-0.323065
-0.499295
0.475674
-0.965728
-1.89806
1.59565
112.112
-42.8277
-2.47131
-0.912807
-1.44802
-0.485475
-1.39748
-3.17253
0.442472
-0.181727
-1.12906
-0.232032
-4.8097
6.79461
0.500354
-1.40306
1.9092
1.22151
0.0142233
-0.232631
1.28824
1.83472
0.759646
-0.00417595
-0.0032705
-6.86395
-0.218669
-3.28575
1.31492
0.635554
5.61109
-0.0401826
-2.58183
-1.43531
-0.0212275
30.5014
0.245845
-0.123505
-0.971396
-0.327421
0.247995
-1.26834
-0.824192
1.02981
2.36555
0.339132
-9.77091
-1.14708
-3.15399
0.0313028
0.443746
4.65982
-0.0208705
-0.526887
2.03288
-1.21512
-0.288224
-2.24839
1.6609
2.11757
-3.00971
0.556271
-0.792783
0.36322
-1.63564
-0.401843
-2.77783
164.151
0.206141
3.89202
-1.98745
1.63874
2.27236
0.636894
0.206804
0.698644
3.94691
0.659241
1.00614
0.202402
-0.0289128
-0.621953
-0.11042
0.963139
-0.58994
0.534613
-1.10213
-0.600766
-0.199914
-0.117289
1.57926
-0.370284
0.311059
0.241287
-1.59086
1.24539
2.34805
-1.04434
2.2088
-0.415105
-4.93166
-2.11252
-2.0191
-5.24103
1.97308
-0.543675
0.59986
0.383826
1.53062
-0.242867
0.981852
0.244333
-0.861964
-1.30447
27.0076
0.214679
-1.99897
-2.6557
-1.78364
-0.494986
0.121392
-0.161676
0.699218
32.2111
-0.66102
-19.9908
2.58722
1.69903
-0.036896
-0.573413
-3.76628
-13.3767
-0.0822269
0.534096
0.42728
-1.36874
3.04143
-1.01489
-0.56381
0.240255
0.458708
0.350935
-2.46292
-15.3406
-0.495874
-9.27941
-1.053
12.6073
-1.11524
-1.74074
-0.103551
-0.29109
2.53849
0.582185
-1.05458
0.181892
0.59943
-0.294294
-0.167966
0.147141
-1.33406
-0.228015
-0.11298
-0.464337
8.08712
-0.629326
-5.11658
-0.488367
2.24775
2.20465
-0.699797
0.00909735
-5.56272
0.621423
-67.3457
-0.780233
1.52307
-1.30408
0.137469
4.01059
-1.25039
0.555164
0.660613
4.12135
-0.489098
0.438
1.27626
-1.3691
-3.74446
1.75105
0.593313
0.845522
0.199726
0.908363
-0.521213
3.40492
0.913056
10.772
-1.71943
1.05112
-0.24067
-25.7758
-0.858194
0.197619
-1.2437
0.103087
-0.484664
-0.1857
-4.45619
0.596814
0.116936
0.568727
-0.0814272
-2.51627
7.51259
-0.343625
-0.0564591
-2.00364
1.29844
0.168628
1.8088
-4.94103
0.0347123
-0.19663
-5.61984
4.4922
-0.782909
1.21601
-0.539515
0.116346
-0.772991
-0.2867
-0.834116
2.90205
2.83036
0.466103
-0.484505
-6.63634
0.909681
-32.7728
0.476345
-1.14805
-5.2632
-4.43509
-5.31591
7.13568
0.364588
-1.73129
0.696766
-0.913221
-149.49
0.786836
-1.01506
1.37346
5.38541
0.390136
2.04714
-8.90265
10.0812
-4.18317
7.12464
0.434375
6.8695
-0.994518
-0.877952
-1.29088
1.80724
26.1481
-1.24544
-0.756639
56.9412
0.235448
0.249067
-1.25858
1.69544
-0.569839
-2.75433
0.53806
-0.173014
-1.09491
-85.3938
1.41467
-1.31172
1.74849
-12.0038
-2.14463
-1.00286
2.55004
0.573044
-2.46061
-0.282667
-1.85451
0.642147
0.254499
0.388702
1.74842
-0.456006
-0.495298
12.412
-12.6006
-1.6713
-0.0650144
4.67815
-2.72052
0.00951137
-0.013743
7.41677
-3.41725
1.3352
5.07841
0.77187
-4.42075
-5.49732
-0.06861
0.103353
-0.402762
7.59005
-1.09701
1.23145
0.488729
0.807761
2.14827
0.107985
1.97942
2.35348
4.52302
0.429738
0.168356
0.0294801
0.736207
0.162813
-0.883459
-1.89512
0.310428
2.68452
-2.37563
-0.73383
1.49145
-0.896262
3.72281
0.966736
1.84807
1.16415
-0.110703
0.206074
0.297265
-0.625071
38.4209
1.38631
-1.57969
-2.11279
0.047487
2.62415
3.02763
-246.005
0.0517665
-0.184624
-0.279535
-0.445071
-0.449935
-0.336988
19.5533
0.0199459
-0.216345
-0.686508
1.18787
-0.898565
0.123828
-0.269188
-0.171987
-0.144231
-1.01801
-75.3275
1.47593
0.00879322
-0.307002
-2.57737
-0.575154
0.272068
-5.76202
-0.135937
-3.50272
1.46613
5.63632
6.20916
-4.04713
-0.266374
-9.00025
-1.40471
-0.471025
0.268556
-5.44638
-3.64625
0.924429
1.535
0.525667
-0.271034
-0.433771
-6.81298
-0.464887
1.65639
-1.10002
-6.50771
0.628767
-0.0324825
0.779839
-0.664653
10.2709
-0.363053
0.511709
-25.8725
2.19484
-0.327837
-0.309642
-1.03539
-1.79052
19.0975
-0.0361305
1.64851
0.682952
-1.70515
0.298492
5.51867
-12.4485
0.0679435
2.04479
4.25549
2.87614
-4.04974
0.784716
-1.51485
-2.11431
0.324947
3.79164
-1.32536
0.605827
6.31301
1.65482
5.0568
-1.04488
0.795206
0.76728
0.221662
-0.0959549
-0.485268
-0.301451
-0.336437
-0.381364
2.34653
-0.465802
0.12485
5.96209
7.47178
1.10516
1.00352
0.251437
4.95444
-1.27939
-0.999408
-0.124559
0.509824
0.418498
-33.3083
-1.61971
-2.63752
1.53862
-0.64515
0.563818
-0.192393
1.46283
2.47496
-0.9136
-5.78698
5.25914
0.510669
-1.82882
-0.972321
4.76092
0.656313
-0.783721
9.62787
1.25786
-0.841203
-2.3765
-3.77706
-1.62681
2.55772
1.13295
-2.3721
-0.405922
0.913528
0.729359
5.79204
0.40358
0.0810656
0.0334468
3.45931
2.00946
-0.186106
0.166127
-0.740486
0.275075
0.168148
25.1021
-0.515107
0.630318
1.45576
0.29368
-0.262468
-0.649648
-0.280662
1.13692
2.44412
-0.841299
0.458444
23.5743
-0.552464
-14.1958
3.15421
0.993144
0.393692
-0.24347
0.0217753
1.64387
0.641321
1.45957
0.682112
0.703433
-1.84824
3.21911
0.160319
0.380284
0.446512
-1.10314
-2.00082
-0.871078
-1.07012
-0.408279
-5.64248
0.235192
-11.4
0.0641424
0.442424
9.81505
-0.391205
-1.707
2.43966
-1.45423
-1.71214
-2.08282
-0.360253
0.457164
0.811957
1.44717
0.231102
2.97483
0.702094
0.0620453
0.392138
-0.608062
1.18551
-0.0283416
0.34391
1.36666
-0.604346
1.5551
-1.9691
2.96287
-1.49155
-0.295058
0.896509
-0.00995204
1.75223
0.00631629
-0.152969
0.192132
-0.0299727
1.9135
-15.0524
0.677633
-12.0637
-1.42659
-0.178258
4.12217
-0.2245
-0.53864
0.339575
6.16199
3.49194
0.501182
0.941705
-0.48112
-1.60137
1.41969
-0.177187
-0.272553
0.0774129
-1.6147
0.282393
0.302077
11.0365
-0.108074
5.93582
-0.293118
-2.18696
1.16588
1.26648
-0.533418
0.414439
1.56862
-0.771117
15.8492
1.13334
-0.677282
-0.343054
-0.334047
-0.798036
-0.927691
1.28405
-0.874055
-4.31761
0.688938
3.07661
-1.53009
0.461632
-4.61708
-0.0177034
-1.05891
0.528144
0.646405
8.18955
-2.8021
0.18678
0.0946745
0.272422
0.964125
-51.405
-1.54181
0.204932
-4.12166
4.99911
0.397321
1.88744
-0.798787
-7.1853
-1.32824
0.768853
0.259254
-11.7001
-0.471082
0.994735
1.72358
-1.19506
0.043298
-0.310145
0.00906725
-0.67134
-1.11604
-0.705111
-36.4843
5.65653
7.68213
2.27305
-0.794424
-0.41189
-0.196052
2.7993
0.702616
1.23472
2.91538
-0.470779
0.306704
1.0701
0.158636
1.95386
0.394213
0.634902
0.998081
-3.64323
0.767549
-1.48419
-1.17544
0.0948409
2.02147
5.95777
1.42973
-23.4682
5.30712
2.41107
-23.9619
2.95386
-0.721205
-0.171612
0.169322
-0.614615
-1.68563
5.88976
-10.3228
0.394049
-1.07875
1.57587
0.306939
-0.0241448
-1.24704
-1.41495
-0.989889
2.21116
1.01892
-3.05515
-241.162
1.01964
-1.2364
0.183348
0.168742
0.570376
0.0983175
-0.390234
-0.879208
2.48919
-0.119251
1.3469
-0.95826
4.89574
1.82642
0.227808
0.253988
1.23986
-2.13541
4.04598
2.64867
1.03554
1.41663
-0.0438768
2.98547
0.176375
-0.348642
1.63055
-2.44604
0.167953
-3.93917
0.898414
0.723582
7.65751
1.06373
0.0569326
0.179588
-0.706756
3.35233
8.51584
0.0327
-0.249853
0.149611
-0.996332
0.499134
0.873012
-1.58775
-2.23962
-0.670153
1.93343
-5.5526
-0.0205127
0.462651
1.43087
0.325823
-0.218921
9.01613
-0.326309
0.580297
0.199413
0.217116
0.751404
-0.405932
-0.225893
-1.22061
0.516198
1.01042
-0.843363
-0.172119
-0.266787
2.82788
6.18324
0.428854
-1.71529
-2.07197
0.525188
0.988397
-10.8341
1.24995
2.99134
1.00667
0.613432
-0.164775
-1.61114
2.80191
0.553619
0.241106
-2.86893
-0.544142
0.175534
2.34957
0.464429
-4.14245
0.290067
-0.0802363
2.94561
19.965
-0.450352
-0.23376
12.1748
-41.4427
-4.90712
-0.238946
0.695357
0.1329
0.0403517
-0.360613
1.84968
-0.401899
0.625363
0.100085
0.452021
-2.14232
-3.75644
0.731961
110.281
0.741786
-11.622
-7.99726
0.131948
44.2752
-2.91591
0.411275
0.781186
-2.05763
0.401741
1.43556
-2.32687
-0.514519
-0.766691
-0.226796
0.604255
-0.907864
0.931919
1.3753
0.620197
-292.097
-0.176273
-2.54816
2.42684
-0.606089
-6.14806
0.252237
0.698608
-0.176374
-0.524167
-0.778292
-7.39963
0.591376
-0.224659
4.41963
-0.392112
0.194458
328.001
-3.64891
-2.58712
-8.64373
-0.512704
2.41802
2.13634
4.43708
0.16938
3.89568
-1.07897
-1.17642
1.21558
-2.49566
-0.742592
-0.60608
-1.32639
-2.38648
-0.0690529
-0.325908
-0.557316
0.537186
-4.58387
1.41453
0.689469
-16.7085
-0.298466
0.280511
1.23662
0.826728
-1.59568
1.67171
1.5262
47.1049
-0.984385
-0.422761
1.09948
0.35234
-39.2493
-0.305478
0.585846
-1.25448
-3.46222
0.749039
2.09696
4.04924
-0.269585
2.00499
3.17088
-1.23379
-2.77972
1.45489
0.442446
0.999202
16.1257
4.27397
-0.0412442
-0.733574
0.0486655
0.729788
0.121637
31.1312
5.99058
-0.353438
9.82113
11.343
-3.71684
0.177368
4.78854
0.363683
-2.19332
1.1963
-1.25631
4.84362
1.91018
-0.939841
0.0665064
4.28441
0.585821
-3.7376
-5.23817
-12.9777
0.602838
2.70752
1.94697
-1.65406
10.3031
-0.133195
-2.49131
-0.21239
1.6486
0.139631
-0.355202
0.431651
11.6703
0.158306
-0.484433
-2.75488
1.34652
-8.21691
5.74428
-0.610183
4.09292
-3.42662
0.636359
0.708781
1.9441
-1.56918
1.62479
6.98612
0.0682982
0.182526
-2.55028
0.341054
1.91593
-1.91237
-0.137346
-5.98792
-0.0374315
-0.705533
0.293408
5.49695
4.30141
-0.470826
0.222489
0.739397
2.44071
-0.326865
-0.10777
1.56817
0.240403
-0.251996
-1.60595
-3.945
0.468853
0.349301
0.0813423
-0.705332
0.202743
0.273354
-14.2374
20.7442
-3.14296
-0.229274
2.59541
1.37566
-5.00813
0.712634
-9.14383
-1.3578
-39.8986
4.01296
1.12334
3.08216
-84.4217
-2.84309
0.661207
6.48857
5.41972
-2.07282
3.31338
7.01703
0.0387406
-0.361847
2.88569
-8.7146
0.416499
-0.132844
-0.247906
-0.0382389
2.41124
0.305916
-0.581583
-0.472448
1.03084
1.0004
3.34605
-0.396272
-2.96267
3.54659
0.502146
-0.334578
0.433403
0.200246
-0.407589
-0.73752
0.707916
-5.3982
-1.796
6.89697
0.724972
0.355472
-0.31154
-1.17542
0.535133
-0.0510052
-1.94762
-6.34201
1.27455
0.942301
0.728266
-2.0209
-0.973732
0.312703
1.12956
-2.09978
-0.25566
-0.0680279
1.76408
6.85108
-0.540336
0.195915
-7.36784
-6.27291
-1.32003
-0.0565399
0.519951
-0.211691
-0.561679
12.2798
-1.19257
4.46944
1.10273
15.1132
-1.13902
2.09152
-1.49423
0.771269
-10.8563
-0.303109
-3.17855
-3.74507
19.6384
-2.39927
1.5383
0.295809
-6.23699
0.381354
0.673402
-1.57572
0.630241
0.538272
0.36031
-1.63422
0.559589
-0.818047
9.44771
-2.81495
0.764756
-0.622229
0.234701
2.40635
-0.12363
-1.46548
5.28075
0.892772
-3.862
0.18451
0.879097
14.3034
-1.52848
-0.081059
-3.37524
0.590037
-11.9485
0.0497387
-0.95875
0.424723
0.22576
5.60041
0.600829
-0.1448
-7.45849
0.363943
0.71973
1.27212
-0.0521529
-0.357494
0.526138
-1.62705
0.275215
-2.2746
-0.436357
-0.36582
12.8649
-1.04663
0.211933
1.31561
-0.309333
0.827303
1.29938
-0.363312
0.823607
-1.01384
-0.336771
0.860181
0.937675
-0.0909361
0.592666
-0.631447
-0.168728
8.23957
0.367338
-4.82981
-0.740963
-1.87474
-0.0171827
-21.7451
0.605205
0.849396
-1.68169
1.46784
-28.041
0.456281
-0.351655
0.683346
-4.33822
0.11796
-2.10365
2.99829
-1.74296
4.31712
-0.532156
-0.529879
-0.412488
1.29215
-1.04356
-0.106602
-0.270156
0.176261
-0.960542
-0.130915
0.449738
-2.28939
-1.02609
1.23969
0.706766
2.08886
0.983073
-0.142979
-4.72428
5.63397
0.860084
0.274853
1.82498
0.736725
1.25109
-11.3081
0.135652
2.2746
-1.47402
-1.76944
-5.07882
0.832735
0.0998781
0.00383907
-6.96792
0.243332
-1190.82
-0.0019932
-1.97959
0.361004
3.19974
0.700452
-2.67767
0.45732
4.76095
5.67293
-0.203605
-0.782138
-0.0973763
-0.193494
-0.11983
0.696206
-0.00662012
0.115135
-1.38391
1.29417
-0.652622
1.65017
0.0331092
-0.263021
-0.345129
2.48265
-1.55226
0.467511
0.0281181
0.176106
0.341875
0.879326
0.78474
0.722721
-0.166112
-2.03495
0.543779
-0.617015
-2.04126
0.434413
0.13703
0.758892
0.575474
0.255988
10.0178
-2.78837
0.948076
0.553503
1.36369
-2.30108
-0.622998
-0.0434748
3.57224
-0.364696
1.89432
-0.142812
17.488
-0.0305172
-2.69557
0.10873
-0.259297
2.31025
-4.76042
-1.74847
0.48205
0.103397
-6.73119
-0.971878
-4.0188
-1.98362
0.310738
0.425769
-3.51472
-9.57624
-0.194742
0.99137
0.0482378
1.75962
1.43568
-7.4854
1.00102
-1.34501
-3.55308
-6.55941
0.272918
-1.64055
-1.92835
0.60807
-0.432607
1.57053
-0.0369699
-1.7976
0.00158797
4.54501
-6.34792
0.409497
1.73808
1.97948
3.55204
-5.91371
-0.122544
-0.239112
-0.556892
-6.26752
-2.29929
-0.410639
0.353113
1.37265
0.47559
9.31198
-0.564568
-0.314655
-0.105326
2.05778
-1.07172
22.2957
0.820078
0.583378
-0.602401
-1.46183
-4.47684
-0.088203
19.945
-7.9591
-0.609952
0.487992
0.257339
0.348008
0.551928
-2.12146
-0.184307
0.474366
10.8064
3.14243
0.80221
3.64139
4.95685
-4.19824
0.60577
0.31647
-4.48909
3.79511
-0.438248
4.9828
0.964951
-0.681203
-0.652398
0.535093
1.10198
1.73415
0.660666
-1.55152
1.92252
-0.0975239
1.0686
0.284705
-1.62501
-0.105421
-1.4004
-1.27777
-0.307948
-1.1088
2.12008
0.27568
0.426791
5.14045
-3.96047
0.612941
-0.35292
-0.114806
0.215679
0.0479959
-0.821791
0.327507
0.704437
-2.41615
-0.936916
0.853417
-0.893203
2.71943
-0.700109
-1.94033
0.546031
-1.65191
-2.09999
-3.5945
-0.519258
0.111588
0.14224
-0.428647
-0.353305
2.17807
1.70736
-0.0464464
1.46457
4.66208
-1.36967
0.806323
-0.333501
-1.29075
0.610618
0.698849
-0.356308
2.025
0.772679
-1.6265
-3.67929
1.29452
-0.836115
15.5815
1.13044
0.407885
-0.00575326
-1.02452
-4.96941
13.4357
0.95051
3.21663
13.3177
0.327575
1.21526
0.519968
-0.474787
5.70029
1.14698
-0.31208
-2.13301
0.923434
8.61635
0.0829808
4.84609
7.6236
0.655418
-0.922758
-3.42511
-8.39416
0.233891
-1.93905
-0.643516
0.177728
2.16485
-0.294838
-1.1375
0.291306
3.56661
-3.21602
4.99312
-0.847485
0.843433
-4.62939
-0.487965
-0.153519
2.02536
0.208092
-4.28754
-0.603277
0.818257
0.98311
2.681
-2.54076
-0.512903
-1.88834
252.994
-1.31894
-1.10373
-0.976163
-3.72629
0.259507
-0.560736
1.55977
-6.03766
0.699044
0.318568
0.0148384
-0.0125225
43.5173
0.970754
1.70159
6.45066
2.20112
0.455985
1.06777
2.91922
4.56161
-0.91917
1.35683
0.647154
1.34139
-0.243904
-3.9038
-0.158296
1.85507
-0.0606093
-0.531649
1.04612
0.0588357
43.0871
-0.766947
1.67401
1.67721
1.46686
-22.9619
-0.00633213
-0.389997
1.6153
0.253234
-0.966979
-1.15773
-0.279168
-2.63429
-0.374881
0.0665616
7.91399
2.66309
-0.427385
0.201268
-4.28665
1.24254
-1.15634
-0.403561
0.0328173
1.27007
9.81192
-0.266127
0.267158
-0.527368
-2.29411
-0.629127
-1.46929
-1.33746
-0.54943
-0.0840765
2.27607
-1.15743
3.93354
-0.51732
-0.453078
-0.381019
-2.35401
0.39523
0.123028
-2.57163
0.642774
0.151711
1.45414
8.15
-7.49322
-0.608935
-3.81559
1.97761
0.586605
0.205785
-3.64126
0.183119
2.5506
0.855105
-0.821447
0.172958
1.00467
0.439445
-3.83959
-0.334141
0.502949
1.80907
1.62111
-8.28278
8.26428
4.17268
1.21818
0.715116
-0.13203
-1.44373
-0.676831
-4.78956
0.186521
5.77756
2.94013
-1.181
-1.34978
0.741832
-2.39619
-1.38481
-0.980605
-0.202687
-0.451817
-0.654216
0.725394
-1.69201
1.20075
-1.09118
26.9994
5.09262
-1.7894
5.19131
-1.32604
5.94139
-0.277127
2.95838
1.19678
-0.0197332
-2.52656
2.22674
1.38639
-0.169622
-1.13827
-0.379889
0.751404
-1.04899
1.0742
5.70263
-1.46154
-44.8385
0.0483071
0.84523
-1.55912
0.647213
-0.694865
0.418957
7.82145
-0.514932
4.03404
-0.581421
-5.72591
-1.16281
-1.94793
-0.476141
-1.08311
-0.5244
-0.230283
-1.15033
-47.2043
-0.594698
-1.63531
-0.686243
-3.00092
-1.68332
-1.07674
-0.230689
-8.09331
11.1798
-0.996637
7.43896
1.74191
12.4693
0.329072
0.57787
0.358959
0.0726116
-1.00847
0.171366
-0.410274
-1.00838
-2.03733
-0.480804
-1.64653
-1.90891
0.830069
-1.97659
-8.40841
0.85575
10.2401
2.67956
0.132449
1.89743
-0.968704
24.2497
0.24189
-0.844488
-1.11312
1.27262
0.121747
1.33122
-0.979757
-0.346222
-0.5317
0.458923
-0.0727073
-2.74964
8.75977
0.0738696
0.18028
20.143
-1.43097
9.57818
-0.751433
-0.402844
1.55687
-0.409441
44.8543
31.4507
-1.27186
-0.766879
-0.52775
4.84473
-2.10914
-1.07975
-0.117451
1.67179
-0.863284
0.528294
7.41246
-1.42029
0.477732
-0.846294
0.735078
0.446907
0.540876
-0.11381
1.49638
-0.712464
0.249506
-0.658971
-0.826166
-0.304514
0.892206
6.68188
-0.526698
-3.82995
-12.7225
-16.5772
1.28821
0.605334
2.19011
4.3511
0.311807
1.11513
1.88416
0.0708272
-0.0760639
-2.61632
-0.490833
-6.06517
-0.827744
-119.715
-1.21477
-0.706733
1.63444
-0.113896
-1.22169
1.20777
1.588
1.54381
0.513047
-1.32424
1.51537
-1.88436
-2.51434
1.16753
37.4341
4.21465
1.16263
-0.737693
0.477262
0.969188
0.857242
-2.52342
0.506429
0.191477
-1.20376
14.1227
1.8233
1.7863
-6.6362
13.9703
2.03294
-0.959908
-2.6703
-1.81633
0.559185
-0.16285
-1.30337
-0.144592
-0.475538
0.170428
0.0790911
0.725228
0.228619
-2.52362
-1.06993
-0.291746
-2.47365
-0.390379
-0.189617
-0.790493
0.170634
2.04547
-1.07361
0.544969
-2.72091
-4.63311
-0.237508
15.3588
1.13598
51.2297
-0.698596
0.419873
-1.78242
-0.497549
-0.970936
-1.0699
1.7111
0.0350202
-1.18222
2.22424
-1.87097
0.23587
-0.807731
3.17327
0.549586
3.2453
1.90058
-5.49139
-1.53779
-0.978247
-0.648555
1.82129
0.0969251
1.57869
0.238157
-2.6214
0.708068
0.979758
-3.45345
-1.06916
-0.142192
2.33428
-1.7796
1.73442
5.25015
-0.82287
-0.564167
-0.271202
0.191421
0.858947
-0.347451
-2.1648
-1.52269
1.12154
0.588675
1.77682
0.222999
-0.134875
3.14113
-0.0760153
-0.262396
-3.3342
-1.32888
0.523849
2.10588
-0.34146
0.334898
-3.32999
-0.867091
-1.20008
-17.2581
-0.195292
2.41419
-0.867323
1.20624
-7.37632
20.077
-0.160745
-4.20989
-5.33504
10.2969
-0.627195
6.07784
0.51623
-1.89778
-0.451504
-0.622223
0.498009
2.26929
-1.88006
-3.28476
1.85217
41.3229
0.691209
-3.91015
-0.0551517
-2.02559
1.05216
1.43646
-1.04875
0.199044
-3.88469
0.816588
-0.936213
-2.42759
0.776941
-1.49089
-0.692468
-0.524779
-2.98529
-12.8341
0.714572
0.388772
2.94932
-1.15132
1.67295
-2.07459
-0.877904
-0.540986
0.774932
3.05462
-0.48478
0.158878
-2.17994
-223.898
0.593939
1.56066
0.0107511
-2.54572
0.745318
-2.15021
-4.81108
-0.130985
-22.5699
0.931719
1.60228
-1.04865
0.188695
0.88291
-0.692145
3.25321
-0.627129
15.8947
-0.587514
-0.697832
1.81589
-2.12056
-1.49905
-0.463043
-1.00909
-1.79416
0.463086
-0.00718382
-0.312051
1.00443
-6.46611
-0.460972
-2.16633
-36.3937
1.64619
-1.57089
0.160346
1.66672
-0.0677549
15.9389
-0.802442
1.81862
0.0176765
0.165622
-1.65948
-1.44655
-0.339304
-0.614834
0.350998
4.49642
-0.356596
-2.27088
12.226
-4.96503
0.616197
-6.11413
4.66625
1.01669
-1.51948
0.740568
-3.08695
0.45491
-0.297611
0.279076
-0.15384
1.55617
-1.90683
0.828691
1.03607
-2.35056
-1.8386
2.14435
0.103491
12.4252
-1.53658
0.0228249
7.14955
0.452024
0.57018
-0.350513
-5.65225
0.318624
-0.507261
1.48565
-0.337857
-1.46787
-0.854076
0.032871
0.626661
-2.10252
-6.52066
-0.0431215
0.450938
3.35188
-2.16175
-0.206163
-5.54606
5.26815
0.291396
-1.48574
-1.04404
-27.6321
0.53851
1.14104
3.92503
-3.29928
1.9458
-6.89823
-0.311206
3.7399
-8.73485
0.967727
-2.66663
0.132468
17.2067
-0.990355
0.122545
-0.616813
2.4502
-0.954185
-1.02516
-0.993009
0.219215
-0.0494662
16.0264
0.0864127
0.904219
-0.128205
-0.283741
0.35181
0.319438
4.1046
-0.18257
1.47867
-0.770932
-1.72152
0.362698
1.15881
0.46282
-0.147638
-3.10266
3.66589
-0.412185
10.0822
4.25545
1.69325
-0.936002
-0.379458
-0.199402
-2.68571
-0.208687
-0.605212
-0.608402
-5.0489
-0.587634
0.93561
0.939693
-0.295723
-0.918015
-0.252716
-541.38
0.620422
-2.93578
0.941329
-8.40249
1.40271
1.41136
1.23793
0.260793
0.546063
-0.967029
0.895013
0.586249
-0.183639
0.432125
-3.34835
-0.924483
-0.793719
4.09118
-0.949875
-1.28116
0.922382
-0.363696
0.704727
2.88534
-3.33375
0.555654
-0.160351
-0.106374
-0.705313
2.79313
0.320537
-0.225562
1.22732
1.0133
-0.870009
-0.231946
0.943338
1.41185
0.978218
1.17627
0.894868
1.3345
-0.0612485
0.746619
2.03491
27.8422
-0.137486
-9.38267
-0.708358
0.589439
-0.380482
1.01754
-9.99317
-0.451115
1.87193
-0.308325
-1.37777
-12.9116
0.847238
-0.216565
2.85392
4.04668
11.9312
0.368502
0.200157
-0.705951
-4.11784
2.96706
-0.596852
11.7381
-0.596863
0.292635
-0.335457
8.47831
-0.848348
0.476266
-0.468573
-4.61351
9.52166
-0.338626
-1.13182
-30.9119
-0.528589
0.438673
-4.79657
-2.05408
-0.161224
1.6173
0.732619
-0.64682
-0.515601
2.28418
-5.95386
-0.382281
-0.726064
-7.79653
7.10249
-1.42866
-0.0274066
-0.0067776
0.486744
-6.32109
-0.575103
0.713542
-0.375166
0.686296
0.228295
0.334221
-15.5112
-2.55613
0.886933
-0.201988
-0.615298
1.14702
0.542137
-1.33552
-1.86072
3.39001
-1.27934
-0.0309516
1.5457
-5.069
0.185776
0.55383
-0.54396
-2.88503
-5.20054
-2.16275
0.196845
-1.17371
-0.944371
0.492084
0.0127589
0.281268
-2.68177
-1.37017
-0.0393969
-1.78321
-3.26308
-1.40075
-0.176635
-0.954398
-3.94507
-0.165071
-0.823664
-1.05448
2.97718
5.31317
-0.549529
1.06788
1.48777
1.57544
-0.215283
-0.00351892
1.55083
0.0186677
0.550324
-0.505895
-0.733365
0.738389
-3.68976
-0.277099
2.97871
-0.259821
1.18416
-0.0593822
-1.22389
-2.2356
-3.28113
-1.21006
1.05343
-0.796299
-1.54138
0.833795
8.96699
1.27192
-0.608138
9.27606
-4.35928
7.11957
-0.865891
0.0398464
-57.7894
1.85798
-1.58717
0.241222
0.350199
0.0958004
-2.48623
6.04443
-0.550857
-0.207576
1.71011
51.9327
1.7267
0.250149
0.468899
-0.854619
0.630091
-0.784076
0.219551
-1.54019
-4.08317
0.743871
1.54065
-2.02688
1.0042
-0.612884
2.68093
-1.4296
-0.895714
1.03941
0.300424
1.03286
1.90129
0.241656
1.79545
1.75028
-1.20064
-0.429676
-2.79642
8.08113
-0.353299
0.162409
-0.745062
0.167074
-0.738412
-0.785385
1.2168
-1.09031
4.20378
-0.394995
-0.213287
-4.98158
-3.45847
5.72827
0.915679
2.26067
-0.407166
-0.0950988
1.60664
12.1943
0.120656
-1.39651
0.813865
-1.44355
-7.69383
-1.12698
-4.83642
-1.34592
0.222884
0.793593
0.100528
2.43935
-10.5482
-0.0531259
1.38249
-0.598173
11.6592
0.183873
0.155244
-1.31084
-0.57539
0.167613
-0.41078
-1.69319
1.34929
1.47429
0.400318
-1.01818
3.48158
1.31364
-1.06999
2.80476
-5.14746
0.514711
-3.48679
-0.950228
-0.173721
-0.914485
-0.224253
0.615714
40.4045
-0.745871
-0.85463
-0.660656
0.201964
0.560448
-1.24684
0.508995
-0.327544
-0.371609
-7.21339
-1.14032
-0.300845
-1.25163
-3.81061
-2.42327
-3.17577
-27.0655
0.378327
-15.9159
-0.0577427
-1.15005
2.11805
-0.122488
0.149202
-0.392008
2.22807
84.8643
0.637521
-0.984069
1.23805
3.01505
-4.22356
-0.435987
1.90586
-0.913825
-0.800346
-0.345745
0.968055
0.0833326
-2.10234
0.408283
-1.86349
5.05828
0.294275
-1.26315
2.50916
-0.900159
-1.09316
0.948061
-1.45529
0.57676
0.308861
2.13899
12.9002
-1.7034
3.45646
-2.22589
-5.37509
-1.17528
2.89523
0.372338
5.39156
0.514614
-0.0760181
0.396991
-1.23017
1.87421
0.34343
1.48329
1.27021
-0.37346
0.774811
0.112125
0.170854
0.918397
0.835685
-0.526391
-1.27869
-0.125236
1.08166
-1.37502
0.825308
1.45449
1.757
-0.698828
8.75813
-1.89583
-1.43055
5.38042
-2.72968
8.83362
0.491453
-1.85716
0.664527
-1.12715
1.11568
0.182728
2.12224
0.257946
-4.73107
3.92139
2.17627
8.41679
-1.04732
-3.41893
0.342776
0.929936
-2.96964
-1.33192
4.07083
-0.729904
48.8938
-3.59877
0.839109
0.419392
5.56268
0.57502
-0.410072
0.157071
1.03969
-2.37965
4.49067
-2.00707
4.37578
-0.0753129
-3.24421
0.864445
-0.879542
-0.491701
14.2469
-1.24031
-1.05569
0.884354
0.356552
-0.599104
5.54089
5.9472
-0.945608
-0.045554
-1.17946
-0.467571
-0.417491
0.77782
20.0821
-6.71909
1.7069
-0.707775
-0.800967
-3.84559
0.311675
-0.12045
0.777059
0.0945308
-0.503839
0.306703
-0.608354
-1.70287
-1.56203
-1.37377
3.40653
-1.86535
4.74662
-8.40361
0.0493371
-0.105269
2.0096
-3.86373
-0.846009
-1.86304
2.15546
-0.195435
-3.13494
2.48709
-0.450326
7.0808
-39.6118
-3.46115
-0.199326
-0.0268247
0.711257
2.11227
-4.51549
0.350396
0.421089
5.3105
-5.00215
-0.879135
-0.744413
3.17054
2.16709
1.06521
-4.55374
1.92815
2.37816
0.875738
1.00233
2.36372
0.995362
0.599616
4.08002
0.253798
4.07256
-1.05012
-1.00943
-1.66882
2.83679
-10.3458
0.139542
6.75635
-9.14743
1.34161
0.809969
-1.39303
-3.01356
0.295343
-0.0287482
0.943793
8.94947
1.43524
0.301052
-0.686995
-1.03329
0.117004
-0.120892
-0.838
0.127197
0.972591
1.68266
0.315785
28.668
2.78083
-0.0231191
-74.8614
1.65651
1.0829
-0.661261
-1.42818
0.795692
-0.105072
1.14899
-0.180248
-0.929431
-0.755032
-1.39888
-0.0362985
-1.12952
1.80216
3.7642
1.06228
14.3008
-0.715251
1.55708
0.797429
-1.13835
0.181463
-303.485
6.70602
-0.766015
-1.24731
-3.48961
0.582805
-3.91146
-0.0390802
30.8936
29.2667
-0.045029
3.04562
-0.745009
8.73372
0.971827
0.0766141
0.239164
0.851747
0.458239
-4.69006
-0.712732
-1.33089
-1.78781
-1.6821
0.415124
-0.549875
-0.738259
-0.325337
-2.84784
0.798844
-0.196629
0.0383185
0.647331
-1.54664
-0.695769
-0.472987
0.432996
-6.50591
0.706956
7.57878
-6.99833
-0.313039
5.42763
-1.71404
-0.207026
-0.245401
-0.892898
1.29661
-6.40561
0.247882
30.6816
1.06507
2.66932
-0.379781
-0.804262
-9.87843
-1.70767
0.376556
-3.36476
0.424194
6.09687
0.23618
-0.125028
-0.223215
-0.0769437
0.694686
24.6895
-0.188807
0.0447983
-0.800439
-3.11864
-0.115898
3.06571
0.66485
3.68852
-5.01089
0.821831
0.474319
8.1639
-1.6465
0.0800269
0.370314
0.28123
-1.73248
-0.993648
0.665244
0.970457
-0.448532
4.2198
52.5409
0.492695
-14.2745
-2.28788
-0.101861
-0.25791
-1.04625
-1.23009
0.714853
0.193406
-1.12701
1.82944
-1.08899
0.422243
3.25044
-2.01268
1.54045
-0.752002
-1.54223
-11.5886
-0.545071
1.03222
-0.761133
-3.37575
-0.155732
7.17992
1.73063
-0.734203
-6.96404
-2.92097
-2.19567
-0.521486
2.2031
6.28231
-15.1824
1.73808
0.188131
2.14188
-0.981379
0.0665822
-0.229477
2.37128
-55.1088
0.765888
2.79323
-0.947949
-1.97134
-1.10323
26.2977
0.230949
-2.08522
3.28462
1.17302
0.00656898
-0.871297
0.431397
2.07487
-0.331187
0.677539
-6.15141
3.10063
0.18031
0.000649065
-0.133253
-0.00626414
0.913711
0.428431
1.78572
3.49393
7.57588
-0.00292484
0.672114
-2.29156
-0.407058
-5.29613
-5.50289
-0.894984
-1.06478
-0.334769
0.843438
-170.46
-1.14267
-1.03471
12.4897
4.27462
-0.0941101
4.26666
-0.486554
1.85571
-1.33094
0.734979
0.210374
-14.8394
0.817057
0.428507
0.408052
-1.65528
7.13016
2.10972
2.45395
-1.09846
-7.53552
-16.9966
0.428514
0.0603838
-0.638509
0.972993
-0.329593
-0.296138
1.29282
0.739902
-0.714108
-0.440088
-5.21981
4.99915
10.1306
-5.99056
0.529951
-0.49364
2.34211
0.848247
0.203844
0.154784
-1.17176
3.47829
41.8722
-1.63941
0.215662
0.0152
0.764649
-0.169588
-2.48046
-0.0809382
-0.166258
-29.6195
1.29039
0.675304
-2.54563
-7.76764
-0.252563
-0.162715
2.34792
0.48008
0.21268
-2.63386
-0.157811
-8.8025
-0.281203
0.191258
3.6283
3.74394
0.828266
-2.07534
-1.79968
-0.621666
-0.283641
1.37238
0.00493999
-0.36796
0.519041
28.3928
0.347931
1.74947
1.32311
-1.1683
0.649377
2.93741
-3.30119
-0.0127531
5.7975
0.433642
-0.0485047
1.20893
-9.94501
-2.30103
0.141576
-0.653231
0.285312
0.851011
4.2795
-1.20371
3.9075
0.431194
-0.149209
-6.3819
-0.058451
-0.985104
0.229557
-1.18256
0.283448
2.63319
-0.280396
1.01912
0.320508
-0.201792
3.55229
49.4081
3.87228
-0.860345
2.50213
-0.354401
-0.0407643
0.0598331
51.1381
-0.746216
-0.650475
-0.382713
40.123
-0.649426
0.450184
-0.610937
-1.73409
0.819034
4.7375
5.28001
-1.36348
0.48484
1.36761
-0.162004
0.510661
-1.48682
2.69859
-5.43757
-0.50093
0.0716359
-1.17534
-1.70825
-1.60492
-0.799668
1.35263
1.23959
2.06028
0.839519
3.79184
-1.75275
0.539085
0.850058
-0.986279
-9.2008
-0.198913
0.663828
1.65216
1.92343
-0.345824
0.112931
-0.32812
3.58506
1.06208
-0.828783
2.29808
0.624671
3.85441
3.93705
10.8731
-2.09282
39.7447
1.33645
-0.618626
-0.952689
16.4976
0.113353
0.184395
2.0794
-4.79968
-0.0376519
-5.19357
-2.19127
0.424618
-6.95938
3.08196
-0.350552
29.4063
2.31697
0.111817
-0.711094
0.653908
-1.64236
-0.479402
1.45234
-1.67195
-0.590688
-0.672056
-1.93786
-1.5423
-1.34796
0.192969
3.97142
-1.54201
-1.1558
-1.48883
-0.622388
0.174374
2.39095
-0.0227619
-0.421849
1.88515
0.19844
0.949136
-0.76918
0.0781035
97.2147
14.9574
2.04566
3.00886
0.176809
-0.91858
1.40467
1.08157
0.779085
0.650166
-5.45653
1.67762
-27.0918
0.674539
-0.518025
-0.436165
-0.74196
-0.673528
-3.36029
0.601328
-1.14664
-1.83521
0.873692
-0.993026
0.83042
0.788043
-1.29256
1.43095
-0.419554
-0.529953
-0.053152
-0.543345
0.559644
-5.42828
-0.110914
2.48413
1.00518
0.292347
-0.256378
-0.0812602
0.687789
-2.16536
0.494801
-4.18463
-1.67161
-0.813371
1.94534
-0.00205324
-0.158887
-1.75853
-0.898308
4.31378
1.1593
0.579129
-1.26004
6.4711
-1.16228
-1.0776
0.712456
1.54371
-6.81082
0.183759
1.26039
-1.10742
-1.96587
1.61214
0.383066
-1.49499
0.23172
-4.97852
1.69393
2.76477
-0.465509
-1.03586
2.60918
-0.652848
-9.11988
0.201075
-1.3198
-6.77509
36.1074
-0.861174
0.447069
-1.20403
-0.261189
0.847997
1.29803
0.370533
0.130621
-0.285616
9.14726
58.9427
-62.4488
-0.655196
-1.00654
-1.45711
-0.504533
-0.290745
3.5635
-0.114869
0.972446
-10.558
0.853462
-8.11936
-1.16573
22.9979
0.252205
0.484261
3.5413
-0.490302
1.67905
0.602005
-30.0632
-0.00658855
-0.948337
10.0992
0.10091
1.99254
4.10988
6.01635
4.17807
0.416569
-1.44456
0.735063
-8.56768
5.01909
-1.75648
0.302408
1.30849
1.45126
-1.70861
-0.644755
1.50427
-0.245704
118.359
-0.812917
6.93548
-0.633429
0.368673
7.9962
2.33279
0.713458
2.86275
-0.516748
0.412504
-0.103129
-8.24911
-0.584202
0.90431
-0.11226
11.7371
-1.13301
0.674226
-0.40806
1.01266
0.175878
1.54677
-0.118494
2.36452
0.490426
0.207897
-0.562275
0.194996
0.673323
-5.39816
-0.0510319
0.738422
-0.669156
0.384448
0.0468901
3.3512
0.384013
-0.458928
-0.322449
-0.84402
2.10203
1.66881
-1.22433
-0.707013
-4.46649
0.156787
0.672591
3.76568
-1.04426
12.5954
0.450768
-0.968308
-0.188491
2.91739
-1.61563
-4.04929
0.718525
-0.51223
-1.45554
4.70554
6.6054
-2.21244
-0.214563
1.29039
1.25164
-0.971528
-0.698268
1.36074
0.170442
1.5453
-0.7353
0.0594792
0.67571
4.6809
-0.332699
-4.56377
0.54145
-0.880957
0.448801
-0.505942
-0.501423
-0.422262
0.11479
-0.0109593
0.10539
-2.14899
-0.563897
0.691548
-0.143582
0.0510333
-5.49885
-1.06389
1.28471
-0.28079
-3.5059
0.366019
0.302888
1.2914
2.39191
1.34418
7.03212
-1.45958
-1.45403
1.36545
-0.752466
0.293212
-7.59747
4.23118
0.531274
-11.3781
-2.7958
0.996881
0.800897
-0.427991
-0.338775
-0.752803
-0.590177
0.490555
-3.40451
-1.2733
-6.17418
-0.625916
1.33973
-1.99476
1.49997
-10.7777
-0.229604
-1.37612
1.08068
-0.872273
0.475646
1.05558
-0.305678
-0.0483604
-0.0164511
5.43125
1.0142
-0.31428
3.80923
0.318705
-0.555492
-3.90609
1.1938
-23.8628
0.409567
0.48791
-8.10416
-1.12078
0.665394
-2.85482
0.300963
0.315639
-10.8686
-1.5277
-1.35422
1.20508
6.25645
0.5356
-3.23947
-0.620386
20.1784
-0.150677
2.78048
-0.158745
0.186369
-1.26716
0.220286
-0.164007
1.34133
-2.59953
-0.170683
-2.32299
0.280152
-0.712464
1.11044
-0.816739
15.0561
-1.61849
-0.144377
-0.75835
2.18818
0.482802
-0.671011
0.705126
-1.51197
-6.69965
1.70842
0.355862
0.268107
12.8753
1.99511
-0.672576
1.24898
0.7655
-1.37806
0.0204158
-0.676519
1.83497
1.04871
0.134831
-1.09614
-0.303148
-1.56877
0.884508
-10.9691
3.12111
0.79307
-13.669
2.97549
-1.21917
1.11476
-0.311389
0.253452
-3.56082
0.117211
-1.62237
-0.685704
1.67228
2.88354
0.0110166
-0.145803
2.18838
14.093
0.539859
-0.623322
-0.784639
0.754253
1.34986
-0.0513232
-1.54976
-2.70746
-0.992915
1.03355
-1.06567
2.32426
-0.877393
-0.173798
-0.622974
-0.913854
-0.342206
-0.158632
-3.51549
0.104462
2.17154
-4.35524
0.942281
-3.89651
40.605
1.30251
7.40679
-1.17833
3.71224
-0.662534
-0.760055
0.360446
-0.358603
1.55205
3.26802
-1.60596
-1.55303
-20.2285
1.01124
1.56297
-0.00428386
-3.0805
1.74223
-3.59017
-0.263157
-0.224461
-0.370599
-23.2258
2.55378
0.12567
1.34146
-0.50551
0.624622
-1.69402
0.27064
-1.70555
-0.440427
-2.1925
57.6237
-0.643358
-1.17539
-0.535735
5.13915
-8.50194
-1.18823
0.395186
0.544138
3.75833
0.600734
0.545903
-3.62932
-0.671069
-1.12622
0.468139
-1.44297
-0.266556
-0.229601
-0.686645
0.417174
2.79364
-1.37374
3.17229
0.0494514
1.35516
1.35977
-0.445339
6.47632
0.12845
-0.703586
-0.574912
-0.549453
-0.188466
-1.22368
-0.615562
-0.00624173
4.36242
-0.0899828
3.16513
-0.759504
-0.0612288
20.2537
-1.51078
-16.2434
-3.34917
0.193558
-0.64178
-1.11562
-1.0757
0.262111
-0.650644
1.71331
32.1886
-0.0372272
-1.00758
2.66465
0.64243
-1.03519
3.34589
0.557232
0.868907
0.376986
-2.28128
-11.9327
1.41479
0.920186
0.220903
0.833507
0.0435672
1.01357
68.3444
1.35464
-1.25612
-0.0103569
-2.97143
4.38039
-1.09841
4.84117
27.672
-0.0200969
-6.12864
-0.882878
-9.9983
1.58101
1.96787
1.02373
0.102633
-1.9804
0.39166
-2.16062
2.5575
0.387009
0.123426
-0.0775623
-1.58032
0.319173
1.53453
-0.144942
0.361717
-1.91125
0.778485
-0.169994
-0.529041
-0.572311
0.381823
0.333147
2.36678
4.2771
0.302479
-0.597224
-2.46132
-0.199896
-0.355722
0.876055
-4.58007
-0.319264
-1.63942
0.354291
-0.478424
-2.37329
4.21679
0.425595
-0.629113
2.08548
0.928205
0.0281922
-4.92345
-4.08789
-0.328268
1.48877
0.496537
0.280467
-1.46688
5.51464
-2.7107
0.0298543
0.0532485
-0.124245
0.476169
-10.611
0.724536
-0.13027
3.59575
-0.596012
-0.701882
-0.246244
-12.1152
0.199193
134.24
-0.889314
0.0474075
-9.98371
1.77798
0.819394
-0.66526
-4.1035
3.65236
-0.378164
-1.21863
-32.6865
-0.400839
-3.06543
0.977938
-1.17317
-0.337783
0.517117
-0.324458
12.3068
-3.95496
-1.99994
-0.0666142
-0.847004
-0.474411
-12.6791
1.01762
0.763036
-0.314345
-4.18182
0.719828
2.15906
-0.722325
1.71964
0.50965
-2.72759
-8.25197
37.9445
-2.72995
0.321496
0.171159
5.76581
0.853446
0.368795
5.61251
0.6838
1.47355
0.171047
0.00588036
1.31625
-2.67399
-0.446122
0.385079
-1.33661
-2.48955
1.48597
5.38495
11.1259
-3.25729
-0.191412
-0.0756526
-0.532133
0.12182
-9.23075
-4.60958
1.67128
-4.63466
-2.21271
0.0791409
-1.12515
-0.911849
1.61904
-0.739186
2.03165
26.8054
23.5705
-1.61699
-0.281397
-0.775466
4.63536
-0.645056
7.4126
-0.135617
0.276311
-1.06081
0.273298
-1.15867
4.58373
-0.444056
1.15186
0.741948
-0.463052
0.663932
-1.83625
-0.387647
1.43552
1.2847
-8.0009
0.578509
0.763596
1.18293
5.64471
0.962727
-2.54876
-0.313126
1.14154
-0.715744
-0.221465
0.510609
-3.85711
0.579001
2.61961
-2.09317
-0.189286
-5.50733
-0.306418
-0.660829
-621.983
-2.27455
-3.47297
1.25638
0.952025
-0.832696
0.0189516
-0.595113
0.666216
-0.222648
4.04447
-0.287182
0.322757
-33.6446
-0.230014
-0.979108
1.20568
-3.61444
-1.52975
-0.324768
-7.05237
-0.754769
1.75665
-2.97401
-1.67335
0.664648
-2.89303
0.18053
-0.49932
0.857413
-0.259878
0.933219
0.568776
-2.42715
2.10653
7.32682
-0.441616
-0.0863163
3.56216
-1.81802
9.26631
-0.0415785
-0.377891
0.867772
-0.464361
0.0639426
2.49075
-1.25723
1.92482
0.121206
2.36672
4.76558
4.90199
-0.987105
-1.77493
-1.6153
0.495873
-0.501908
-1.49924
-1.68341
-0.00258024
1.96768
-0.610836
-5.65482
-0.207635
-1.23063
2.20741
-0.649247
0.5687
-0.836725
-10.2521
-0.732363
-1.66878
-0.136799
3.0292
-1.18978
0.139124
1.60027
-0.156346
1.98991
4.84218
-1.24015
-0.0847335
1.53143
-0.479346
-0.565953
-18.936
-1.16467
4.19363
0.608291
-8.51446
-0.708223
-8.74798
-0.253218
0.148615
-0.447858
-0.494352
-0.213711
0.580937
0.994458
0.182676
1.48273
0.73085
0.720627
0.140533
-3.05998
0.104828
-0.49964
0.489331
-1.35773
-37.9088
1.02015
0.404673
-0.920468
-0.148129
-0.949837
-2.06906
0.600657
-0.778048
-1.346
-48.3114
-1.56325
-12.3593
0.40372
3.0398
0.667979
-1.51857
-4.14225
0.286114
0.311731
0.378393
-6.86755
-0.81373
-0.101693
0.8608
-1.48131
7.04435
-6.75578
0.302969
-0.842142
0.445482
-1.28384
-0.37381
0.610901
-0.751956
-12.7272
0.56814
-0.670158
1.75907
-0.597239
3.27755
0.355545
0.91663
-1.51713
1.73931
0.793866
-101.326
-0.158096
-0.665539
-0.137621
1.12308
0.443113
0.513724
-4.78637
1.5151
-0.0990837
-10.6213
-3.61727
-2.3864
-5.0218
0.72666
-9.19067
-0.278875
-0.342838
0.843287
0.473645
-5.65518
-1.1656
-44.0491
-0.0104541
1974.86
-1.62904
0.488101
0.0346623
-1.1604
1.44191
-19.5618
0.365941
-1.1954
20.1087
0.326456
-10.013
0.828872
-0.404242
-3.62095
0.273457
-0.654415
1.23935
-0.336572
-0.414363
-0.00502027
0.263083
-3.84701
-1.80417
0.192167
-1.77861
0.444641
-0.456907
0.116211
-1.88131
0.180991
0.414332
-5.09071
0.416284
-6.25911
0.475115
-0.251368
1.03663
-0.864355
-0.918856
-2.26135
0.311795
-0.833246
1.1873
0.340051
2.7895
-0.597934
1.94596
0.363454
-0.1831
1.39201
-0.114375
0.969824
-0.0263286
-4.08505
1.05443
-0.582349
1.2304
-1.2726
15.9553
0.348342
2.20566
-1.93732
1.6313
0.575678
-0.928723
-0.224613
0.172647
1.49962
2.35049
-0.208621
5.53583
0.129416
1.50439
-0.190627
-2.01546
-0.170139
-0.838412
0.255711
1.50179
0.651864
-1.19155
-0.61337
0.0128204
5.02324
-1.62663
1.99419
-85.0572
6.65852
0.0371485
2.48223
-2.72336
14.5247
-0.451812
-0.191603
1.03369
0.19704
-0.539928
4.65424
2.17995
-0.722528
-0.243854
-1.89082
0.362651
1.1768
-1.32932
0.595268
3.66476
-4.51155
-12.3497
-0.047214
-3.75534
-1.4075
0.857892
0.513434
-0.799905
-0.486343
1.52824
-0.61634
-2.87289
-1.69913
2.15495
-6.13822
-1.03203
0.794907
1.83269
-0.362465
-18.2453
-41.4192
-1.44138
0.838262
0.126012
-1.30612
-1.77746
-0.642104
-1.23631
1.05295
1.82034
-12.8265
1.88044
-0.244146
1.777
0.996481
0.152134
-9.24566
1.76137
-1.87235
0.713595
6.49281
6.5984
-0.74614
0.779631
-3.66939
53.8523
0.579434
-0.229885
0.434204
2.24734
-0.949767
1.08056
0.743173
-0.0641528
-1.15379
-0.769246
-0.197716
-2.15385
-1.88092
6.31716
1.88032
-0.428394
-0.59927
-1.73242
-0.656494
14.618
0.791917
0.785633
2.35011
0.176378
0.256267
1.09658
-0.145104
-0.72348
1.41578
0.945999
-0.940609
-0.9996
0.0812793
-0.756449
0.32908
0.437722
-12.7751
-0.0235851
-1.03882
-0.453618
-0.0488957
-249.475
1.23887
-0.902133
-4.40551
-0.2061
-0.185251
1.05361
1.61752
2.78561
0.0986409
-2.20745
2.72131
0.808222
1.10059
-1.11866
-0.810667
-0.999289
-2.27702
1.65591
0.624309
0.709274
-3.35657
1.49314
-0.0664913
-0.329657
1.04497
-1.65966
-0.825482
-5.27345
-3.20917
0.143998
0.198549
-1.02816
-0.374721
0.554374
-1.5587
2.32315
-0.332444
0.400011
-1.97479
4.18422
-0.440936
1.16611
-0.145349
-5.09573
1.09549
-1.80856
-3.33531
1.67915
-1.42471
-3.85556
-0.70158
-0.372956
-0.102558
-0.00243001
-0.156217
2.59814
0.275519
0.389123
0.260273
2.08168
-3.07644
-1.59641
-4.17163
2.43541
-0.56672
0.830998
0.208484
-2.6717
-1.76514
-1.16896
0.517051
-10.9777
0.161984
-26.486
0.823738
-14.1525
0.16567
0.234766
0.885897
1.73922
1.98998
1.2506
0.383451
-2.63223
0.650393
0.698616
-0.745089
-0.148925
4.44376
-0.209997
-0.923705
-1.2923
-0.0226424
0.632515
1.19745
0.613068
-0.219068
11.2847
-1.18757
0.795749
0.889347
-3.02962
-7.99491
0.22854
0.193694
51.4226
0.119457
1.05226
-2.9453
-31.8577
1.7037
0.221186
-27.2704
0.665419
-0.870211
-0.674331
0.504815
-0.310722
-0.0171754
0.637256
2.5884
0.644835
0.798937
6.78735
-0.137454
-0.268948
-0.959512
-3.83197
-4.02175
0.602451
0.980219
2.65631
-0.548557
-0.738111
-0.44329
-2.45244
-0.507381
1.20503
0.681105
-2.5484
-0.41988
-4.33623
0.128622
-1.40435
0.453563
0.553636
-4.82454
0.313706
-0.495419
-0.144524
0.629275
0.418813
0.271942
-0.803777
-2.62155
-1.22127
-1.47822
-0.854061
0.674437
20.1059
-0.55709
-1.66271
0.755547
-0.220079
8.82975
-0.920658
-0.474103
2.1342
-0.106954
0.919507
-1.16897
-1.99338
231.907
0.190167
0.766203
-1.45729
0.91743
-4.09908
0.10786
-0.672838
0.378403
1.50886
-239.759
1.20807
3.60359
-0.751243
0.44077
-0.323725
-0.00044501
-2.65961
0.76352
0.291603
-2.22686
-10.5034
0.920607
0.353108
0.208767
-0.444478
-4.61723
1.31558
0.20259
-0.18463
1.07095
-0.843765
-9.10296
34.4506
0.535479
-0.448655
-11.7825
-0.268245
1.26473
-0.0815308
-3.21322
-5.83443
-0.568606
-0.61923
-3.89722
-1.57032
-4.34801
-0.587928
4.18385
-2.99896
-0.554476
-0.474561
0.29721
2.79817
-0.515757
5.23343
-2.37774
-6.70635
2.2869
1.48539
-0.61215
-3.44076
0.989743
-1.21863
0.768293
0.00890556
0.138313
-0.101898
-1.23003
-1.80069
0.10886
-1.44407
0.310665
5.39251
-0.66759
0.792984
-2.69943
-2.80903
-48.7868
0.47726
-0.422152
4.74377
-10.3779
-37.3091
0.119333
-2.57847
-0.200956
12.0971
-0.148837
0.307466
1.28829
0.171169
1.15463
-0.286837
0.704974
0.174347
-1.41685
-2.14122
-0.6888
-0.525236
7.7215
4.02452
-0.564646
0.0626939
0.38373
-1.79337
-1.41247
0.267088
-0.987257
-1.03731
-0.515438
-0.61106
-0.804287
4.64282
1.10519
0.301299
-2.06069
-1.5134
0.0360995
18.6272
0.996744
0.223819
-1.59099
-3.22918
17.2779
-3.25371
-0.502986
-17.544
-0.246456
0.0491363
-1.384
0.66881
-0.192991
1.82052
-5.46851
1.01529
-1.36494
-1.61216
0.290258
9.39625
-1.11509
-6.21697
-0.351222
-0.0320743
-0.612803
-9.02947
-0.923112
0.507875
0.826354
1.68808
0.438419
0.377464
11.2927
1.95801
0.745458
-0.140871
-1.46601
0.84774
2.0225
-0.0947131
2.88656
2.36054
2.96376
-0.616612
0.406506
-1.09244
0.111932
-1.6072
-6.88644
-1.25175
20.2944
1.82307
-0.0888269
0.341115
-0.651411
-0.683236
0.306089
0.545095
-0.943562
-0.275525
0.528899
6.512
-5.84308
-0.0491605
6.32019
-0.679812
0.700182
4.20415
-0.669218
-1.26478
1.72873
0.238189
0.111598
0.0215235
-1.2754
-2.79088
-2.08453
0.0762277
-0.132024
-0.927345
2.65525
-0.347624
-2.18072
31.6493
-1.93919
3.55492
-2.07614
-1.68856
-0.459409
-0.155256
2.65371
-2.73296
0.0211441
-0.799307
0.297999
0.785328
-0.79932
-2.11744
1.4993
-1.2074
1.8325
1.05422
-0.0556764
-1.73311
0.228495
0.289965
-0.400034
-0.440694
1.78143
-0.393724
-0.146289
-0.766824
-1.93076
13.8602
-0.778397
-1.45889
-1.36111
-1.06544
-1.76331
-24.8869
-0.597365
3.97881
-2.53298
-0.677287
-1.06367
1.58355
0.66
-0.298361
-14.8409
1.30069
-4.80075
-0.178004
-1.83251
-0.759391
0.273431
-0.651293
-0.264284
-0.450522
4.43528
3.49335
5.3205
-1.70383
-0.359704
-0.158712
3.39563
1.08373
-1.19699
0.80665
-1.57385
-0.177472
1.62749
2.25373
-0.322444
7.81143
-0.576565
-0.495409
0.372154
18.2659
-1.56943
-3.05435
-3.51487
0.169852
-1.98281
2.58075
-1.05436
-0.153779
0.0143218
-3.55233
0.325329
0.891819
-1.91374
0.425566
3.74151
0.416761
2.677
-0.528941
-5.82216
0.337484
-2.14413
-1.86795
-6.03412
-0.640373
-4.73871
0.273816
-70.2104
-1.13396
3.86198
2.04764
0.79096
0.22392
1.58804
-2.69445
0.0621917
1.14362
-2.29033
0.363933
1.0667
-8.0785
-2.21187
41.9592
0.713351
-1.30786
-2.02129
0.477147
5.4961
1.39758
-9.29009
19.4604
1.39457
-5.05374
-0.329252
0.223167
2.27469
5.55963
-2.22007
1.11945
3.45696
-0.136181
-50.0632
-0.875703
0.460846
-0.149609
-0.151323
2.5279
-0.174481
0.67035
-0.0928496
4.24455
0.272573
-21.6163
1.49977
-2.08364
-0.6979
-0.834371
-0.180881
-8.02229
-7.42532
-0.907962
-0.583609
-1.50658
-0.20921
-1.39574
-4.44553
5.66493
-0.554474
-7.50725
1.91024
2.73314
0.276732
0.276013
-0.930607
0.111985
-0.596209
-13.1253
4.65934
-1.24922
1.99982
4.1396
-0.437012
0.307715
0.64699
12.8042
-1.49195
-3.36406
-10.2773
-2.36064
-1.08954
-1.66884
2.28249
0.1726
1.65638
-0.150735
-0.602076
-0.0418282
-0.581753
20.0162
-0.676561
-0.510185
-0.651173
0.354803
-4.33604
1.70262
1.17993
1.15435
0.169175
-0.275119
1.06402
0.0602248
-2.35628
0.293212
-0.122914
4.20166
-0.258923
-1.93261
-5.35896
-0.397082
-0.012851
0.989773
-1.55521
0.069278
-2.31439
3.01035
-0.0872439
-0.907067
-0.990591
2.389
0.747754
-1.24575
-2.15886
22.2891
-2.02516
-0.759983
-0.38741
0.344567
-7.91388
-4.1181
-10.6935
-0.127598
-0.3093
5.13289
-0.449264
-10.8112
1.83639
0.546873
-0.979977
3.58851
-1.75112
1.09242
-0.391631
-0.184543
1.28246
-2.02757
0.595149
-1.50509
0.680156
1.94995
5.56513
7.76352
-2.59372
-0.282137
7.03095
1.76017
-4.19297
0.81611
-0.240138
-0.576069
252.907
-0.483801
0.758307
-0.228137
-0.481061
-0.111357
-0.145728
-1.4446
-0.24254
0.63969
1.72461
1.17647
5.67321
-1.89581
-0.0567683
0.701348
-0.329776
0.643387
-1.3964
-1.32968
-1.95826
-0.454098
6.81715
-0.652657
1.53251
-0.529954
1.88364
5.32823
-3.51312
11.8206
-0.159396
-2.03932
-1.37862
-0.90333
-1.492
0.029542
2.66457
15.493
4.64482
0.520989
0.482373
0.164728
-0.0322204
3.94719
-1.01862
-1.0797
1.30183
-0.188944
0.963281
4.63686
0.521955
-2.49824
1.04579
0.169826
1.10586
5.3459
-3.01917
1.86658
3.3416
2.98064
44.4147
0.200868
-18.8699
-0.144163
-14.0616
-1.51522
-0.690838
-6.11554
0.00766646
-1.008
0.411862
-1.0398
-0.0550591
2.1284
-2.27255
-1.1781
-23.1928
1.37444
0.350987
0.751916
-3.0208
-24.1504
-1.07188
-1.11989
1.93436
1.6955
-1.4619
1.81993
3.34661
-1.49321
-1.14944
-0.955784
-0.17291
0.727076
-0.0295383
-0.253267
74.7319
-0.789944
1.97633
0.215091
-2.05628
2.09347
-7.71267
-0.562971
1.94084
-0.345172
0.106476
1.25731
3.58827
0.953038
0.555471
0.44586
-12.7211
-4.12472
-3.48905
10.5876
0.336896
1.51085
-9.72501
0.95579
-1.28426
1.51132
0.9365
5.93188
-0.162499
1.3263
-5.70935
-0.759342
-1.38358
0.569826
-0.235597
-0.0295941
-5.13131
-3.2219
0.194162
0.991831
-0.860235
-2.21525
-12.4142
13.937
5.49456
1.33912
-0.869966
3.05887
0.568451
0.318281
0.283041
-1.7537
0.57568
-0.685918
-11.0373
6.83854
-0.822267
-0.543068
27.6322
0.650278
-0.705008
-2.14494
-0.969706
0.450499
1.02026
0.115943
-0.0485475
0.691605
-0.258401
1.20595
-0.389378
-0.812693
7.71037
-4.54375
0.261759
21.8068
20.9123
4.26217
0.069343
-0.00267559
0.614826
-1.02002
-0.546184
0.20526
12.342
0.88069
-4.85316
-0.573918
1.10445
4.04795
1.33341
-0.30427
-10.6238
1.28756
-5.49799
-0.211475
-0.35103
0.0520156
-0.0435331
1.04724
0.36371
-10.4254
-1.03119
3.16203
-1.97065
1.59057
-0.700954
2.40944
-0.586486
-0.189918
-0.134591
4.26347
0.772953
-0.683848
1.29089
0.36794
1.39291
12.2125
0.550778
-0.266887
0.358311
3.44949
1.52202
0.778012
-1.11371
0.478746
-0.191073
-3.24797
-2.36675
7.17597
-1.22448
-24.259
-0.840286
31.8291
4.90071
0.120392
1.95522
-2.78775
-0.654084
-1.9549
-1.78053
1.20463
-0.672199
0.894804
-0.0211163
0.701752
-0.0616064
-0.0494372
-24.0699
0.908188
0.884264
0.530306
1.47148
1.88995
99.7803
-0.750516
-0.157892
0.728853
0.00182417
-0.653947
28.5351
-0.482029
-0.952114
-0.623062
-7.19632
-0.0483266
0.173501
0.0822729
2.3233
-18.2235
-11.3685
1.71803
48.4697
-17.7075
1.01329
-0.112698
-0.0214497
0.0299862
11.5541
-0.386322
0.0849624
-0.916854
0.394121
1.39893
-29.9055
1.11611
5.28806
-0.284485
5.70795
0.14386
-3.4067
1.84018
2.17346
2.046
0.281501
0.435913
8.54846
0.447635
0.200487
0.64039
-1.23284
-3.49222
1.77856
-9.09027
-4.32892
-6.40837
-1.95179
42.0179
-1.75133
-1.39847
-0.303433
-3.5586
34.6254
0.249768
-0.29714
-0.234645
4.37134
1.88329
-1.92651
-0.606713
9.22407
66.9648
11.8673
-2.80744
-0.302608
1.15357
-0.494384
-0.878762
0.594005
-0.307057
0.334538
-167.229
1.4337
-1.04898
-1.4119
-5.45774
0.996313
-0.0914377
2.46794
-1.24337
1.29935
-0.968566
0.77918
1.09943
0.581763
-2.77255
-0.0178409
0.179047
0.388206
-0.629498
-1.3811
1.25871
-0.103546
8.4022
0.00441495
1.11509
-5.84548
-1.05808
1.20933
-12.4002
-0.981164
-2.71595
-3.48793
-43.0714
0.0833944
0.0211317
-3.21201
16.4018
1.38536
-1.76357
0.387565
-1.94369
3.13013
0.0430869
-0.114424
-8.33331
0.104028
1.44624
-0.164172
-0.125333
0.226907
1.27886
1.07793
-0.0131391
-0.772811
0.0179185
1.62467
-3.61897
-2.90441
2.9511
-1.18848
6.66683
1.61554
2.14478
0.240512
0.77119
0.431295
0.239827
5.34649
1.12644
0.804183
0.218456
0.789696
-0.297226
-0.812878
59.8048
-0.326907
-0.690799
0.263894
0.602213
-2.14018
0.187432
0.52235
1.18213
0.270616
0.323962
1.4288
-3.96549
0.373367
-1.05058
3.22594
0.474741
-0.399544
7.80682
1.48565
5.17216
2.88346
-1.25849
-0.128265
-1.57238
1.63083
2.65281
5.40018
0.516995
0.0758511
-7.67095
0.228782
-0.578895
0.204458
-0.558111
-0.51084
1.01382
-2.17413
-0.0950384
2.41272
0.555922
-0.616916
-1.63976
-23.5702
10.9879
-0.659104
-0.0176029
-3.14965
-0.0566204
0.480463
-2.08347
8.08341
-1.94372
-4.593
7.8212
0.0524676
-0.765157
-1.34369
-0.290826
-3.21253
0.245334
1.58323
1.29827
-0.205928
1.14773
-2.49572
-3.18379
0.466816
0.223215
-0.367543
-1.52358
577.82
3.06922
-0.720937
0.861616
-2.76201
6.0882
3.85806
-1.09443
23.3317
-0.218786
0.347822
2.54722
-7.64594
-3.08341
1718.15
0.27504
2.12565
-2.28156
10.0621
0.585204
-2.25724
-5.28848
-1.47103
0.743627
-0.559848
0.869781
1.41167
2.02538
-0.116164
-71.5956
-1.82029
-0.391888
23.7278
0.247772
-2.07859
0.726489
0.0413564
-3.73298
-0.904496
4.57453
7.27424
-0.0498886
0.806684
0.678282
-0.885419
-0.285799
4.28935
-0.213703
1.85039
-39.9411
3.69217
-0.440721
-0.0832942
-0.228699
-0.0862295
-2.22627
2.77279
4.21693
-19.9423
0.118456
-1.40933
0.372208
-0.898952
2.1937
-0.868941
-0.817145
-0.597786
35.5884
-0.536999
1.26581
2.10521
5.25788
-246.75
0.558637
-4.55565
1.68408
-0.192476
3.34732
0.547082
0.638835
-1.5412
13.264
0.382957
-1.07006
-3.11126
-0.419558
-1.21193
-2.2001
1.2877
-2.92916
0.266515
-0.516803
4.9777
-0.316935
0.198524
-2.07638
2.62391
-0.752075
0.44744
-0.095253
-0.415817
-10.02
-1.26277
-1.24227
-0.609491
-2.29825
-0.455741
0.611056
1.12366
0.837532
0.267332
-2.6995
-0.403479
-0.669461
0.64673
-1.47299
0.326378
-0.345936
-1.64165
-1.16502
-0.530032
-0.761185
-1.97581
0.43758
-3.88819
-8.17961
0.765111
-2.10361
-0.350359
-2.99597
-0.0889407
0.0338817
-0.186821
1.12932
0.8443
2.88765
-8.15941
-0.382688
829.491
1.81242
-0.161929
-0.464119
-0.182719
0.0553283
-0.186094
1.49421
-0.207962
8.32146
-1.44194
5.23664
1.17965
0.127971
0.262288
0.528706
-1.17072
-47.2439
-2.96294
0.0379097
-1.24795
-8.51578
0.723786
-1.13319
-2.2687
0.0984456
-0.702759
0.151739
-5.91307
1.06911
4.52458
0.00196776
-0.638382
-5.06568
3.60372
0.802163
2.83916
0.837478
28.7622
3.39717
8.85049
-0.728238
0.678185
-1.00009
0.681407
-0.43506
5.41689
3.32942
2.57226
1.04095
0.197704
-1.0758
1.06904
-1.0745
0.546946
-0.348628
3.9487
0.11555
21.915
-0.631667
-5.91427
0.338324
-0.562287
-0.0856171
-64.4177
1.89013
1.50358
-71.7587
1.63324
-0.956489
0.51823
0.358515
0.315802
0.409938
-0.203705
2.6155
-0.478479
-4.28871
0.203313
-0.700123
-3.21182
-0.0955795
-0.754875
0.362362
1.17357
-0.0308543
0.128599
11.0732
-1.40212
0.610188
0.158637
-0.154346
-1.41002
-0.166284
-3.55417
0.325945
0.401504
2.05858
0.727743
0.647428
-0.0872959
0.538475
1.71241
-0.969311
1.03977
-1.25159
-1.32274
6.29875
0.228128
-0.383125
-1.96539
-1.35828
0.939131
5.92645
1.80849
56.0219
-0.698041
-2.67084
-0.633097
1.38885
-0.691159
1.33604
-0.449846
3.64002
0.129127
0.587362
0.131893
7.75234
-0.694621
-3.70723
-0.224852
-0.833826
-0.843883
-0.356133
1.24974
-3.17055
-1.22549
3.12993
-5.33627
-10.8397
-4.27237
-3.48101
-0.258136
-1.66957
-1.18176
-0.471252
-4.75683
-1.71417
-1.94877
-0.387586
1.51733
-0.769575
-0.254255
-13.522
1.46804
0.693561
-1.24276
277.118
0.783863
5.16079
0.364971
1.02574
-0.905776
-1.53809
0.131216
-0.235569
-6.16487
0.722538
1.15417
-0.925766
-1.86201
1.32107
-1.60312
-3.11157
-1.96592
0.78285
1.22741
0.598053
-27.7419
-1.28731
-0.887394
-13.7572
0.494588
2.0225
-0.939333
-0.583381
-0.173295
-0.44436
-0.228229
-0.312969
-0.103917
1.97927
-0.0399236
-214.308
0.739625
-0.375736
1.9465
-0.233934
-1.2922
-1.91662
-0.822083
-0.60018
0.137219
-0.635173
-0.271154
2.88503
1.36893
0.0209835
-0.271789
-0.669231
4.56461
1.68939
-0.119561
2.10973
-6.56806
0.556049
0.898337
-2.33445
0.525284
3.13866
200.639
1.97599
1.69255
0.345253
-0.243708
-0.721552
61.0711
-1.96663
-0.962373
0.265454
14.2262
-2.5137
-2.36545
1.35324
2.60296
-3.13716
-1.33282
-0.482898
0.826949
-0.877125
-0.0914386
-2.66859
0.193173
-2.05777
-0.586304
0.253443
0.00495665
0.830699
-0.121184
1.96036
0.884034
0.433373
-0.288619
7.72926
-0.492712
-0.120131
0.899781
0.53331
-0.332304
0.47544
-0.92794
-4.30816
0.476393
0.688813
-4.20005
1.05678
-1.78345
0.926744
0.127134
28.8557
6.99593
-1.91468
2.52459
0.0112999
0.278022
3.05719
0.0164692
0.477125
-1.27551
-0.901443
-1.2957
0.185853
-0.19228
-0.228944
-0.339491
0.0850289
0.287898
1.88805
18.9542
0.139317
-2.47953
-0.0127631
0.152142
-1.81163
1.62623
-4.67503
0.0459945
3.82973
-0.505769
-0.446279
0.779107
0.0205157
0.396694
0.81868
-8.0117
6.51898
-0.594734
-2.12312
-2.05413
-0.664225
-0.26429
-0.0673086
-1.3176
0.173045
-9.73825
-3.46913
-9.66914
6.1722
0.441055
-1.09014
0.255764
0.402736
61.0884
-0.570474
-0.0197276
4.06406
0.29331
-5.74807
-2.51893
-0.550816
-13.9515
0.852291
-8.37681
1.59056
2.42121
-0.0153002
-0.534802
0.639919
0.466295
-0.63322
0.802266
1.78326
0.128251
0.0515945
-0.408083
32.5819
0.855663
2.78797
-0.419034
0.0336566
1.09897
-2.25846
-0.0107498
-1.50814
1.76077
-1.16711
-0.115961
0.366116
2.65207
-0.343903
2.84039
0.658745
5.38177
7.48685
0.465168
-0.310493
-0.0721851
-3.20618
-0.459854
0.447262
151.474
2.16282
-7.51398
0.919564
-1.75488
2.4144
-0.136353
-0.0182473
0.45774
-0.485071
0.302489
0.223854
-1.61188
-4.1092
-1.89459
-0.34328
0.129384
-3.60238
2.26448
0.49252
-0.684936
2.97846
0.349397
11.7766
0.337176
-3.06688
-1.27974
-10.3466
3.94633
3.37188
0.598431
0.691499
1.78789
-1.83018
0.427435
-1.00103
2.08874
-5.11422
-15.2012
1.40602
-1.48641
-1.22774
0.56095
0.390893
1.15633
1.01979
-0.163322
-1.05293
2.54291
-8.26794
405.529
-1.06479
-1.1291
-0.307374
0.558795
1.74557
0.958369
-0.950574
1.87737
3.45237
-1.71216
-0.503078
-0.609689
-1.77406
-4.81772
-12.6645
-0.971673
3.0395
1.62239
0.294933
-0.330751
-0.318501
9.42592
0.205998
0.137372
-1.1557
-4.43397
-1.73467
4.02809
-0.749426
-60.7122
0.736448
0.470397
0.569238
-1.09589
0.245788
-0.631757
-0.80478
1.37109
-0.0509098
1.9626
-1.39698
7.58937
0.78309
22.8038
0.0459917
1.37997
0.282347
1.90784
-1.46797
-0.338451
-0.701422
-0.0231383
-1.69315
-7.75092
-1.40847
3.39905
2.38255
-1.59578
2.40334
-3.25906
-1.48141
0.563417
-0.196795
-0.18083
-2.17201
3.31033
-0.0448481
-0.4991
99.1002
-0.54106
-0.511849
0.39737
2.72073
0.763926
0.12013
0.691116
-0.418192
-0.612073
0.424596
0.394703
-0.159196
-0.469366
-47.3504
-0.00626897
-8.52088
1.00206
-1.75031
-0.372584
0.52648
2.18132
-0.713239
4.42084
2.38668
-2.28376
0.109874
-3.52242
-0.516236
5.87311
-7.07692
-4.06179
-3.46853
-0.123827
-1.26658
0.0210064
-3.34332
59.1932
0.389276
-0.799056
1.23192
-1.04901
-0.452272
-0.00993259
1.27028
-2.52504
-0.261094
0.0448491
0.499431
5.6625
0.0490896
-0.617157
2.46716
0.74743
-2.40786
-0.136316
0.417232
2.01423
-0.549289
-1.29468
0.392659
0.434536
-1.01675
1.37184
-0.274287
-2.69654
-1.576
0.841593
0.730272
0.432369
0.0516995
-0.076266
0.776535
1.91121
0.659218
1.34745
-1.37755
0.696135
-0.119773
-5.20426
-11.2262
0.670795
-1.20652
-3.9071
0.124745
-0.590391
0.805948
0.143103
1.51207
1.30147
-0.552495
-3.13877
0.694293
0.325712
-1.12201
0.518366
-0.466742
-0.208036
1.0876
-0.874206
-0.250139
-0.665428
0.666682
0.203052
1.58851
0.751434
1.57626
-1.38786
1.36816
0.153761
2.01438
-0.0421674
-0.879958
-0.23165
-0.679854
1.76254
0.655377
0.963316
0.593435
1.53137
-0.245039
-0.0366376
-1.59719
-1.59772
-1.82219
29.2171
-1.77724
1.66792
-1.83939
-30.1009
-1.10575
2.91102
-1.27826
2.42044
-1.86958
1.43025
0.021877
-0.155844
-0.119553
15.5058
-1.56802
-0.869621
-13.6843
-0.804767
-1.26093
0.381619
-1.3861
4.77477
0.497253
0.902768
-0.328899
0.779006
-0.556732
1.81226
0.43386
-0.978877
0.0327362
2.67978
5.06525
-1.23861
0.706785
-2.88829
0.593256
-6.67502
-3.97802
-2.85154
1.16365
-0.224116
-1.68943
1.24599
-0.57031
0.0749803
3.91931
-4.04002
-0.488757
-0.748919
-2.10417
1.38826
-1.32088
0.929611
-1.63336
-0.437903
1.26933
0.758713
-0.392002
0.247292
0.0377217
0.101596
1.67192
-2.20021
0.762309
-0.207859
1.85659
2.12785
0.73542
2.87351
-0.834736
-1.63808
-8.54302
-0.729183
1.12406
0.683071
-1.35222
-2.8185
-1.32842
-2.04994
0.968922
1.56662
-0.0536722
-1.64788
-0.871507
-20.9099
-0.191308
0.262099
4.66311
0.629209
-2.74864
-0.110679
0.125936
-0.251843
-2.75053
-0.0903272
-1.19794
-0.924328
-0.821616
-0.195152
5.97851
-0.605341
2.70334
0.382379
-0.0560975
-1.16306
0.386242
2.13327
-0.607362
7.89328
0.315526
1.37982
-0.0663444
0.389093
0.0737524
0.240056
2.26975
1.86212
4.22584
1.78586
5.52593
-0.284015
-0.397437
-1.34744
-2.20463
-3.20382
-1.17596
25.5727
51.9237
-0.0990001
1.87078
-1.97707
-1.96848
-21.5692
1.04151
4.69418
0.505513
4.44727
-0.16482
-0.594525
-0.448341
0.27195
4.42445
0.0987212
-0.208406
1.59809
-2.50482
10.2816
-2.88685
-7.48875
-1.33904
2.70689
1.50367
-0.936581
0.484032
-6.86642
-1.63192
1.85648
-0.027259
5.94028
-0.792659
-7.73679
-0.465812
0.0500976
-58.891
-0.108489
2.04479
1.05597
0.374388
0.501077
0.86027
-0.620055
0.868306
-0.419065
-0.570964
1.73281
0.326112
0.884408
-0.215679
-0.423633
-7.9846
-2.34452
0.28233
0.354177
-0.440116
7.30842
-8.70599
-2.34833
0.649327
-1.64841
3.54141
4.02497
3.66086
1.501
-19.7687
-0.646285
0.67682
-2.55297
37.9071
0.38561
-3.27084
-0.345847
-1.16116
-0.645406
-0.485198
-0.0596714
-0.28958
3.02192
3.67998
0.0439881
0.49798
-1.02598
-1.81147
1.28994
0.596522
4.47976
-0.847215
0.217337
-1.3972
0.0114611
-0.0793069
0.816624
-16.9262
-0.843961
2.38184
-0.0351541
-1.33108
0.264607
-4.17398
-0.128098
3.81793
-0.891435
-2.47316
2.17315
2.21662
-0.705362
11.5719
12.1121
0.028414
-2.21403
-0.219386
1.50378
0.86779
-0.517581
-3.33414
2.77886
1.0217
1.91124
-2.21313
0.332372
2.11734
2.92802
0.929383
2.6286
-0.474894
13.7665
1.21255
-4.67136
3.41771
0.155313
0.505519
-1.88292
1.59235
0.4579
-0.779733
20.7002
1.30484
-0.860294
1.04384
-0.9548
-1.69352
0.0877369
1.29856
-1.08559
-1.83906
-6.54565
-0.0626625
28.2357
-2.11356
0.0442448
0.413516
-0.938006
-1.45922
-1.89593
0.217335
-0.744002
0.386088
0.965552
-2.03216
0.561656
0.231257
0.270666
-2.44138
-1.21977
-1.46745
-0.598962
0.194223
-2.32433
0.92293
3.20514
-0.0730215
1.15935
0.620193
1.68701
-9.75549
1.0546
0.746127
-3.00184
-4.49118
-0.351668
-0.57073
-0.206429
0.90389
1.81497
3.14389
-0.213464
-0.192157
-90.6753
-0.444938
0.13515
-0.141989
0.871199
-0.0466496
-4.99244
0.950301
-1.47945
-4.30897
0.890344
0.563892
7.3028
0.394696
-0.120516
-5.10543
11.1296
1.01818
0.296773
0.766421
-31.394
-1.67164
2.70947
35.4638
0.848315
-2.9549
0.873743
-5.77941
-0.801976
-3.04429
-4.84482
0.43571
-0.115503
-0.149359
-0.326773
-3.93688
0.594657
0.636694
-1.28516
-0.835743
-0.535288
0.775316
0.756234
-8.58384
3.73399
-0.292612
3.80811
0.397774
0.169887
-0.373163
-10.7397
-0.600578
-0.0733015
-1.52417
-3.1136
-1.13845
-17.8706
-0.210185
-0.048053
-1.99619
2.65697
3.69389
-1.83453
0.287621
-0.731348
-28.01
0.206216
215.049
2.35357
-0.576391
3.2049
0.922742
4.18745
0.184918
2.05318
-0.459089
-0.332607
-0.995937
-0.886597
3.34616
44.7722
1.28073
0.845855
-2.50991
0.279845
8.70518
3.35678
-0.746267
-0.559686
-0.445123
-1.30897
16.0772
-2.42644
2.27146
3.20527
-1.04374
1.67355
-2.55009
-54.3021
-0.502339
-2.99384
0.597938
-0.209007
0.958261
-0.323241
0.676758
-0.365428
0.550661
0.0736164
1.83807
-4.41681
-1.12814
-0.610638
-0.0362726
-1.85962
-2.58483
0.742273
-2.72158
0.255058
-3.37121
3.78037
0.808374
-0.538832
-0.224822
0.608312
-46.397
0.264023
-0.939291
-0.436068
-4.11047
-1.08083
1.40735
-0.56554
-0.359197
-1.11241
0.431275
0.909369
0.245761
0.197716
6.38653
0.315093
-4.41038
-1.5132
1.44803
-1.24377
0.166447
-3.4477
0.170054
-28.7513
-0.274919
0.167282
10.058
1.66773
0.602697
2.77382
2.15837
0.124747
1.38743
-0.740829
-1.01545
-0.66375
-0.623637
-0.0355856
0.886664
8.52175
0.25328
0.170961
-1.2045
0.709803
-0.923655
0.805309
-0.0118264
-1.4084
3.67944
0.931295
0.205136
-0.755719
5.88416
1.11266
0.297175
-0.703386
0.467618
16.2656
18.6229
-1.78449
-0.805513
-2.96348
1.19332
-0.498545
1.27699
-0.29648
3.17991
16.4397
24.9296
-1.34379
-1.10608
-0.325276
-1.91664
-2.51363
-0.683471
-1.57691
3.42151
2.70837
0.34854
3.64167
0.29499
-0.809889
-0.386345
1.13958
-13.6768
8.82042
-0.446272
0.608679
-0.512274
0.885097
-0.516123
1.00441
1.6426
-0.837626
0.0975795
1.50135
17.8744
0.636551
-2.90569
-1.06702
-4.54529
2.56019
8.42962
-3.02533
1.32598
0.897479
1.69966
0.174723
0.899036
-18.5681
-19.5239
1.00669
9.2449
-1.55881
1.28513
-0.634172
-2.01426
2.2861
-0.527354
-3.58861
0.841511
1.94359
-3.89819
-0.350633
-6.41046
0.390889
-2.68086
-0.847066
-8.68367
-2.09624
7.00351
3.31943
-0.994636
-1.00314
1.10027
9.63366
-0.328243
1.74743
0.889142
-8.10666
-0.638929
0.91983
1.70786
-1.96061
-1.16237
-1.45067
-3.28445
-1.06533
-0.168076
1.3539
-19.0897
2.33129
-0.400364
-0.0600824
1.76972
0.388961
-0.659388
-1.38414
-19.3576
-0.0181309
-1.69944
0.522194
1.03434
3.72522
-0.517524
1.16004
-1.82424
-2.01343
-9.28291
-7.53286
0.100353
-3.38322
-0.62664
0.968278
-6.45011
0.674188
1.4401
-0.877857
10.1659
2.6209
0.773283
0.992601
2.78111
-3.15052
-1.25959
-0.951772
7.16517
9.9247
0.34718
-59.5042
-1.88229
-0.000152588
1.85745
-1.4734
5.72811
-0.908994
-0.370632
0.0121664
0.399022
-1.01719
-0.321574
0.446195
0.280099
1.72914
0.148492
1.12312
0.488358
-0.283054
0.233713
0.260206
-0.0746381
-0.441155
-0.338346
1.30725
1.62003
2.08769
-1.04975
-2.12271
0.674593
1.38091
-0.214074
-4.91487
2.33182
0.483488
-1.35979
1.71049
10.4682
0.876267
-0.638086
-0.955724
0.687331
4.83037
1.43978
-1193.73
-7.95597
-0.0371631
-0.271898
-2.78849
-1.12539
1.55087
-0.915881
0.811519
0.13108
0.151534
1.37214
-0.761752
0.586576
-0.190862
-0.159182
0.848212
0.412818
0.393258
0.34569
0.540058
92.8847
1.16665
-0.880561
-0.106342
-2.97251
-0.489175
-0.447677
-2.22308
3.55096
5.03251
0.487193
-5.51962
-0.0884667
1.96303
1.49131
1.20114
-0.785539
-0.0385262
-1.45045
-2.20757
2.29147
-0.855241
-0.590764
11.6731
-1.11006
-0.29914
0.505646
-39.8211
-0.662962
4.24313
3.27677
0.420159
126.334
0.240645
3.23444
-1.35326
-1.268
0.858904
128.659
-0.413998
0.231412
-0.177438
-0.399579
0.379144
-1.0115
1.13522
-0.659016
-1.24982
7.86079
-0.42978
-1.35918
1.37482
-0.698389
3.84308
4.91925
1.44914
0.222631
0.230396
-0.520261
0.401767
-3.6147
0.316775
0.422659
1.0333
-1.56784
-7.96036
0.0202414
-0.0170074
-0.102464
93.0511
0.138344
0.14473
-0.834797
3.2155
-7.18964
0.807961
0.182385
0.594068
1.45378
0.282485
-0.236621
0.780113
2.64691
-8.90768
0.508765
-1.68444
0.533857
1.0608
0.254478
2.25153
0.395976
0.0415478
-4.93009
1.2276
-30.7691
-1.03196
12.4577
-2.96783
-0.0256864
13.8519
111.214
0.761664
-0.194909
-4.66322
-0.514315
-1.17825
-1.04469
4.16734
-1.99109
-3.88087
-0.0595836
0.686977
1.84291
0.416138
-5.81818
0.308639
3.14455
-2.71597
-0.706183
-0.531598
5.1803
-2.57219
42.6973
-3.06961
-0.432222
-0.60994
0.163506
-0.861429
-0.836411
-0.258392
0.0585706
-27.5209
-0.0298087
-0.44422
-3.16775
-4.14495
-14.4971
-0.457086
0.554641
0.276183
1.0626
-1.43409
-1.35031
-0.253116
1.91402
-0.582422
-0.080403
4.87606
9.43638
0.211248
-0.779489
-8.07955
-0.513815
0.794429
-0.592088
2.51886
0.103769
0.798311
-1.37619
0.469975
2.60049
-0.801049
-0.0882419
5.58814
0.956942
1.49643
-0.239839
0.391224
-0.031773
-0.596373
-3.73586
-8.32046
-1.01001
-0.142762
-0.790699
1.7353
0.496154
-13.9471
2.00126
0.750179
1.31794
0.793935
0.206172
0.0623676
-3.20107
-1.65502
0.902951
-0.00062051
-3.73175
0.149812
-0.207188
-0.018948
8.44163
0.800111
-1.31116
-4.4162
-1.99457
-0.551136
8.02729
-1.44986
0.997542
0.208083
3.90105
1.32168
-0.291211
-1.79141
0.450299
1.36244
0.563573
-0.368764
-3.72498
-0.185644
10.2856
26.36
0.794113
0.934026
5.83884
0.368185
-0.163426
-0.763263
-0.506617
0.0862841
-1.15615
-1.89064
0.443507
0.565869
-6.11304
-0.625953
-2.24135
0.354807
0.512743
0.347549
-0.852505
0.98961
-1.04557
0.613919
-0.01535
-3.11487
-0.925804
-1.12316
1.04282
1.25701
1.03853
-0.0505721
1.00146
-1.05003
-1.75565
1.80396
-0.526724
-2.77224
1.15646
-0.89918
-0.151617
14.8801
2.56173
-25.5278
0.275394
-0.329869
-5.12438
0.496166
0.143611
-0.626328
-0.942103
-1.43907
0.0347668
11.58
-0.613474
3.60623
-0.243617
-1.50469
-1.2766
3.69699
-20.8556
-4.61776
3.64224
-3.43419
0.137535
-1.48117
0.134446
3.01483
6.96887
11.0086
18.6174
0.202978
-0.071973
2.66799
1.10232
0.0515333
1.27075
-20.5096
-7.94749
-2.61193
12.0356
0.622675
-0.298248
-0.5218
-1.53397
-0.551215
0.684396
-1.28571
0.687731
-1.79979
1.85197
3.37264
-2.5581
-7.77538
-3.8622
1.13547
1.70781
-2.66976
-1.97895
0.0542751
-0.0267001
2.70762
-0.951032
-0.429905
2.28118
-0.133056
3.72027
-0.99707
-0.969394
-2.78573
-0.674003
0.91959
-12.1769
0.298528
-1.01242
-0.320729
-0.201109
5.65138
0.617343
1.03497
11.7559
-0.862569
0.0276836
0.0992283
-0.886264
0.282778
0.0934108
1.6592
0.133886
2.18756
0.25372
-1.07225
3.17085
371.938
0.393608
-0.732059
126.83
-1.25271
0.109713
-3.31757
2.85338
0.292822
-0.983527
10.3463
0.147224
0.744529
1.13955
1.86039
1.22872
-0.946014
-0.0338978
-1.27731
-0.259542
-28.6333
0.385401
6.74611
0.70075
-0.21424
1.67088
-2.71713
2.25037
-2.93876
-0.0974138
1.40754
1.98389
2.01914
2.38359
-1.21347
4.82632
0.311556
-0.475109
-0.113209
-0.292221
0.498071
0.271154
9.44763
1.19374
-2.1381
0.959687
2.14522
2.46319
3.72446
1.27153
0.529793
0.519962
1.92723
-4.6504
-0.510285
0.829359
0.173227
0.425337
23.6684
0.0582787
2.10287
-0.407674
-1.05738
0.081627
-0.926413
0.205765
0.198481
-0.26491
-3.13743
4.01434
0.534359
-0.729071
2.12343
-0.266389
0.0468961
-0.0885495
-4.92363
-0.809916
-1.12288
-2.65248
2.85011
1.05371
-0.0589927
-0.141213
-27.8423
-4.00235
0.538636
-0.279548
-1.00875
0.808232
-0.00557658
-0.18938
-0.676113
1.33543
1.38293
1.13283
-5.63914
4.74619
-4.13966
-34.2097
4.31612
0.703151
-0.974474
2.93778
-0.114053
-5.37244
0.689506
5.39676
180.058
-5.07719
0.121217
-7.69829
-3.6802
0.749194
-0.896568
-1.91487
-0.82843
-0.353945
3.32152
1.32241
1.79443
-0.604233
1.11669
7.37848
2.72707
-0.726449
0.789969
0.0975375
0.938061
2.7241
-7.18029
-0.131442
-1.54295
-2.87569
0.464262
-0.021904
1.048
0.242915
-1.1169
-5.00267
3.53466
-2.07138
0.885376
0.288165
-0.776315
-2.03481
0.321091
0.704904
1.34206
2.24417
-1.99599
0.400162
-9.47328
0.759079
0.27041
-0.426556
0.381066
1.65178
1.29
0.439508
-6.93344
12.2674
11.4554
-1.00306
0.189916
-0.152989
0.241719
0.136559
0.555629
-2.59127
0.340678
-1.23087
-3.43527
-0.145521
-20.5525
-2.22605
0.269495
-0.264004
2.05702
-0.224753
3.47476
-0.166071
7.02266
0.97261
5.18241
5.29341
-1.25104
-39.7714
0.965623
-3.66942
2.17948
2.11767
-0.388045
-0.457761
0.853413
-0.504747
0.243377
0.635597
2.89771
3.77652
-0.238376
35.7434
1.37535
-1.53968
1.13841
2.71676
-3.58342
-0.436628
-3.3048
1.2925
8.02155
0.229057
-7.06096
0.0714665
0.0728643
-9.36854
0.781281
-9.02902
-0.249422
0.720551
0.511891
-3.04224
-6.07615
-0.407767
-1.51734
1.84677
-2.31077
-1.83564
-0.61566
-4.58566
-1.01657
-1.0492
-0.0510596
0.00868737
1.71776
11.2894
0.187886
-7.8412
0.677099
271.624
-1.66184
-3.76672
-3.66602
-0.427576
0.248526
0.552403
-0.521133
2.18403
2.11409
-0.946165
0.705184
0.817784
-25.8448
3.03509
2.39692
-0.151526
-1.73811
1.47657
-7.34428
0.441553
0.973522
1.15855
7.89949
-0.712684
-0.131813
0.155736
6.00185
0.345946
0.377463
0.255803
0.0676977
-0.944217
11.3129
1.31453
-0.632985
11.8573
1.05036
0.893997
-0.0399517
-1.50254
-1.35234
0.943605
0.67962
-1.80954
-0.959072
-0.696342
-1.48685
0.0374257
-0.139065
-0.775434
2.34018
0.434077
-0.23283
-0.875768
8.51336
0.0599035
-0.673251
11.0857
0.143221
1.92869
0.360713
-1.01777
-0.0970443
-0.995864
-0.283301
0.908742
-0.685673
11.4886
0.463172
-0.277011
-0.25009
-1.71194
-0.0973985
-0.603604
2.51219
1.0943
-0.820236
3.16107
12.2008
0.0353772
0.51947
5.01347
0.191148
-0.196515
4.04783
0.617683
1.49937
-0.0305405
0.494504
0.569301
1.48184
2.29281
-0.114285
-0.0231343
-1.57201
-3.19499
0.16048
-1.58238
1.71328
0.575233
-9.83404
-4.16156
-0.0474881
-0.369585
0.145306
0.704018
-0.262255
-1.57758
-0.159469
-3.41035
5.85089
0.418458
1.0794
-4.6871
-8.28301
-0.0235058
0.320822
5.73846
1.3611
0.365322
-1.87988
-0.167416
-5.34352
2.28633
1.92455
0.949364
11.6177
3.85858
-0.508958
0.024127
-0.452298
-392.072
-0.00899517
-6.79803
2.74856
0.381404
-0.403168
0.857813
-1.24082
0.65685
2.1059
-0.68139
-39.9161
-0.906999
-7.526
0.640777
-2.37722
-0.725532
-578.275
8.37456
-2.28844
1.05748
-1.20921
0.657093
1.2548
0.448106
-0.106435
-0.743979
-3.98283
0.462723
1.87506
-0.436021
0.285152
-1.26108
-0.562332
-0.862099
-0.566475
-1.76018
0.0452082
-2.27117
-1.20787
-0.532802
2.57281
-0.420152
0.118915
-0.312266
0.93867
0.029817
3.31531
0.169525
0.968172
0.0253861
-1.17847
-6.82238
0.520079
0.620232
-0.201837
-6.53274
-2.72832
2.2696
-1.17746
0.276659
0.730777
-0.514544
2.18426
-1.69978
0.438453
-0.506417
-1.27005
1.35419
-0.710276
-0.515329
3.58139
0.371631
18.73
5.98702
0.0370445
-1.11236
0.896619
-6.08782
0.155125
-0.19227
4.7876
-2.73897
-5.82314
0.516973
0.306922
1.32577
2.51865
0.136662
-0.0327651
0.955809
0.15214
6.15184
-1.50217
-2.0942
0.569738
-0.343749
-0.786047
5.25123
-0.430895
-1.19789
0.918035
0.615493
-17.0489
-0.3604
1.42904
-1.89325
-0.111724
-2.16832
-4.97302
0.450031
0.339393
-2.02188
-3.20174
1.23294
0.370627
0.799885
0.18347
-0.385355
0.304332
-0.00997517
1.564
0.262757
1.98443
-14.2662
0.0866444
-1.08896
14.9342
1.41795
-2.63479
0.227728
-0.0108846
-2.11183
5.20247
0.648136
-0.266164
0.0283357
0.111643
-0.647812
-0.810031
21.8687
-0.411402
-0.0910893
1.02652
0.198173
0.484359
0.445077
-0.186072
-0.714416
0.376212
-0.263821
0.213155
0.245958
-1.31275
1.98026
-1.50159
-0.767955
0.575838
-2.95115
0.541476
-2.39124
4.10784
1.63869
-4.94775
2.67428
-0.659528
2.33167
-0.846819
0.651161
0.110802
1.65682
1.80842
0.960428
-0.99986
0.886208
-13.0083
-1.64831
2.12986
-0.426783
-0.991217
-0.162518
0.935252
3.8794
3.15573
-11.0311
1.34939
2.70411
1.23477
-0.594565
-0.244639
2.98591
0.942183
-18.367
0.493754
3.15124
2.32585
0.365152
-0.605183
0.287613
-0.364019
2.81752
-0.974562
-1.89017
-0.142627
-0.286904
-0.213805
0.384257
-0.136169
-1.89997
-0.28913
0.677877
0.444097
-0.936029
-0.747075
-2.37689
-2.10366
3.46123
0.664518
0.303203
-0.704914
0.0477237
-5.97717
0.533279
0.869762
2.54252
-0.0572623
0.214247
-1.69765
-5.03636
5.62166
-1.26474
0.843956
-1.32852
-0.289303
22.3752
-1.31347
-0.860666
10.4764
-0.157686
-1.03599
0.52182
-0.433636
0.0837951
1.93328
-3.17677
0.605045
-0.236467
-0.767515
-0.878746
0.413516
1.14442
-0.169101
0.242009
-1.42393
-14.6548
1.6268
-0.422773
-4.58425
-0.0450895
-0.419384
3.62784
0.830661
0.252109
-1.53275
-4.3836
-0.169288
-0.0238742
-4.76116
-0.0660964
-1.11516
1.08811
-0.611814
-0.849683
1.21967
-1.2259
0.770466
1.55327
-4.34927
-7.60041
0.224058
-0.864723
-0.0708451
-3.82832
2.29783
5.52708
-1.1173
-0.131383
-2.14601
0.352745
0.597774
4.94202
-0.480833
0.640629
0.103837
0.613202
0.273549
-10.5806
-0.941543
0.931199
2.2979
4.48818
1.94882
-0.324172
-0.19191
1.07741
0.907778
0.0807686
0.13968
-3.02052
-0.202146
-0.0610307
2.03647
-0.89576
-0.0959898
0.471357
-0.114322
4.94601
-7.79058
18.0941
1.87197
-5.28981
-0.319856
3.43126
-0.557936
-1.42588
8.14496
0.305561
1.70375
2.61797
-1.3524
-1.23342
-2.22204
0.00822929
0.08473
0.411591
0.495382
2.07551
9.70322
0.170609
-1.00555
1.76056
0.118545
0.923657
1.92765
1.40914
-1.38623
-1.00654
7.28343
1.07725
-2.15624
-0.326739
-0.725155
-1.90904
-0.151778
0.281801
-0.528496
0.519092
-0.631819
0.935828
-0.668178
-0.677291
-0.462082
0.0549584
0.748845
0.251802
1.2037
-1.09649
-0.722991
-0.390378
38.3413
0.138655
-0.24591
0.236763
-1.35737
-0.966107
6.36027
0.29629
-0.241286
-0.975262
1.95519
-0.581097
-1.09504
-6.33123
-2.13246
0.192273
-0.458564
-1.31936
-0.848995
-1.07264
-0.542998
-0.776177
0.0307918
3.91299
-2.85903
-2.27261
-1.12902
3.19024
0.150906
0.694153
-0.0215749
-0.023413
0.96079
0.174964
0.300794
-4.53323
0.690247
0.498546
1.93554
-0.294697
0.425535
-7.68089
0.703812
3.45725
-1.55388
-5.12962
-0.688524
-1.57729
-0.695366
-0.704367
0.111003
-0.659352
-0.00952562
4.20339
1.46443
1.06562
3.51536
-0.366897
-0.0263704
1.07617
0.840996
-1.00553
6.19082
-2.07033
1.03342
-11.77
0.065219
2.31901
-1.11602
-1.67798
1.442
6.20157
-0.518478
-1.77904
0.769491
0.215927
-0.673364
-2.79098
-4.32662
1.60065
-0.340048
-0.510116
-0.920562
-1.62049
14.7032
1.45455
0.094133
-0.930981
-0.149346
0.0576239
0.150626
-0.0816047
0.203246
-3.60591
-0.361899
0.916562
1.97753
-1.1778
0.32314
66.2178
0.657653
9.64457
0.634712
0.398642
-0.787814
-3.14923
0.802801
-0.100477
-1.51411
0.665465
21.3896
0.274297
-17.8292
1.00784
-1.99535
-0.370399
-0.627796
1.57819
-1.81072
0.450307
14.9655
2.14249
0.889199
-1.25912
-17.1838
-0.10821
-0.498695
11.5237
-0.442964
0.205366
-0.575225
0.5881
-0.416696
-6.31102
0.418369
-0.790201
-1.38936
0.482054
-0.21175
10.2599
0.929097
2.49545
1.49923
4.17436
-1.46097
-0.974716
1.62045
0.6302
0.631152
-5.08929
1.46429
0.76949
6.81226
-1.43149
-0.080685
-2.06971
5.03524
2.6067
-0.072787
2.95616
2.93351
1.69731
3.30856
-2.16606
-5.37015
-5.23955
0.122358
6.8826
0.106429
5.19669
-3.24122
0.138837
1.50704
0.498029
-0.247551
-0.242317
5.57206
0.81066
2.08206
-0.250842
0.956239
0.345448
2.15728
-1.24675
11.9898
-1.35764
10.3443
2.37337
-1.46105
-1.12165
-1.04451
-2.23379
0.152153
-0.924291
1.70697
0.14697
-6.08212
1.1462
-1.5132
-0.318098
2.45387
-2.29757
-0.323335
0.0774417
-2.86312
0.407839
0.443931
-0.980279
0.809087
-0.874034
-0.651727
0.573221
-0.665958
0.0341718
2.00716
0.0572584
7.37621
-4.14141
0.584796
-1.07706
0.640228
11.004
-1.5736
-0.590771
0.993631
0.111011
0.684956
2.88407
-0.0231247
-0.469749
-5.16124
1.08802
-2.0555
0.521043
1.46144
0.568776
0.00864926
-0.300552
-14.7815
-0.600007
1.30244
2.22902
4.2445
1.01891
0.054863
-3.409
0.148582
1.28993
0.356998
-1.04539
0.387942
-0.335766
-0.968934
-0.687059
0.0947263
1.18474
0.14697
0.385308
8.60509
-6.06129
1.07733
-0.236032
5.68041
-6.86166
0.190778
-1.82738
-1.72
0.0697617
1.4693
-0.415871
0.713787
-1.76795
0.938142
-1.47022
1.52616
-6.30756e-05
0.62865
-0.178317
-1.12771
0.438664
-1.85133
-1.08513
0.423636
-1.00714
0.0434473
-0.384261
-0.418892
-1.06613
-0.158624
0.0394655
4.39846
2.1285
-6.43594
1.1897
-1.60437
0.327942
-0.305388
-4.06536
0.605601
0.565424
2.95915
48.1018
-9.84144
-0.246756
2.94924
21.2653
1.81722
6.23851
1.67755
-1.07781
-1.23134
-2.16348
-0.453695
0.686681
-0.837401
-1.64268
0.0714989
-0.11785
-1.21867
15.3022
1.29122
2.69513
0.593475
-0.79558
-4.66642
10.3131
0.486002
0.112141
0.130827
1.32788
-1.66309
0.67144
-1.18753
0.493838
-0.496069
-1.84258
2.03652
0.898391
0.000929074
0.694018
2.39956
1.03693
0.182898
-0.292419
1.46284
-0.0858783
1.07948
-3.37785
-0.264972
-2.0746
-6.69397
9.32793
0.336075
0.236609
-1.90874
0.54739
3.67972
0.330659
-0.103821
-4.25735
0.738345
-0.0403036
1.33381
-4.44407
1.16124
8.04792
0.314989
1.01367
37.6302
0.895177
-0.18704
1.09966
-0.300273
-1.42523
10.2822
0.0287271
-0.169211
5.49961
0.200085
1.80859
3.46652
0.189601
1.63208
-0.759001
-8.65322
9.52075
-0.341856
12.6655
-3.38925
-0.411531
-0.279062
2.08456
0.216767
0.220978
4.34595
1.64803
-0.370225
0.509922
4.06606
0.161353
-51.5133
0.173903
0.117451
-2.92756
-1.73408
-1.14821
10.3891
2.18532
-0.197381
-0.485638
9.80887
2.36759
0.701554
0.342617
-0.0888445
1.23688
-0.822927
-0.772551
0.815103
-0.905579
0.508442
3.30822
-31.4357
-1.37276
0.337787
1.23306
0.0597495
131.017
-0.0528103
2.09697
-0.772075
-1.43093
-0.031832
2.63141
0.209717
0.292744
-2.00021
1.59014
-1.17819
-2.78822
-0.971916
-0.364009
-0.262437
-0.79417
0.974662
-1.90196
-0.766386
1.29269
-14.1023
1.06481
-3.45737
-6.66869
0.0384116
-0.752837
-0.423675
-0.83783
0.626135
3.88116
0.836267
7.23018
-1.46292
-21.1315
53.9698
0.469138
0.0504393
0.943761
-0.11105
0.486985
-0.473569
-0.690424
-2.94897
-0.365212
-5.63178
1.38406
0.710631
-1.92637
0.0763076
-0.739666
2.23644
-1.40997
-0.249206
0.384105
0.162366
1.71017
4.07885
-0.143442
0.94952
-0.877346
-0.153374
-1.66671
2.38528
0.0973795
2.37327
-1.39768
-1.80745
2.60783
-0.973033
-3.68441
-1.61187
-0.309785
-1.13364
0.832158
-0.140905
-3.79606
-0.545102
-1.13261
5.89364
-1.54927
-4.26344
0.264179
-0.307195
0.344451
0.378108
-6.02651
0.863503
0.780294
-5.56487
-1.35101
0.910865
-0.163618
