-1.18769
4.02443
-98.104
-0.852109
0.885773
-2.02099
0.0945516
38.8783
-0.0592084
0.431741
-9.19101
0.545876
-12.321
-11.9454
-0.964753
-1.03498
-0.324812
0.225108
2.32678
-1.59442
-0.495526
151.002
1.02728
13.8869
1.85253
8.88381
0.0243788
9.64772
1.25427
-6.05415
-2.63627
-11.7364
0.0273069
-0.918645
-2.27675
0.148794
-0.862113
1.13394
-2.30419
1.33572
0.168397
0.193435
2.12913
-0.241801
-3.9836
1.03432
0.0250593
-0.328211
-1.13283
-0.767354
0.0670877
1.36754
-0.04547
-2.59096
-0.452474
1.8935
-0.17307
0.138638
-0.862349
2.88632
-1.17096
17.9545
-1.20431
-0.854349
1.06277
0.153183
1.83562
-1.00104
-0.34373
0.391816
-22.0471
-0.445793
0.421615
1.95352
3.1006
-0.191874
0.112223
0.998574
-3.98901
-1.55684
28.2097
0.105756
0.68016
-0.54136
-0.381148
-0.63222
-0.59307
0.61691
-0.717236
-0.526517
1.54735
1.48986
0.485158
-6.42304
0.341791
-2.03848
1.69859
-2.55335
-0.488254
1.13502
-0.164021
-0.544932
0.476319
3.23163
0.658189
-1.61209
-0.567942
5.68872
-0.87127
3.33595
-2.40606
6.54992
27.4098
-1.22749
27.2815
-1.00792
-0.0910299
3.23745
-0.145311
-0.693534
0.463581
-0.429174
0.947951
0.92498
0.107162
-0.224634
1.26294
-0.600941
1.05443
0.151914
-3.24011
-0.443912
15.2637
2.75538
-1.97582
-4.31487
0.448417
-0.836548
1.52026
-19.1527
-2.69748
2.96228
0.539308
0.453827
-2.7869
-0.39779
-1.25867
-0.982438
-0.286847
-1.25004
-53.2811
1.37227
-2.54363
0.673382
-0.425315
-0.16066
-2.37686
0.0398732
0.806332
2.12342
-2.58453
0.743619
10.789
-0.575054
-215.433
0.512842
0.0188048
-3.13705
-287.048
0.399849
1.54854
-2.55318
-1.67009
0.196866
-0.924643
0.0445354
-0.869855
1.55477
3.1746
1.16039
-4.53378
6.69338
1.24717
-1.67985
1.65327
-0.0455335
-1.64144
-0.875781
0.40382
-5.31612
-0.644124
-0.448286
-4.19276
-5.9324
-0.545051
-5.73697
28.9516
-0.900713
0.563994
-2.35507
0.458638
0.545666
-2.78142
0.611236
-0.26037
-0.0191122
-0.986009
-0.483807
-0.0120871
0.730664
-0.258829
0.369395
0.416996
3.58047
0.480332
11.5005
-0.942541
0.664886
-0.237723
0.545976
0.0246887
-6.26323
1.49736
-3.85955
28.5619
-1.56565
-0.572073
-1.7867
-10.8923
-0.810885
-0.400343
50.5807
0.616827
-1.24755
-0.16038
-0.289865
-0.256646
-37.7831
-0.762815
0.51992
-2.91547
-1.7644
-1.40684
1.65746
-0.533031
0.12835
-2.58968
0.771784
5.78714
-0.394037
4.88024
0.0351412
-1.57747
2.8435
0.761552
1.77218
1.43321
1.11162
-7.16722
0.919715
12.2086
1.24758
14.3194
0.890017
-0.082443
2.79827
-0.728169
0.0555981
0.284579
-3.19502
-1.0196
0.736213
1.33472
6.4802
-3.13016
4.81394
0.403634
-0.901598
0.440182
2.67254
-4.02415
0.880232
2.65001
-35.616
0.559988
0.327346
-293.419
-2.96369
-0.843444
-0.0694185
-0.145724
-1.76139
0.972324
0.604547
-0.245215
-1.33574
6.02246
2.13847
-0.547262
0.141687
3.61006
-0.918256
-5.48814
0.100538
-0.41815
2.27492
1.94399
-4.19628
-1.20219
-2.68548
2.81565
-2.31637
0.303436
-0.31028
0.637441
-3.23276
-1.10138
0.497055
-0.304348
-0.0145205
0.0323245
3.51686
-0.752968
-0.544454
-0.783632
0.245134
-0.108644
-0.620015
3.70514
-0.551622
-0.824503
2.01772
6.06365
-0.539352
-0.0473149
-0.796208
-0.521505
-0.0658638
-4.88649
-2.55112
-3.39098
-3.6033
0.802583
-0.138048
1.90021
0.787054
1.85188
-0.541867
-2.60453
-18.1389
-0.15657
-1.13399
-0.968989
-0.921796
-0.0260162
-1.279
0.49877
-1.15449
0.718266
-1.23024
-0.42588
-0.978432
2.12385
-0.034201
-0.402393
0.759516
-2.56816
0.262957
-7.63022
0.184339
-0.0935412
-1.37462
-2.04905
-0.648028
-2.07855
1.18941
8.94454
-0.15835
0.808768
-1.10011
-0.00426801
-0.37288
-0.140897
-1.33271
0.0731467
0.795489
-1.56721
0.701533
1.42669
-0.909965
-1.22922
0.186506
-1.07177
-3.2829
1.23104
0.10584
0.531009
-0.645763
0.487699
-0.98143
7.55133
-0.653337
-2.75418
0.328463
1.13781
-1.98486
0.246985
0.720614
0.319897
-0.101992
0.0628751
3.04824
-0.358898
9.53175
-2.216
0.125462
-31.9931
1.04512
1.63675
-23.6847
0.575449
0.318155
1.37503
-3.24324
-1.15048
2.33069
1.68665
-2.60401
-1.16778
-0.380953
-1.76607
-0.831981
-3.13981
5.31746
1.21186
0.350481
0.114449
0.945497
-1.33829
1.09803
0.947097
-0.945289
0.397755
-1.32387
0.620568
-6.18454
1.32175
-1.17047
-0.257919
-1.58193
-1.34165
1.66018
-6.5533
-0.995104
-1.05863
-0.0231049
0.155135
-0.429638
1.80083
-0.211393
-2.87204
-4.19513
0.158746
-2.0081
0.867104
0.0784983
0.57635
3.8084
0.729104
-19.1933
-9.43236
1.00174
7.34009
-0.762236
-0.207635
-4.03884
0.328108
-24.3516
-1.62179
-3.83529
0.475875
-0.076617
-2.45311
1.7483
0.79596
12.6563
0.292814
0.202194
-4.1766
-2.38918
0.584462
1.13397
-0.713812
-0.317017
-0.618425
1.07386
0.698656
-0.807249
0.0717142
0.0637073
-0.188501
-2.10351
-4.29416
0.84828
0.214002
-4.60255
0.198076
0.193542
0.310285
2.38457
0.290992
-2.77324
-0.0348161
140.986
-0.0900761
2.90342
-0.948209
1.08805
0.852914
-1.3705
-1.66658
1.29045
-0.443604
0.291162
-282.965
0.706141
-0.503929
1.09292
0.354216
1.22913
-4.92818
1.26169
-1.01751
0.714531
2.62447
-0.935767
-1.3163
1.8278
-1.71384
-23.6395
-0.983721
3.55013
0.344099
0.49635
0.659929
0.0528377
-0.102866
0.0134533
2.17762
-11.3782
1.19009
0.911503
0.134423
-0.250125
-0.992891
33.5245
-0.959465
-0.662406
4.05702
-1.93358
1.6513
-1.72414
5.58657
-0.552985
0.481943
-0.62182
-0.896099
-0.239032
1.65779
0.219145
-0.370063
26.6076
-3.59116
0.464718
-0.183497
0.681971
1.83189
-0.852708
11.181
-4.28707
-0.687863
0.501648
0.000938729
1.00584
0.356226
11.2513
11.345
3.35584
2.17521
2.02805
-6.92573
0.44462
0.69318
0.275253
-0.566868
26.1794
0.361737
1.64488
0.239348
-0.188946
-0.221986
7.4207
1.11353
1.02968
3.7324
1.38226
-0.625412
-0.579695
-0.684329
0.666762
-5.72664
-5.63253
0.274963
-0.0898269
9.68254
-70.7156
5.1718
1.80359
0.542502
-4.88127
2.86671
-0.549322
-1.18337
-1.2989
-2.92128
-1.57831
-1.32658
-1.27766
-0.873165
0.281542
0.409854
-2.08743
0.549958
0.56554
3.6174
-1.15979
0.437174
0.760142
-1.99185
-1.21812
-5.27153
-3.2902
-1.43086
0.523836
-3.41374
-0.190502
-0.103208
-1.10979
-1.76745
2.26338
0.467728
0.480247
0.667711
0.136285
-0.241115
0.476133
-1.61089
2.50468
-1.29109
6.10249
-0.00460866
-1.35736
-0.854329
-7.10173
95.5131
-0.853641
3.58862
-0.520831
-4.92595
0.33796
-1.07718
-0.192849
-1.07082
-0.553148
0.0228975
-0.165347
-0.361925
-1.42191
-1.09432
1.62913
0.366998
-0.0932189
-1.37359
0.523785
-0.284464
-0.569906
0.743977
0.503646
0.727973
11.6759
-0.937448
-0.172975
-2.65289
-1.43405
0.224395
1.2596
-56.448
-0.12064
1.36318
5.45275
-0.541717
14.1519
-1.09573
-0.20538
96.3587
2.61496
0.921832
-0.169283
0.215379
-3.32254
-3.66205
0.0869103
0.343318
28.2403
0.350693
0.386619
-0.110146
3.61772
-0.100051
-47.7493
2.40231
-5.91273
-1.51851
1.90282
0.646274
0.0667266
1.27769
0.333034
-0.4186
0.843929
-0.335122
7.84586
0.922526
-0.641928
-0.373228
-5.28073
-0.487906
4.1
-0.854578
0.869869
4.07675
0.496156
1.35113
0.065898
6.17083
-0.678515
1.53489
1.79518
1.42016
1.14048
-10.9659
-1.3865
4.17115
1.89492
-3.5145
0.745702
-1.10429
1.02581
6.58677
1.56541
-0.799727
-0.474073
-0.703756
0.368227
1.0472
96.1962
1.56752
-0.0376336
6.4932
-0.027019
0.624245
0.636789
-0.378744
2.83871
0.390156
4.72705
0.13602
-1.06875
2.54823
-1.44167
6.27172
-7.36697
-0.524898
1.72553
-0.365716
-0.296109
1.58842
0.577172
0.361494
1.29125
-0.582399
-3.0337
-6.56678
2.28447
2.00583
2.01179
0.927444
0.88967
0.220112
0.231878
-11.8267
-0.780098
3.48966
1.85553
0.436642
1.40495
0.880129
0.315846
-0.919047
0.121147
-5.66269
3.3643
-2.01232
3.17178
-0.765012
4.25218
36.9322
0.286306
-0.181906
0.489305
-0.91414
0.180378
1.24969
11.6193
1.89706
5.07684
10.2681
-0.188718
1.09632
-0.257474
-1.10548
15.5691
1.62162
-3.3319
2.34539
0.993235
-2.53049
3.57508
4.67152
-0.874165
0.814547
-0.78028
0.706705
0.208394
0.30162
0.0775053
1.33356
4.78863
1.3271
-1.17945
-0.013015
-2.54056
1.33668
-0.375003
-1.48607
1.37378
-1.86989
-0.480685
3.79328
4.105
-3.39179
-0.333573
-0.849481
8.25282
2.12603
-928.345
-19.44
-2.29625
1.8193
-1.78176
-3.07949
0.589342
-1.04598
-0.242857
0.400527
-21.4558
-1.68778
-6.87385
0.242876
6.65122
-1.32836
1.07572
-1.31793
-1.42273
-0.61126
7.25147
4.3942
-1.46001
-4.74227
0.487874
0.890042
0.132727
-0.10606
2.16978
0.457971
11.753
4.69455
-1.18415
1.93983
-0.813125
-7.60977
-0.91192
-0.0652503
-35.0365
0.748081
0.476023
-0.0776622
-0.117246
4.05207
-0.275624
4.03001
-2.37007
-0.179081
-1.72989
-0.473631
-0.346829
-0.119255
2.34216
2.47247
-0.817554
18.4386
-2.03247
-1.41667
1.35238
0.168705
0.0843871
2.9944
-6.03788
2.95
-0.11627
0.746679
1.05131
0.682017
-0.908116
0.501923
-0.489849
0.206938
-63.1132
3.20382
0.451855
-6.44703
-0.455851
-0.714259
27.8423
-0.0740484
-5.85632
-3.20459
1.03322
0.145942
-0.555314
-5.30481
-1.06655
-0.407789
-0.511352
3.46247
-43.9975
-1.83541
-0.524522
1.88863
-0.666742
-0.841944
1.42807
1.83693
-0.145005
0.671387
-0.0841626
1.55558
-5.4849
2.2568
0.801024
-0.836173
-27.5979
-0.868482
-35.875
0.383872
0.0956913
0.850176
3.40161
0.845569
8.11327
13.5285
5.25501
-1.1693
1.55243
-4.32245
-1.44933
1.10623
11.1776
-0.864986
-3.27894
1.89831
1.01405
0.553561
1.12675
-0.95913
-0.819807
-0.90519
-0.866524
2.41547
1.56695
1.29186
-2.42553
-0.0233108
-1.09977
-0.732695
-3.70953
-0.815552
1.07165
2.10423
1.52369
-0.844458
0.985363
2.77183
-0.151044
-0.242107
2.67118
3.75821
0.10868
0.236726
0.049967
7.53933
-0.12579
1.67336
-8.96242
0.294414
-0.0157198
1.6109
0.0271174
-1.97265
-1.62271
-0.264004
1.24263
-0.303068
0.201659
0.193767
0.20147
-2.07874
-0.984101
1.14766
0.544043
-1.26858
42.8941
0.224337
-3.75834
0.899759
-0.322901
-10.6804
-0.208516
-0.581215
-0.484137
36.844
0.151357
-0.773859
-3.97766
2.71565
-0.800616
0.11106
-3.14523
0.64948
12.3731
-5.64338
0.0372412
-1.62842
-0.707981
-0.606948
0.25215
-2.3313
4.73414
-0.239782
-0.224547
0.173368
1.15865
-7.69546
-1.26415
1.44438
6.13397
-0.0949981
0.494584
1.15391
2.36142
2.84304
-0.246051
6.04462
5.82878
-0.264355
0.883642
-0.587974
0.394206
-0.89419
-0.519022
-3.36135
-0.595482
0.467514
-0.0144648
-0.846581
-12.2622
0.481484
2.22938
-1.56147
-0.143421
-1.68197
1.276
-0.292824
0.47513
-1.2228
-26.1635
-1.07012
5.30802
-2.30771
5.9497
0.760648
-1.57241
1.2993
-0.635186
-0.0911542
0.447628
-0.432402
-4.50773
0.326959
0.700073
0.371423
17.6894
-0.0648449
-51.4
3.70289
0.750542
0.629753
0.282697
0.394345
0.065543
0.138052
-519.019
-106.229
-14.5096
2.52877
1.43127
-0.338958
-0.771058
0.817558
-4.54592
3.44747
-28.5382
-0.395619
0.0121482
0.908019
2.85968
0.0665818
-0.211239
1.12632
1.73521
2.93389
1.04423
-3.77074
-4.36157
0.618234
-0.774606
-2.17704
-1.58923
-0.35628
3.26595
-1.37424
-0.904327
-3.84643
2.00254
-1.31596
-3.22443
-0.524493
-1.06706
-0.465045
1.03359
5.10729
3.05982
-1.31669
12.8171
-0.625474
-1.74379
-0.643372
-1.17236
-0.864148
0.222367
-1.7184
-3.1955
0.742061
0.912191
1.12179
0.460194
0.820087
1.07468
0.722079
-0.727181
-2.16174
0.499254
3.02587
-1.29257
-0.628034
-5.1274
-4.30986
0.77158
-0.786639
-0.177577
-1.13787
0.651989
3.46885
1.31623
2.05633
1.25262
-26.8621
-0.32774
0.103152
0.0592785
-3.75953
-2.22036
0.17129
0.980863
-1.27265
1.2439
2.99368
0.0931771
-1.96425
-1.23268
-0.664751
0.090323
-2.08516
-0.815271
-0.749945
0.706908
-0.180295
0.695565
1.0787
0.235694
-1.37652
-0.263024
0.238252
-6.00324
-1.3932
0.574652
-2.86595
0.993251
-0.382089
-0.0646067
-0.0787655
1.27329
2.57206
-0.93693
-1.03779
2.42034
-13.0107
-0.514806
-0.298517
0.0249622
-1.22946
-0.935786
0.866618
-0.000176964
0.303329
-0.400995
-4.80703
1.37947
0.194807
1.65085
-1.28118
-0.14864
3.43806
2.6625
-2.34359
-56.0545
2.40769
0.631795
2.34708
1.29584
1.02577
3.15011
130.063
-0.96883
1.11089
-0.571829
-1.42321
2.00598
-1.80642
-0.142625
-0.514505
-0.645285
0.23452
-0.573153
-0.115651
1.99886
-1.77661
-3.66145
4.9583
1.80629
-0.158747
0.230311
0.55036
-23.909
6.02014
2.13213
0.818307
-1.47207
0.125484
-1.55304
0.94651
-1.25912
0.774943
-1.21334
6.60309
0.151917
0.727253
-15.5156
-0.876177
2.21733
-78.601
-1.54014
-1.86392
-0.0264383
0.651475
1.51549
-1.20227
1.84771
0.126736
0.890896
-2.8672
-1.98137
-0.0158584
1.07797
0.269934
23.2216
-0.682731
8.8945
0.285898
-18.2749
-2.4088
-1.74959
-2.45999
-37.4576
2.2147
-1.94881
1.0679
26.8927
2.99429
0.412791
-0.728542
-1.78647
-1.00362
1.50932
1.67164
-4.99931
-1.00868
-1.66875
1.93396
-0.0402687
-2.03195
-4.23458
-2.65663
-0.718508
0.257227
0.0330184
-0.213176
1.3027
-0.467274
-2.60724
-0.738893
0.621406
1.15359
-4.59934
-5.12458
0.434592
-2.09104
-4.01375
-2.64815
-0.526623
-0.780537
1.00172
0.511287
4.88799
1.2967
-0.984798
-0.577501
0.641515
-0.151794
-21.9249
0.666322
0.696109
3.45262
131.567
-0.444382
0.22605
1.59827
-0.883191
3.42068
-0.384329
-0.487068
0.391507
-0.0817524
-2.62414
2.79716
-1.48714
-1.24323
0.288601
1.77123
-1.4732
-4.63153
1.03458
-0.116729
-0.609494
1.52577
-4.18775
0.00460528
0.140377
-81.3472
4.65477
4.14445
-10.5587
0.698695
1.71936
0.741939
-1.36985
-0.0463774
-55.5324
2.71483
-1.19121
-8.77666
-6.4661
0.086001
1.60609
0.122821
-0.652084
1.35882
0.694973
2.25925
-1.2592
-0.885462
5.63866
0.962288
-18.3444
-0.534536
-0.369472
-3.43013
-0.027558
-1.70533
0.0533196
0.302443
-2.21505
7.212
-1.44044
-1.6724
-2.10758
-2.54357
-10.4898
0.290921
12.9926
-1.67478
2.37664
2.07032
-0.787189
0.235598
1.43882
-0.285621
1.44181
1.12803
1.30145
-1.90912
-0.27254
0.0645812
0.895526
2.73104
-0.58484
1.60759
-0.27902
-0.632755
-0.987686
0.202412
-2.02573
-1.14419
-0.258456
-0.109885
0.357071
-2.80159
-0.990421
0.767133
0.594422
-16.2325
0.422896
-0.786538
-0.363267
-0.891396
0.0425763
9.73037
0.834831
5.46661
0.0468265
-0.0911377
2.40226
-2.92629
-0.362622
1.55969
-23.512
0.995955
0.201103
-3.74454
-1.86514
-0.781169
-0.912982
0.839384
-1.65443
-0.603343
-0.39914
2.91679
-2.79177
11.2841
-1.03133
0.00662023
-17.985
-2.18436
-2.69299
-0.256503
-308.651
4.45227
0.217441
0.00191482
-0.46486
0.598966
-1.01375
-1.66191
-3.68978
0.840647
-1.18652
-1.47226
-2.86867
-0.33286
-2.12083
0.627706
-2.65545
-1.24076
0.860482
-1.41233
0.48749
-0.515632
0.919372
-1.23018
1.79057
-2.47206
-5.53512
-1.60415
-0.289929
1.16597
1.32689
2.0146
-0.114761
-3.66886
-0.503739
1.34149
-0.847192
1.35062
-1.09083
-1.69389
-1.63006
0.495056
18.749
0.611047
-0.48793
7.06367
0.0953823
-0.64186
-4.93586
8.09396
-0.470631
-0.00505451
-1.49928
0.628628
1.88535
1.24879
0.572911
1.11328
-0.328321
3.88602
0.581603
-0.813124
-1.51213
0.769534
-0.781449
0.195246
-2.18683
0.90001
-0.843478
-1.06579
1.26179
-0.261795
-0.0456283
-0.149679
-0.470596
-0.0577949
1.83818
4.14112
21.3939
-0.927628
-1.13797
3.62032
0.600868
0.656492
0.229499
-2.02566
-0.0214528
-9.27893
-0.628688
-0.296789
0.990222
-0.245414
-0.367139
1.78408
0.412563
-1.45295
-1.41506
1.06588
-0.0242833
1.28592
0.695558
-0.569041
1.20903
-0.183273
2.96378
3.61599
-0.465745
3.14969
-0.289064
-1.23255
1.03103
1.79532
0.921343
0.83356
0.0642291
-0.173451
1.44578
-0.44109
-1.59981
1.16066
2.53075
-0.543453
-1.05304
-0.525631
-0.182627
0.770806
-10.4002
-0.614872
-0.415084
0.372092
0.854066
-0.146378
-5.38123
-100.682
-1.92627
-0.0898981
0.044355
-0.819888
0.145762
0.0501291
-0.0345924
-1.21577
-0.658002
-1.14824
3.68285
0.223422
-2.11067
28.292
-0.125817
2.81198
-0.506371
-0.0685475
7.87025
0.0744926
0.170667
1.04804
-0.834835
-1319.42
-0.833071
-1.79695
1.14103
5.25521
-0.56569
-1.68238
-0.555652
-872.137
-2.9816
-0.837624
0.250089
1.9798
7.48708
-0.508941
0.0225388
-8.67245
-2.58585
0.395896
6.29444
-0.498868
-0.991849
1.21697
4.12726
-0.102304
-0.795919
-0.113826
1.87107
0.67069
297.784
-0.222582
0.679385
-6.56137
1.11347
0.629343
12.7248
-5.01919
-0.410225
0.0893305
-2.53117
-1.44856
4.07938
0.330926
1.03322
0.00394484
0.131675
3.2917
-0.210834
0.203737
0.255198
2.04373
1.30729
-123.371
-1.64786
-4.06402
-2.14905
-0.114863
-0.841759
-0.00277929
0.981828
0.984794
0.264972
-1.33688
-0.583825
1.58202
-0.0604662
11.2111
2.24005
-0.859262
-0.983652
-3.77145
-5.80675
0.973665
0.377939
-3.06521
-8.81231
1.0573
1.14545
-1.55696
-1.69939
2.54813
-1.98731
3.63868
-1.27814
0.849885
-2.19127
0.960507
0.118549
0.335185
1.07991
0.591745
0.550143
-8.13552
0.104269
-1.92251
0.225832
1.63763
-1.83432
0.564082
0.933141
-1.22615
0.811328
-75.0339
0.834632
-562.822
-7.5646
2.73379
0.910334
0.410186
0.807482
-10.102
-3.79092
0.999597
-0.228026
2.52894
0.175876
6.34537
1.0352
2.38055
-0.25402
0.443348
-0.196227
1.2129
3.42739
-0.628326
-0.135165
0.477049
-0.317859
-0.66331
-0.698088
-2.39081
-0.436438
1.39476
0.583124
-0.861217
1.0492
0.361566
7.34461
-2.20695
-1.64081
-2.23857
0.741036
1.38927
0.258366
-0.541674
-0.371738
-0.771997
-980.882
0.422266
0.411199
-0.140656
1.18626
6.88419
-0.228868
0.426677
4.15238
0.0750968
-1.00485
-0.111582
-15.7497
2.8479
0.0641286
-1.71539
-1.20932
-0.270675
0.285792
-1.004
0.115994
0.289286
-3.19884
-10.5144
0.103492
0.536633
2.37948
-0.00113488
-0.481454
0.826375
-1.40835
1.80231
-4.21435
0.876397
0.514858
-9.6654
1.72109
-2.88689
-0.772046
1.08757
4.598
-0.1819
3.34193
-0.910213
-0.491009
-5.49474
-1.27963
-1.40603
4.35523
1.84789
0.615336
-1.32898
3.19165
-0.385233
-0.632641
0.341447
0.812664
-0.295069
-0.825648
0.471402
1.35748
-12.448
-4.09509
-3.73964
0.282938
-3.74532
2.92365
-0.643673
-0.448731
0.368883
2.47065
-1065.91
2.81546
-4.21296
0.269896
3.38728
1.05489
-0.347565
-1.09804
-1.13125
0.239683
-75.2959
13.8501
3.22212
1.2881
6.39043
-0.922423
-0.316481
0.24025
-0.545087
-7.07542
-0.702195
-0.419928
1.51509
0.322933
-3.81337
-0.308203
-0.184258
-0.140279
0.299276
0.829702
1.36772
-0.273936
-0.318862
-1.8297
1.91122
-1.01128
0.605358
2.01233
0.86215
0.21236
-0.735523
1.96702
2.39215
141.73
14.1648
2.76273
0.0295882
-0.408166
4.30306
-4.37736
-19.6336
0.270154
0.185011
-0.746695
0.284174
0.0676672
0.487883
1.04121
0.230576
-22.5596
0.803103
-4.5405
1.50732
-2.89382
-1.17947
13.4225
0.764293
6.66969
-6.39236
2.97839
1.88684
0.494309
0.456761
-1.0928
-1.95123
-0.456955
-1.66705
1.32848
6.98191
-3.14474
-0.697382
0.964763
-0.577937
-0.120777
0.284701
11.2628
1.25388
0.752622
2.01828
7.25946
0.0264397
3.29338
1.382
0.929183
0.718207
0.884032
6.11691
5.59648
0.622805
0.915357
-1.49766
0.689106
-0.160526
-0.388173
0.200697
0.90189
1.59449
-4.71746
-0.706014
-0.538541
-1.80642
-2.76823
-73.486
5.70088
-26.41
4.28788
5.63593
1.04984
2.68281
0.700664
0.171176
0.775808
0.671307
0.348778
-0.254795
-0.327785
-0.881489
-0.626933
-0.280158
-0.0399459
-3.25586
-2.69794
3.7126
2.09247
4.30415
-1.43248
-3.37161
-5.68001
0.390738
-3.28516
0.30098
-6.07428
22.2128
26.7097
2.24736
-0.0404327
-13.6758
-1.38577
2.25479
0.012992
-1.00199
-1.30954
2.3561
0.846372
0.578203
0.842179
-0.702704
-0.0287582
3.21202
-5.54522
-2.10923
-0.832561
1.41758
4.37346
-7.34609
0.566044
-0.491777
0.518938
-0.396153
0.696117
-1.55925
1.77235
2.45997
-0.0191673
0.162682
2.38201
-0.237277
0.155283
26.2635
0.238038
0.00602631
0.602306
-18.2557
0.0844031
0.806891
-4.81121
2.15428
0.746084
-1.93496
-2.1089
-11.6795
4.56448
-1.22315
-0.187212
1.55161
-1.80421
-40.7587
3.00016
1.36443
0.00689285
-1.98128
-0.348016
0.581873
0.960993
0.557405
-0.982836
0.320932
-0.150242
0.513497
4.72251
-1.39485
-0.559662
0.309598
0.285163
0.515775
0.857878
-3.83324
-1.81752
-5.20452
-0.732413
0.82378
0.0142177
0.885678
-0.367245
-2.98134
-0.430896
5.76332
-7.71192
0.311614
-0.270055
2.90574
3.5864
-19.8025
-1.37983
-1.45785
-1.76535
-1.28363
4.11286
0.428161
-1.09769
2.79283
-5.74048
-3.3743
11.4347
2.69237
-0.898299
-4.18856
-0.659259
1.93626
-7.30794
0.628348
-1.32479
-0.180395
-3.16757
1.26216
-9.3023
0.857097
0.629507
-0.26271
-0.403146
-2.27916
1.03844
0.380306
-0.593403
-0.385831
-1.37803
2.37709
-1.19964
-0.891267
1.18186
-0.604082
-0.222567
-48.7999
0.596335
0.671612
-0.538567
1.42714
2.37092
4.20904
1.38451
-0.914164
1.05447
0.87681
-1.60701
-0.0993037
-3.44799
-0.593674
-1.29192
-0.362301
0.245676
-0.867381
0.0374634
0.903497
-2.75083
-0.405913
1.56374
-1.90844
0.713471
-6.78013
-0.238452
0.24591
-6.8334
-8.49327
11.2495
-0.611484
-1.69781
-1.89431
-2.79619
-0.506623
2.90245
0.940411
-0.206678
-1.84846
0.82397
18.9157
161.535
1.16307
-3.4903
1.04494
0.227727
-0.15039
-97.4953
-25.3634
-0.556861
1.27343
0.345042
0.440351
-0.614476
2.55078
2.87942
0.317153
-0.0393166
0.888307
0.0974551
-3.37057
-0.0706199
-3.9558
-0.602702
-0.894108
0.201005
-0.182305
0.773703
0.692619
-3.74476
-1.06138
-0.496961
3.4581
44.2353
-1.27937
0.373523
0.100194
1.59147
4.08402
0.588333
1.43885
-0.258721
2.6554
-0.532895
-0.256427
-1.33395
0.278564
1.12624
0.890851
-1.91421
17.8634
0.0617148
1.82805
-2.02881
-0.264667
-0.356621
0.640278
-0.830243
3.92352
-0.151492
-0.644903
-1.1378
0.224023
0.117129
-1.00445
-0.384049
0.407285
-0.740782
1.20036
-0.180978
-0.27848
1.82433
-3.67342
0.463525
0.248048
-1.31531
9.09297
-12.4643
-1.02835
0.163113
1.89173
3.21097
0.115079
2.78843
2.57026
-3.72576
1.57913
0.951735
7.41982
-5.56815
1.31037
-1.43109
19.715
-0.715057
0.207736
1.93648
0.114142
0.577315
5.10728
0.381755
0.614126
-0.373597
-7.56776
11.2387
0.8316
-23.6138
5.38224
1.06655
-0.456798
3.3853
0.375987
-3.98432
3.82937
2.01828
0.977431
0.548645
-0.301495
-0.744938
0.0306836
0.0298955
4.2431
-3.25329
0.620926
0.0276666
0.556659
-2.69029
-7.8063
-1.98949
0.690707
0.583589
12.2473
1.26515
-1.16087
7.51074
1.13226
-1.31873
-1.57408
-6.13387
-0.536257
-0.353545
-0.785207
0.165792
3.81426
-0.284667
-1.03537
0.459974
0.481493
0.544278
1.36685
-0.729694
0.718521
-0.831781
-0.518019
1.51089
-1.99997
1.23814
-2.47688
-0.834844
-1.12798
2.63737
0.091078
-1.98886
0.231225
-1.489
1.25024
-0.406046
0.677301
3.30589
-1.24267
-0.0660993
0.0565422
0.474216
0.602515
0.847267
-0.873649
-0.82268
0.0303506
0.593665
-4.10394
1.93836
0.830731
-0.42204
-0.399447
20.4227
0.000483663
-2.53401
-1.37113
-0.375838
-1.29982
0.678917
-1.91465
0.705489
-0.119291
-0.426275
-23.4814
-0.888435
-1.98841
0.531312
55.7165
-2.05698
-1.45786
-0.0559819
46.9079
-0.342429
1.62512
-2.31921
0.412387
-2.47515
-0.18149
1.66802
-3.31452
1.09141
0.839735
0.428591
1.29286
0.248014
-9.24789
0.063295
94.4683
0.0813267
3.53617
-0.644393
-0.028923
-4.40243
0.0658324
0.0350018
-0.539741
5.60182
-0.00289018
2.15165
1.31386
4.43591
-0.278332
-0.542987
-0.840173
-0.412943
-0.609574
-7.19237
-0.0300966
0.298596
0.276769
0.261655
0.0248083
-1.7401
1.70341
-0.627999
0.787525
-1.36191
-0.108618
-0.655513
0.992136
-0.0884492
-1.73339
-8.22363
-0.878183
1.56242
1.05888
-0.330265
4.39523
0.0452677
-0.572704
29.4583
0.976831
-1.71212
-1.36617
0.529708
-1.17044
-0.0378527
-0.506291
-2.86771
-2.48264
-0.575345
0.0418325
51.1829
0.667129
-0.704161
-2.0808
-2.33566
-0.954675
-1.1423
1.93991
3.51164
1.81581
-0.973391
-0.938185
4.22622
-4.39947
0.819033
-1.43575
0.548404
1.39942
-1.30479
-2.52637
0.969551
8.42768
3.4641
-0.612653
0.144806
7.0909
6.6873
0.890003
-0.0289104
15.033
-0.150217
-21.542
-27.327
-0.438415
0.346149
-1.37697
-0.863027
-6.00755
-0.476405
-0.531647
0.729539
-0.631318
1.03482
-2.16229
-8.35719
0.428247
0.315983
0.768357
0.3758
-2.9653
-6.41804
-3.14941
1.6056
-0.116936
1.19028
0.407567
-0.627453
4.43365
0.954065
0.825334
-0.0525389
-1.86669
-0.55547
-0.486865
1.00618
-2.02477
0.309639
-1.62509
2.84987
-3.63225
0.100353
0.219905
3.13962
-1.495
-0.650663
-2.40371
-2.57636
1.7438
1.38858
0.821503
-1.18402
-1.78549
-0.303353
0.473702
-1.72699
-0.155909
0.2808
-1.24299
15.8839
-4.76546
-1.60508
1.34164
1.05151
1.01675
1.16766
-3.13008
-0.721354
2.03488
-1.91968
-0.0711298
-1.11138
-1.44027
1.11785
0.667299
-1.07578
1.75056
-0.43504
4.82953
6.25938
-6.10476
-2.99539
-0.0350301
-8.97717
0.515806
-0.374433
0.683106
0.483311
1.3886
-0.325754
-1.11863
0.369754
-1.39543
0.0375696
-10.1645
-0.810773
2.82732
0.0288845
1.44627
0.00654737
-0.424024
-0.724181
0.0478641
-0.578903
-2.62745
-1.10512
-2.33185
1.10364
0.646235
3.88755
-3.45837
-0.624267
5.54362
-0.732792
32.8653
-2.68061
-2.09628
-1.14191
-0.729864
-1.37397
0.45807
0.28017
0.955842
-1.15429
0.719709
-2.38051
-2.1126
0.909489
-0.0194988
0.937553
25.592
-0.0803753
0.730015
-1.20533
0.252681
-1.40758
0.750087
-0.233286
-1.49793
1.22941
0.161532
-4.67888
-3.98602
0.0230096
3.0576
-0.816001
-0.0892497
46.7458
-0.0909973
-0.718463
2.33137
-0.926877
-0.429182
-0.0417528
2.88228
-0.308312
-0.532368
-19.0512
-1.00779
-0.364567
-1.2187
-1.34278
7.06329
-0.691255
6.19898
3.97317
-0.346238
0.785046
0.20737
2.04903
-0.623804
2.25465
4.83704
-1.45771
-0.419608
-0.844241
1.33291
4.4104
-5.73682
-0.536727
-0.110781
0.0285042
0.229834
-12.1962
0.0233715
-17.2507
-0.247905
-0.36536
-0.490538
-1.41634
-0.450039
4.18897
0.462091
1.54405
0.653963
2.12491
-0.287413
0.154165
-0.319723
-0.162803
0.604707
-0.00778142
0.0341007
-2.40562
-0.650948
65.1826
-9.48215
-1.32193
-0.0534876
1.04081
-0.103097
-0.334312
1.8093
9.11917
-2.67452
-3.11855
-0.207347
-0.681478
-0.129495
-1.23484
-18.0455
5.5751
-0.517622
1.35215
-2.81836
2.83584
0.366113
1.1259
0.307649
-0.961314
1.92368
1.08839
2.1768
-11.703
1.51372
-0.44409
-1.04546
0.179119
6.43845
-0.00121283
-0.348495
-0.915137
-0.853014
-0.786912
-0.104632
-0.609343
-0.035512
-0.9112
0.233201
-2.49246
0.390266
1.45639
-1.11141
-27.9934
0.128851
0.285241
0.235663
0.194967
-2.99619
4.00533
3.53134
-0.280781
-6.05743
-0.405958
-3.76907
0.355604
-7.79316
-0.167371
2.97001
-0.916274
-4.54761
-1.38226
-1.311
-6.31521
0.198108
1.01756
0.00720049
0.950415
-0.137251
-0.477763
-1.0089
-0.502714
-1.28772
0.411306
-0.196572
-0.55969
-3.07879
-0.923091
0.0593653
-0.50071
-0.0412043
-0.275108
-1.94582
0.535226
-0.930794
-0.422784
-1.14612
-3.22219
-3.68033
0.640273
-1.60416
1.24227
0.0659173
-6.7011
0.0133954
0.126278
-0.108585
8.60856
-2.45614
-0.650429
0.588881
4.40457
0.703846
0.153385
-0.391603
26.3187
0.297723
-5.85693
-4.06147
-4.70375
-0.235917
0.451792
-1.1486
-2.77617
-694.883
0.960107
-1.81341
-0.697465
-0.251289
0.919705
6.30745
-1.94223
-29.0065
-2.12987
-0.561725
0.129063
0.386393
-126.745
-0.158897
0.517318
-4.8091
20.912
-0.729886
-1.64288
-0.710373
-2.64516
2.80893
-0.738308
2.87049
-0.247295
-0.614209
1.66979
-1.26742
3.26065
0.185493
-0.517622
0.932743
0.321549
-0.209214
2.55903
1.70118
0.812377
0.850253
-0.719769
0.695082
62.9077
-0.875284
-0.169439
-0.058849
0.282645
-1.47619
-0.157604
-0.0944371
-3.30567
-0.894363
-1.80335
0.888002
0.282235
-0.298205
1.05202
1.80157
-0.14735
-2.41828
-0.134428
6.15658
0.548536
1.87337
-21.2184
-0.532738
-0.373154
0.122438
-0.123343
0.196681
-0.144464
0.316491
0.28774
-0.378996
1.17764
0.315273
-1.8839
-5.10923
-1.07915
-2.51615
-0.395343
0.25764
1.8703
-16.0555
1.52866
1.18616
-1.28737
-1.39996
0.552501
-0.0949785
0.819296
0.0900886
-36.5932
-0.255759
-0.185204
-4.89796
-0.33653
3.42704
-2.57276
18.0379
-3.4112
6.18082
-0.203858
0.404794
9.41426
-0.427171
1.28985
0.0324212
4.66463
-0.732895
-13.7125
-32.128
-1.65581
-1.0774
-1.13307
-12.9999
17.6987
-0.201339
0.142356
-1.25648
-1.75487
-1.71223
13.7461
1.40352
-0.435697
3.90443
-0.866196
-0.162533
-0.487165
3.05034
-1.1399
-0.270247
0.942371
1.17051
2.23534
-0.725895
-1.68143
-1.39874
0.106573
-4.44646
-2.22142
-0.220231
-3.22064
-1.29275
-0.318464
8.45367
5.34019
1.72733
-5.04514
0.2812
4.15887
0.181935
-0.872084
0.908216
2.72925
-1.00501
2.18337
-0.269115
0.426477
220.029
-0.977118
-1.39753
4.19708
-0.151575
-28.8113
0.110993
-3.85828
-0.441894
-2.47131
-0.177108
4.88306
3.86332
0.0669011
2.90656
2.45761
12.8399
0.718137
0.0266276
-1.96869
0.507298
-0.178634
1.25794
-16.5108
1.88178
-0.0293774
0.652236
0.513293
0.614038
-0.503638
1.35472
6.59336
-2.74292
-7.85107
3.31992
-3.74906
4.1042
-0.835274
-3.10876
2.33229
-0.283774
0.423232
0.171874
1.39833
1.38574
-13.3993
-0.684321
0.513862
-1.94702
-5.78937
3.69288
0.506456
0.156916
-2.91334
24.0985
-0.138599
-2.38244
-0.48311
-0.770147
0.791903
-7.26148
-0.0523593
1.26034
0.19561
-13.4222
3.98013
1.26253
-0.810973
-1.52098
0.964177
-2.606
-0.443434
-0.86222
-1.1321
-0.669007
-6.30665
-0.179764
0.627614
0.792579
4.43672
-0.892852
0.503898
0.0127211
0.601981
1.20966
1.67327
-1.0341
0.695196
1.42432
0.299773
0.408753
-0.0408786
0.963638
2.58696
-0.431733
1.2056
-4.28996
-3.46023
0.553984
2.11528
2.44674
-2.90329
1.35179
0.501045
-4.22679
0.952298
-1.55064
3.7846
-0.317967
5.95902
0.619921
21.6493
1.78832
1.21852
-1.53378
-1.57601
-1.47918
-0.126774
-0.856579
4.04939
2.14924
4.03614
-12.5918
3.6401
1.68538
0.490952
6.05628
338.567
-0.30585
-0.1429
0.673727
0.30275
-3.77253
3.10236
-0.963562
-0.489987
-0.694198
-1.81885
-1.24442
0.0174584
0.851105
1.58433
-5.18196
-2.84514
4.04758
2.10571
-0.183526
0.121716
-0.948748
3.05298
0.128532
1.88611
81.0397
1.11687
1.59419
-0.339961
0.140945
0.782669
-1.58105
0.335251
0.212657
0.547678
-5.70298
-2.80956
-3.10711
-22.7212
-0.146343
2.81745
-1.0632
-0.339648
-0.935385
-0.140644
-0.520003
2.92714
0.511928
-10.8228
2.93377
7.41919
-0.619486
-0.954531
1.70842
-0.524044
-0.817377
0.996929
-1.68568
-1.13573
0.924996
-1.20974
0.380983
-0.145129
-1.16677
-1.239
-0.840035
-1.06548
3.66269
1.71055
-1.68048
-0.552772
3.32346
1.73404
0.214444
-4.05371
0.136165
-1.17798
0.492964
-37.6812
-0.861916
-0.754531
-4.58997
-0.949939
-0.128928
0.812332
4.25145
-0.907439
-2.52152
0.171966
-2.45434
-1.15341
11.0783
-1.26002
-0.156462
-0.070695
-0.638789
-0.0874024
0.303043
0.351011
-0.277401
-0.360162
-0.263814
-0.732022
1.18213
0.0948669
0.0941447
0.606828
-3.02173
2.83982
-4.11429
0.776468
5.8042
-0.579352
1.10538
-0.529921
-5.60815
-0.83499
-4.48238
0.439079
2.59446
4.08089
4.35564
0.674106
0.332769
-0.166514
-0.889741
66.8974
-0.152692
-0.0152406
2.92637
2.76534
-2.24318
-4.97037
0.469332
-3.06188
-1.1591
-2.0997
-0.787511
-0.346947
0.454816
-3.04086
0.488427
0.949943
0.264024
5.72176
0.60423
0.187903
-0.206435
-0.348651
0.0926007
-2.2246
1.22101
-38.9778
0.34715
0.450952
-0.355852
1.29157
3.13286
-0.824192
0.0883529
0.760984
17.4967
1.52704
-0.90135
1.2734
0.170833
2.30458
-3.80182
0.839988
3.25788
1.71686
0.0808737
-0.326925
-0.228573
1.37554
3.74954
-1.53475
-0.273604
-1.2245
0.422548
1.14245
0.40311
1.34714
2.44416
-1.82956
1.12236
0.120123
2.40768
1.14536
-0.743083
0.547248
-1.1035
-2.45695
-0.266924
-0.416511
-7.53986
-2.08805
1.01725
-1.75195
-6.46622
0.529541
0.572477
-44.2835
2.60925
4.64656
1.0525
1.46347
0.756957
2.42209
0.784386
0.73111
-0.41572
-0.621171
-11.2228
0.214053
-1.90031
3.30314
-0.0451111
-0.260351
-1.84183
1.37283
-4.11196
0.799048
3.29627
-0.872735
-0.428373
-1.86168
-0.130906
-0.558268
-1.4517
-4.19471
4.9281
1.17323
0.159368
3.92318
-0.841071
-1.1151
-0.900475
-0.876622
2.77071
0.193747
1.98235
1.32411
11.7274
-1.44776
2.49221
-0.537825
-0.606605
2.445
-0.180163
0.209581
-3.71596
-0.239892
-1.69133
0.262093
1.67351
1.53413
-0.518248
-0.227562
3.90161
0.361268
-1.28402
7.33699
-0.333542
-0.40398
-1.78879
13.4489
0.953714
0.070387
-0.06335
1.54663
2.77844
1.36899
-0.6573
-0.254026
-0.542132
-0.0440379
0.0114291
2.5042
0.550699
-1.10667
2.49208
1.88029
-0.798492
1.51241
1.43564
0.129433
2.54662
0.559758
10.8187
-2.14568
2.04586
-0.214815
5.23537
1.33526
-1.19204
-1.20454
-1.75799
12.5519
6.69858
-1.2917
1.43211
15.4907
-5.08715
0.499882
1.2063
-0.581111
0.244922
0.0476833
-0.49607
1.72993
-0.736714
-0.117741
0.454635
6.72845
-10.7431
-196.595
56.8471
2.20782
0.292564
-1.48808
1.43217
-0.0766748
-0.830386
-8.8713
-0.724354
1.52631
-1.29604
-0.625955
0.0661633
27.0141
-22.1742
-0.3464
1.61766
-0.690716
-0.275889
-9.62767
0.315289
-3.90229
-2.07258
0.547173
3.02842
-0.669287
4.26046
1.37718
1.58166
-5.37893
2.84472
4.57224
0.543323
-2.73322
2.95473
-0.0603945
-2.44579
0.967586
-0.274051
-0.0801141
-1.28854
-2.46323
-3.90142
4.70926
-2.19582
-0.857071
-1.06087
-0.256185
0.961096
0.736049
-0.726766
2.00789
1.4715
1.06353
0.934372
1.43927
2.00714
0.552752
-0.282117
-0.193088
0.482797
0.42467
1.91063
-0.571232
2.30222
-2.60332
4.06114
0.869627
-1.42728
-2.71583
2.10757
-3.02718
-0.247665
0.340976
0.425215
2.60625
-0.807876
-2.97371
-0.129519
-3.48277
7.08471
-0.322132
1.61078
-0.914738
-0.634368
-5.29
-0.771506
-1.64293
-3.70136
-0.97191
0.0417923
-0.993376
-3.43987
0.801253
0.141737
-0.0852837
2.92926
-0.787715
0.781052
1.07727
-3.86539
0.938736
0.401314
1.07072
0.954723
-4.91183
4.67003
3.31348
1.78442
6.11644
-1.79306
10.1049
-0.231838
-0.406786
-2.14588
1.46833
-2.74759
2.68268
-0.226344
8.23204
-0.944517
-1.33239
-1.36551
0.234072
-0.56313
-16.1831
15.641
1.17776
-0.878058
0.0536228
-8.08231
0.229836
1.32205
1.73755
-10.2526
2.34781
-0.470833
1.75196
2.02496
-0.761538
-5.20574
-1.03873
0.217915
1.184
-0.172515
-0.0943367
1.31042
1.22302
-0.892707
-1.93631
-4.92692
-3.7207
0.360558
-0.218712
-0.31614
-1.44779
-38.3367
1.53288
-0.341969
-0.63453
-0.218221
-0.651112
1.35978
-1.11765
1.51075
1.417
0.451343
-13.4196
-0.296285
-1.01711
1.55915
1.52103
0.0871162
3.57509
0.0817104
8.86248
-0.569891
-1.70231
-1.36132
0.992338
-0.647401
0.0672463
-0.0829106
-1.22335
-0.957301
-1.7717
0.991189
2.06975
1.92348
0.57997
1.22877
0.983792
-1.1468
-0.16638
-1.05071
2.11492
-2.01368
-10.6988
-33.9383
0.263817
-5.34096
-0.341884
1.43385
0.862618
-0.222511
-2.16203
-0.994504
1.6962
2.39758
-3.92204
-0.450082
0.292969
0.126776
0.553897
-2.56955
-3.65561
-2.16831
0.707315
-0.390329
-17.6046
0.372889
-9.31882
-0.922968
-1.07083
0.0502508
-0.496289
0.193722
-0.353857
-0.0739866
7.75485
0.0566224
2.46906
1.03435
1.95362
-0.408124
-0.759321
0.441047
0.926325
1.36887
-5.87779
3.51295
-2.29457
-2.99055
1.87889
0.536993
-0.824433
17.5244
3.99098
-172.526
-0.27126
-0.100894
-0.260145
0.944751
-3.4789
-1.36828
-0.0602952
-0.386938
0.128578
-0.284823
0.413463
1.0381
1.73838
1.2416
-1.6533
-2.66054
0.554401
5.72648
0.981093
-4.55
0.415415
0.554137
0.281527
-37.016
2.47579
-0.220976
-9.26568
-1.9635
-0.00893395
0.346618
1.14868
-3.83114
-4.05217
0.899191
0.106754
1.26107
-0.831042
-0.000272194
-1.8253
1.39699
1.03288
0.0971866
0.620957
4.77208
1.66297
0.877533
-13.1569
0.427727
-1.94031
-6.82711
3.22645
3.54354
2.30759
0.79856
1.01913
4.06379
-1.01224
0.017619
-2.60048
-6.64826
1.07467
-2.67196
1.35507
-34.3803
-2.33088
-0.416639
-0.711849
0.381002
0.0450248
5.13235
2.70809
0.780528
-0.0390086
2.67062
-0.596972
-3.14619
-0.105396
0.0251948
1.67096
2.13042
-3.59363
0.893227
-4.8391
-1.14681
-4.323
-0.268994
-1.0505
-0.72939
-0.83172
-5.15062
0.708897
1.28397
-2.02883
0.35191
-1.87242
-0.929835
-0.099006
1.13388
0.256851
5.08218
-1.83915
-7.93116
0.643049
0.735301
-2.13136
0.250763
0.0927769
0.757523
9.06806
-0.00955814
-0.165014
-1.18083
4.1133
-0.977803
10.8187
-0.607
-0.659816
-0.204912
-0.433672
0.639146
-0.175034
-2.21143
1.42947
7.45004
-21.4573
-1.05913
1.95669
0.973964
-0.452306
0.963131
-0.742798
10.8239
-1.36981
0.0389912
-1.41526
1.12035
-1.02593
8.61991
-0.819684
0.0616179
-0.589501
-8.31022
2.60384
1.00254
-0.885095
-1.18656
-2.53573
-62.1716
1.19822
0.0389642
-0.990426
-0.0145896
-3.37891
-0.288953
0.208593
14.1834
-144.079
-1.93408
3.82609
92.1847
-0.552883
-4.22575
1.99222
-0.262305
-2.74018
0.649989
3.21553
2.47488
1.11904
6.1971
-2.1428
-1.00726
-0.345113
-0.136919
-0.317989
1.22069
0.634747
1.14166
13.3377
-0.692289
-9.60487
-0.0251026
0.320437
6.78395
-1.22517
4.58225
-0.129413
0.870315
0.831412
-0.0907312
3.99495
11.0752
-0.159895
0.390804
-2.91433
0.034249
3.96285
0.375665
-1.14247
1.8208
0.0437379
-0.553777
0.340783
-0.430078
-0.0444881
0.243091
8.46555
-123.884
1.99093
-0.23664
0.059836
-1.60128
0.18055
-1.15181
1.35611
-4.77734
0.199537
-1.11742
-4.71625
-0.840414
3.41299
1.43556
2.97572
1.04917
-2.289
7.28888
0.726009
-129.218
0.519319
-1.15438
-0.584729
-1.51245
0.826307
-1.2808
4.23931
1.49951
0.925116
-1.90295
3.96401
-1.2938
-20.0237
2.12374
-0.318348
-0.0876829
-0.268782
2.47575
0.300234
1.48597
-3.41577
3.65418
-3.17031
0.390992
0.0919974
2.48197
0.488146
0.578155
0.743028
1.00467
-7.60345
-0.224553
2.1893
-0.242509
0.340418
0.672324
-2.25437
2.12618
-1.1924
6.28153
2.44938
-1.62351
1.72154
2.28559
-0.618438
-10.9368
3.26214
-0.353881
-0.889238
3.78507
0.742721
0.977502
0.141035
1.8088
-34.7571
0.876545
1.98629
-1.4182
10.165
-0.193792
38.7095
-1.24741
-1.00501
5.37553
0.41735
0.202155
0.120038
1.23963
-1.77896
8.96385
-0.97724
-8.71896
-0.121323
-0.0296187
1.56959
-1.93134
-0.656625
-0.528996
0.199888
-1.2098
-0.725279
-0.829426
0.895893
5.42749
0.457039
-16.138
1.73843
0.722001
-1.80616
-5.79271
-0.123843
1.05802
0.930525
0.295908
0.436271
1.4976
2.44245
-0.524102
-12.1374
-0.805095
0.362078
42.244
1.35635
-1.985
0.406221
-19.2603
-3.45434
1.37569
1.10154
4.33081
3.98879
1.93919
0.975975
2.29676
-2.10404
0.207964
-4.42497
-0.899155
0.621888
-8.29088
-0.397692
-1.86295
-0.296147
-0.775306
0.598919
0.329533
0.116699
1.18486
-0.951537
-0.211563
7.17632
4.28846
3.02561
0.559706
-1.71629
0.834824
-8.28292
3.51648
-0.944606
1.06962
-10.7432
-4.04323
0.209005
-0.392296
0.346996
0.142038
-2.31218
-0.0891201
0.970588
1.12737
6.11214
-3.62188
-5.03054
-0.9776
-0.0782408
1.47934
-11.0959
0.63417
-1.0448
19.1654
4.07818
-2.19052
2.92533
-0.493752
-0.293408
0.560004
-12.0911
-0.735463
2.06225
-1.24508
-0.290992
0.151711
0.101888
0.817715
0.26705
-0.00450948
-0.160602
-15.1685
15.9053
-0.430153
1.17795
0.708412
0.315096
0.135961
-0.234084
0.863541
-0.090158
-10.612
-0.120932
1.2462
-0.947577
-0.470174
0.290834
0.990247
-0.578177
-17.4324
-2.22691
-0.341366
1.5916
-0.89429
0.155689
-3.54357
0.491029
3.17573
2.6744
9.72337
1.59663
1.21843
1.33649
-0.363897
0.75953
-1.55587
-0.859615
0.502513
0.0823557
0.369195
10.7453
-0.0870855
3.77038
-0.583603
-0.287071
45.4547
0.8583
-3.08958
0.0255553
-0.624622
14.2234
-1.35725
-0.994604
-8.27087
0.0272735
-1.55801
-0.91707
-0.043155
9.5707
-1.16335
0.761215
-1.01743
7.96523
-0.716696
0.35026
0.185296
0.893839
2.07639
18.9145
-0.0150521
-1.1124
-1.00015
-0.447506
-2.04233
-0.732756
1.94767
1.56871
-0.542272
1.07116
0.149575
-0.366975
-0.170845
0.737361
-2.03512
-1.15271
-1.78706
0.186263
1.77462
-3.98723
10.3432
0.539197
3.11589
-0.261555
-0.426939
0.194611
3.3609
-4.40415
0.44124
0.782673
14.2037
-1.82277
1.40687
0.285409
-0.118742
0.536644
-0.458511
-1.57909
12.1012
-0.117653
-1.07652
-0.496484
0.107696
-3.68891
-0.360287
-2.19265
1.30943
-2.69933
0.090425
0.00355215
-1.81759
-0.306912
-9.95142
-1.16256
0.149205
-0.0501969
-30.1077
-0.693618
0.390266
54.9062
-1.21153
-0.562806
1.64294
0.0514209
-0.830916
-0.0582288
1.25089
0.356777
0.412164
0.593017
1.39149
3.86255
-2.44006
-0.340128
-2.88174
0.454982
1.51456
2.20426
-0.817042
0.973463
12.1553
-0.62388
-0.364693
-1.14844
-0.555057
-1.71879
1.00091
0.43941
0.47632
0.53245
-1.66955
2.84688
0.191337
-0.0734503
1.04409
0.276465
-1.79943
-0.478651
2.80048
-0.0903915
-0.355759
-0.21676
0.501718
-0.677643
0.265298
-4.07301
7.64884
1.05081
0.31415
-1.78087
-6.68574
-2.97493
0.801113
0.945533
0.551962
1.94723
-0.636504
-0.880073
-3.36034
-0.190427
-0.711265
1.68566
0.393389
-0.130682
0.142308
-1.43795
5.79683
-1.7072
5.30693
-1.20143
0.767024
-1.40706
-3.20404
1.97072
-0.608862
2.09161
-0.801626
-0.524217
-0.53482
0.193489
0.0377574
-1.65856
-0.431822
0.420462
1.90295
0.0978996
0.51936
-1.34303
1.74225
-0.980289
-0.516197
4.20186
3.35135
-0.437903
2.86664
1.35706
0.897627
0.340016
0.0442978
0.115255
0.0443868
0.0582488
0.566759
0.392231
0.439373
1.08652
-1.65906
0.0377266
3.40986
0.452915
0.356465
3.02486
-0.651155
2.55954
-1.97428
-3.43047
-1.90361
1.1232
-3.29359
-2.95355
0.807901
3.17424
-2.77374
-0.221446
0.614652
-9.36761
0.61584
5.61252
-2.34327
0.164372
-1.35969
1.66486
12.192
2.28666
-0.534309
-3.64479
-1.98998
-1.49046
-6.14872
-0.911073
3.30739
-0.682239
-2.86706
1.26017
1.84855
0.407688
-19.0765
17.2496
4.67155
-5.73716
0.360712
-0.633638
0.286105
-0.897379
1.28761
-1.11918
-0.33337
-0.889715
-0.306917
-2.5857
-1.40794
0.479137
-0.365327
3.57635
-2.05314
-1.29527
4.21873
-0.853543
-0.134805
4.11417
0.166109
-0.0619441
-0.626055
-3.37827
1.59277
-0.0622847
1.39784
0.194306
4.77749
0.883161
-0.739121
1.1838
0.404859
0.804322
-1.92669
-1.04434
1.71932
0.774177
0.236091
0.431859
0.0143655
2.24172
-0.195513
0.68397
7.21297
3.23082
-0.909585
-1.07541
-6.81113
-8.28865
1.3772
-0.343024
-0.0271449
0.993808
0.752785
-0.748103
-2.92643
0.303627
-1.66081
2.01869
0.203797
0.6454
-1.44416
-7.03117
4.09708
8.83629
-0.775012
2.28038
-1.79417
-0.21548
-1.63095
-1.03531
1.72329
-0.90882
-0.131267
9.46303
1.47527
-3.87168
0.824808
0.407582
-3.72093
1.02286
0.820722
22.6748
1.71637
-3.07564
0.67814
-0.648089
0.258203
-1.8305
5.27734
2.4867
-0.57753
16.1601
-3.52822
0.693394
-2.67532
0.60564
-1.214
2.92138
2.20748
-0.901208
2.15588
-2.64891
-2.77335
-4.17167
0.899725
1.04153
0.838893
-5.04329
-5.2896
0.937628
-2.12349
-0.0354588
-1.48483
-0.28099
0.197212
-0.0123473
0.19903
-0.874379
-0.36871
-3.91151
-0.539501
10.0206
-0.623803
-3.5415
0.805014
-0.685299
-4.98657
-0.726212
307.372
-2.81228
-1.17866
-1.7172
-0.0384859
64.2733
-1.94774
-0.751756
0.885467
-0.813645
32.0636
0.0353773
4.47643
0.201386
0.646849
-0.47807
1.85764
0.381541
-0.00885717
1.65309
-0.61372
0.716213
-0.143165
-5.77013
0.467386
-0.660984
0.13087
1.14911
0.596467
0.908322
-1.74596
-1.12871
6.61949
-0.303916
2.88462
0.660296
-0.942951
5.17114
0.202548
-0.918613
0.543595
2.8435
-0.677868
-0.853944
-0.0844898
3.96101
-0.528035
0.835806
-0.976493
-1.0603
-2.79218
-1.09389
-3.78414
0.886784
1.67907
-0.542979
6.11208
-0.391901
0.00401068
3.23832
1.3819
-1.26288
0.986546
-0.0839004
-1.13479
0.0599716
1.87299
-2.75576
0.555434
1.97255
0.281811
-2.37003
-0.609497
0.0442469
1.03378
-7.28337
-0.518339
-1.19308
-0.441854
-0.988096
-1.73892
0.384036
4.03654
-0.540446
-0.250263
-2.40865
0.565074
-1.94646
2.65755
-0.122412
0.214663
0.217347
52.2836
0.464577
0.439931
0.89938
-1.33724
0.374133
1.45413
1.0311
0.329591
-1.17896
0.409428
-0.869683
0.225195
0.294048
-0.433243
0.0372702
-1.26033
-2.31454
1.70238
-0.353191
-0.688453
0.907012
-0.0258492
1.59794
0.260448
2.63897
-0.510524
-0.190197
-0.0487704
-2.2695
-0.411767
-0.683083
-3.14126
0.35999
3.31222
-4.12178
-0.221193
23.4541
-3.09917
-0.883833
-0.590731
-4.0979
-0.240723
-0.20988
1.24305
-0.883037
0.709559
1.27843
-0.37895
-0.52408
-0.931051
1.54833
2.8618
2.13668
-0.90387
1.32444
-0.813323
-2.55021
-0.835629
1.74182
-4.53117
1.97395
-2.39997
-0.300167
0.472144
-0.173031
-0.550827
-7.18799
4.384
-0.228158
-8.18567
1.77899
4.80311
-0.257708
-3.40457
-0.776715
-0.843561
-3.13926
-2.09029
-5.31981
0.949602
-0.759023
-0.61425
37.2592
-414.784
1.64933
0.00103603
-0.360074
-3.65221
0.793587
1.58361
-0.165391
-4.50006
1.42142
0.851016
-0.123449
-0.429569
0.297999
0.500983
-0.870534
1.23577
17.2191
-3.24045
1.43089
-1.42739
0.186612
1.16158
1.8626
-0.475524
0.395879
0.480989
-0.189214
-0.279185
0.575446
0.754306
-4.24461
-1.334
0.460634
1.49713
-0.034895
-1.00284
0.429689
-0.020741
0.112534
-0.889422
-18.8804
0.263284
-3.93946
1.51889
-0.339864
-0.487231
-0.906316
-1.51193
-0.0174025
-1.29672
-1.50571
-0.864903
-34.8471
-0.69542
4.61795
1.25866
0.81517
-0.749273
1.82795
-0.0186129
0.0259328
-2.69163
0.051328
1.23257
-0.204112
1.13538
-12.6641
1.10305
0.757956
-0.864401
-0.350001
1.10381
-2.08045
-1.15807
-3.34972
-0.392808
-5.34491
3.5008
-0.759995
-0.11158
1.05878
0.752618
-3.93571
1.07361
3.85991
4.52649
3.30751
-1.81308
0.153115
22.6251
-2.74283
-5.46225
3.54632
-0.0849205
-0.190637
-1.50299
0.578194
0.0636948
-0.0169553
0.843661
1.23694
9.29586
0.437843
-6.09256
-1.22943
1.5332
1.60311
5.79225
0.649678
1.07361
0.60167
-1.51453
51.4283
4.93459
-0.675641
-2.73383
0.826898
-0.605874
5.04961
-1.0007
4.5264
0.805792
4.60724
2.02601
0.400933
1.31901
-3.84709
-3.4302
0.171645
-11.4016
1.84179
0.118329
-0.137112
2.10378
-40.5509
0.91152
1.26674
-0.34882
0.304062
-0.155877
2.95469
-1.48202
-1.35662
0.345155
1.56986
50.1422
-5.00955
-0.411981
0.255993
0.51255
0.19273
0.77533
-0.706012
-1.09533
18.2366
3.11518
-0.59859
-0.366824
-1.08567
-3.25496
-11.6637
0.436651
-0.4467
-0.91556
-3.30875
-2.1912
-0.0370409
1.01042
4.23192
0.366538
0.0766054
-4.30254
-0.828459
-17.4649
0.136404
-0.512262
-16.971
0.009036
0.173318
-0.104941
0.231012
-0.490718
0.493845
0.350392
0.130706
1.78773
-0.515529
4.97057
0.0309839
-1.89744
0.430865
0.317606
-0.89565
0.306035
0.10178
-2.01722
3.58368
0.508042
-1.06443
0.698411
0.390444
6.40607
-2.35247
-0.542727
1.24323
-0.964268
0.817513
-0.690346
1.04534
-0.520102
-3.41026
-1.88356
-6.81037
-0.966495
-16.0718
-1.73902
0.175063
0.596235
-6.41046
-1.22655
-1.49745
2.15294
7.10994
-10.6812
-0.137765
-0.467988
-2.55831
-7.18207
1.89423
-3.11872
2.73586
-0.271642
0.112973
-0.350829
0.507779
-3.82591
-11.9722
7.98339
0.315505
-23.8623
8.04013
0.0236385
-0.97185
0.583541
0.994998
2.53009
-1.92933
-5.17793
-0.213982
-0.447858
-6.28599
-0.210531
-0.827405
0.134663
-1.20897
-0.622034
-6.79588
1.0532
-8.25502
0.892597
-0.506562
1.02974
1.52533
-5.12404
-0.149486
-0.773638
-2.07113
51.5368
-0.862566
-0.843925
-1.58274
-0.30329
0.940605
-0.104312
0.304267
1.28494
-0.757623
8.3002
0.141224
-0.297204
-1.6827
-3.31964
2.56109
-0.901172
-2.14697
0.660367
-0.586975
0.872066
2.435
-0.213772
-1.47405
4.38959
-0.312232
-0.0761057
0.622489
2.31236
-6.99991
3.44008
-1.00206
-0.0171738
0.0349335
0.504936
0.651902
-1.68708
0.507117
0.413841
0.215517
0.0336335
0.60963
1.34065
-0.693216
0.901351
-5.89517
0.423832
0.393606
-0.652767
-7.82695
-0.2267
-0.935344
0.241219
3.4993
12.5332
-1.61637
-0.807554
1.40054
0.57237
1.08403
-1.62836
-1.73927
-3.62856
0.241281
-1.87291
-9.77745
-0.875202
-3.41697
6.51547
1.70002
2.39304
-0.294473
-1.77705
0.675495
0.579348
0.988945
0.294493
-0.410189
-1.43987
-0.444352
-2.10738
1.07591
0.849496
-0.464087
-0.0946411
0.697781
-0.671459
7.53456
-3.63738
-2.00288
-1.36047
5.90822
-2.26433
-4.80955
-1.25869
-0.609077
-0.177245
0.0951103
-0.218934
-0.25766
1.30947
-5.84195
-1.3299
1.9553
-4.57337
1.62992
-0.436906
-0.831267
-0.184462
0.089556
1.52489
2.78708
0.701509
0.0722787
4.66751
-2.45629
-0.942828
-2.99463
9.20128
-1.89352
-0.764595
2.78421
-1.85579
0.568392
0.603452
-0.44366
-0.963439
-3.27589
10.0162
-1.07459
3.28056
-0.347716
-3.90583
-0.790923
0.123511
-0.380263
-0.74574
-1.08917
0.592063
0.900946
-13.5413
2.01773
-4.19297
-1.72331
4.0127
0.652116
1.14101
41.3756
-0.471332
2.77355
0.916767
16.5285
1.45832
-0.542917
0.713016
1.75566
15.7439
-0.537085
0.156704
-1.58809
0.514648
-0.761912
4.55312
-1.26525
0.646666
0.337187
0.00641298
0.203027
-0.592737
-0.240335
0.0794662
-0.811632
-0.244158
0.157713
-1.29785
0.776216
-0.320013
0.699145
-1.61213
-1.31857
0.17707
-0.540778
5.29159
-0.0308087
0.34495
0.453148
0.23538
5.64352
4.40087
1.54545
10.8112
15.943
0.529005
2.0271
0.493138
-0.786273
18.8412
-0.554362
-0.347982
-0.933079
-0.363443
-5.7931
-0.0503086
0.300777
0.0910305
0.230014
0.797131
-1.63449
8.87829
-4.103
-0.0927349
1.52
-0.571446
5.81015
-0.44133
-0.874718
-0.214805
37.7531
-2.87614
0.70606
2.99712
-1.2439
5.32066
-3.74293
-0.979555
3.30562
-0.298064
-0.189703
-0.237005
-4.5566
3.76394
0.0955328
-10.6925
-0.935564
0.316056
0.0210849
0.553369
-0.0129468
-0.513583
0.908519
-1.13687
1.69972
0.559349
11.397
-0.419975
-1.36128
0.633991
-4.27925
0.0936205
1.14873
0.719626
-0.389161
-46.7608
0.364233
1.15012
-0.878757
-0.493674
14.7481
-0.549148
-0.526809
3.12236
-5.87785
-1.75705
-10.9452
0.838629
-1.88786
0.937799
1.52109
-0.0263068
0.42593
14.51
0.999347
0.31303
0.769144
-2.20801
-0.461145
0.184774
-1.86624
-0.309893
6.17573
-48.8855
-0.197918
0.282278
-0.35274
0.846435
-0.696372
-25.6488
4.63932
-2.25043
2.03404
-206.973
0.0521684
-0.463357
-0.20097
6.32238
-1.6804
-65.6529
0.353696
1.55947
-2.03021
3.81771
-0.578336
0.53056
-0.116593
5.70888
39.5324
-0.174044
0.625038
0.225327
0.0627663
-0.541298
1.08543
0.0862888
-1.31493
2.41765
24.7944
0.149203
-1.95916
0.263062
-2.17514
0.365541
0.713805
-9.62392
0.805756
0.722065
0.744183
-4.71116
-1.40787
-0.544067
0.49585
0.436161
-0.909674
4.67058
-0.580904
-1.63535
0.357923
0.414119
-3.03725
-1.94283
-0.242443
-1.77946
-1.74018
-0.888724
0.349249
-4.67439
0.355706
-1.58781
8.14494
-0.236179
0.302596
0.631874
-1.33728
2.0029
-19.9624
5.29917
1.35145
-23.8502
-0.486776
-0.57862
-2.37462
7.04413
0.166895
2.18561
-0.220231
0.146144
0.812089
-1.33065
0.0248036
-0.257586
0.86984
-22.3063
1.30179
-1.79624
-0.554574
2.97193
0.165592
0.395214
-0.695532
-1.81384
0.621807
3.42376
-2.43844
0.0979874
-1.12796
8.77039
-0.369856
1.27378
-6.63924
-0.16903
-0.286946
-1.37058
-6.28629
0.261238
2.64973
-2.56028
-2.51183
1.00859
-1.44372
-4.19726
0.552131
-1.32834
0.483234
-0.0782151
1.51666
-0.866225
-80.2807
-29.6348
2.97111
-1.04406
-0.122372
0.669892
-1.3185
1.15812
0.485913
1.24027
3.17618
-0.230443
14.3203
-1.56315
-0.535301
-11.3593
-0.0049214
-0.239253
0.0252222
-0.975885
-1.65725
1.78961
0.00507847
-0.830493
0.955408
-0.232014
1.84592
0.334492
-3.23666
2.01672
-1.36538
0.159128
-0.676487
126.451
0.00343591
0.738765
1.2388
-2.83576
0.166806
-10.5607
0.356963
0.633686
-0.861894
1.68217
0.318517
-4.21411
16.4187
-2.81581
-0.557994
-0.204775
-10.6609
4.24616
-0.758433
1.52216
0.733872
10.1534
0.850549
5.46624
0.415558
1.03727
0.926664
-0.819496
0.85344
0.015843
-0.424672
-3.45666
2.04313
0.47999
-1.4752
-0.701727
0.354031
-3.46337
-4.50846
6.65951
0.541674
1.95554
-0.333556
-0.938898
-0.423056
-1.00942
6.75747
-1.40012
-0.668642
-0.805267
7.93657
0.132261
1.41453
-2.73294
4.09805
-0.457318
-0.187774
1.62204
-0.0435
0.110436
0.600356
10.5441
0.54594
-0.469389
0.610416
-0.511555
1.53192
-0.471214
-2.29577
-0.217142
11.6821
-1.09236
-0.507284
7.50779
-3.54933
0.0254732
0.0385718
0.318408
0.800331
-0.40207
0.65269
1.41669
3.77765
3.66275
-0.754516
-0.665626
-1.73906
-1.13175
-0.61105
-0.199912
1.51913
4.07468
1.51019
2.24654
1.45513
-0.646312
-38.0213
9.2134
13.3725
0.62762
0.736199
8.40355
-0.870527
0.845096
0.733783
0.425377
1.54836
-5.48508
1.19271
0.700103
-0.232235
0.262848
-2.04333
1.44764
0.897304
-0.00707997
-0.431001
-0.904165
1.21743
-0.571081
-0.073949
-1.51519
0.6337
1.18556
-4.23122
1.62019
8.04895
1.09677
-2.66067
0.978456
-0.913146
2.97943
-2.34745
-0.11084
2.40306
1.2107
2.6551
-1260.05
-70.5796
-2.23723
0.743739
-0.230423
-1.72043
-0.395986
-0.973152
-1.30146
-4.18012
-1.62444
-0.880344
0.75287
-0.324139
1.13957
-1.10416
-0.929547
-1.31063
-0.024484
0.320665
-0.607441
-1.91644
-0.311877
0.272829
1.93464
-2.81786
-0.0407229
-0.421857
-0.660955
-0.373754
0.461886
-30.8177
28.5002
3.8934
2.99169
-16.2575
-1.64698
-0.621093
3.69675
0.103758
1.73101
0.851535
-2.97557
-0.524038
0.629093
-1.51942
-0.830548
1.08517
0.448496
-0.592969
-3.34369
-0.2984
121.471
-1.44344
0.0913593
-1.24228
1.84152
-0.812602
0.0412579
-0.423285
0.397258
-0.838968
-0.165026
-0.226746
-0.0235496
-8.55832
0.0417369
-1.36391
-0.652448
-0.592888
-1.62443
0.0948252
0.520452
-2.43353
3.00568
-0.742957
-0.613402
0.871281
0.0399172
0.0759299
-0.701541
-0.0277214
-0.819039
9.27732
-0.675425
0.586833
1.28172
-13.3177
0.444234
-0.918755
0.337453
-1.12608
-0.463157
0.319921
-0.295442
-0.400777
0.0035353
344.577
-6.71761
0.83734
-1.14099
-1.04612
0.110569
2.12593
0.00951664
-0.235267
2.26883
0.235004
-0.638847
7.109
1.74754
-2.07284
1.3556
4.29886
0.693079
0.454093
0.00822558
0.900513
0.473766
0.665221
-3.99607
0.0272177
1.18798
0.0476015
-21.6598
-1.40028
-0.202977
-0.141587
-0.0589682
-2.30434
-0.810154
-1.95706
0.645607
-0.754193
-0.175918
0.930765
0.046757
-2.8729
-0.87137
17.8402
10.5654
0.92831
-2.18008
-1.78794
-30.1435
0.866594
-1.28118
3.08054
-0.807957
-0.781111
-0.973635
2.53579
-0.780984
-1.95107
-0.29056
-7.89022
2.47364
0.466125
-2.84448
0.40236
-0.209696
0.205023
-1.59318
-3.1294
6.93151
-2.85465
-4.39258
1.07083
-0.129721
19.3838
-0.080817
-2.30029
1.11308
0.801511
-6.5822
-0.141078
0.0442509
0.794458
-4.3611
0.0273792
-0.356667
-1.34254
0.19089
3.76856
0.116926
-1.35535
1.63205
2.46447
4.98162
2.17155
1.00111
2.67017
-3.17738
1.16352
1.09859
2.38614
1.18532
0.661759
1.12595
8.97093
-19010.6
-0.876914
0.253894
-0.312702
-0.413622
-12.437
0.169533
1.02995
-13.9582
-1.08854
-5.74492
1.55416
1.71349
0.266091
0.19123
0.298862
0.10526
0.249575
-32.9124
-3.39438
5.36866
-1.37722
0.371267
-0.115525
0.954388
11.6609
-0.373968
-0.404952
0.632283
-0.546232
0.846595
-0.559186
-3.57483
-0.431107
4.6017
-0.876828
-3.17541
-0.299762
0.191831
5.66483
-1.45471
-0.1274
2.31885
-0.427385
3.22674
2.57462
3.81158
-0.805841
-2.72609
-0.878097
0.302364
-0.575004
-1.45483
0.557736
0.33089
2.80411
-0.915163
-5.80754
3.48967
0.00175013
0.533224
-1.95106
2.28331
0.627115
0.662346
-0.717793
-1.48326
-0.145511
1.95546
-0.288032
1.86844
2.37655
0.202589
0.22787
-10.2816
0.719221
-0.0135027
-2.95792
0.25587
-2.80395
0.762278
4.23694
0.139858
0.738843
1.03202
-0.0834712
-2.37812
1.39068
1.52427
0.75378
-0.150196
-1.99431
-1.7068
0.166405
0.199119
1.11836
1.00894
-0.315822
1.64985
0.327687
0.960982
-0.964128
-0.384734
2.18873
-0.455806
1.13743
-0.598045
1.66523
-39.3346
-0.751357
8.40752
3.97717
0.978204
-1.4358
-0.91352
0.764937
-0.375783
0.55865
-2.22589
0.211472
1.90479
-0.49673
-1.26463
-0.602348
0.557235
-3.12727
-0.213973
0.492919
-2.65706
-2.19467
-0.520813
2.05566
-2.50381
-0.957522
-0.262728
-0.0920156
4.05791
0.805381
-0.67485
-2.7799
0.263197
-0.386148
-4.81009
16.9576
2.1941
0.251166
-0.526814
-1.67569
11.4714
0.330361
-0.812079
-1.26992
-0.947624
-0.0582752
-0.417229
0.851427
-1.78218
-248.44
0.58387
-0.954912
-5.5274
-12.6042
-4.98347
-4.06295
-0.60271
-0.461266
-86.2705
2.55693
0.978479
-1.67631
0.461462
-8.13943
2.56335
0.677996
0.17406
-0.522368
1.28337
0.266292
-0.0964946
3.08441
-2.22305
-0.399463
-1.48744
2.43921
-2.24728
2.99851
-0.334498
0.852501
0.262643
-13.8749
-1.14971
-0.40826
-3.66699
1.13314
-8.77063
1.58549
-1.04561
7.6321
2.36023
-0.926002
0.927279
-0.0516712
-1.48195
-0.403566
0.0913576
5.94304
-0.211331
-0.692125
-0.871915
-2.22533
-0.759236
0.843638
1.03958
-0.535572
0.543525
1.00313
0.28297
0.505664
-0.260166
3.90028
-0.24342
0.502862
3.20175
-1.32923
0.200019
-1.45866
1.54826
3.19987
-3.82727
-0.170373
-0.858609
0.254008
-45.3065
2.20231
0.674989
0.480789
-2.00724
0.544053
12.9414
-0.801964
0.628597
0.469168
13.3736
-0.687852
-0.133946
-3.33857
-4.36341
-1.23793
-0.658133
0.997786
27.3399
-0.385782
-2.6315
-0.329583
1.54069
-42.2118
-0.764658
0.0807101
0.60636
0.365213
0.300793
1.23922
-4.05175
0.379991
-1.67425
2.121
-2.95315
2.75407
2.17083
-0.598473
0.953065
-1.26352
0.580186
-1.45342
8.06658
0.190016
-2.68004
0.301237
1.44972
-0.736144
-0.425664
0.227777
0.582227
0.899124
0.258208
0.925551
1.80201
-0.327442
0.79318
1.79995
-7.00394
-2.01327
-0.851036
-0.846711
2.03272
1.52448
-0.989283
1.90283
-0.393512
0.568983
-1.21459
43.6978
-49.4282
-1.41127
0.223147
0.654888
1.94454
-0.198964
1.03774
0.550736
0.947535
-1.11849
-0.140132
16.1301
-17.4418
1.79278
6.10894
-3.07061
-0.5494
-8.70468
-0.622078
0.169249
-1.80791
-2.64129
1.12108
-0.930662
0.589483
-4.99336
-0.920099
-0.76994
0.448323
-1.75401
0.632166
-1.54091
-24.4019
0.843346
0.784949
1.12913
-10.6879
6.27373
-5.07714
0.110804
-3.11078
0.848433
-0.854747
-0.0177648
2.91272
23.4291
15.4437
-0.303679
0.398122
-30.673
-0.689522
0.217561
0.0528863
3.68791
-9.98305
0.792302
0.91948
-1.10482
-6.91715
-2.20126
0.0904305
-2.63778
0.0942089
-1.29943
-0.613338
-0.572716
-1.72333
0.246476
5.14936
-3.41157
1.51908
0.00628127
-0.39261
-0.896456
-0.797636
-0.21241
-1.37001
1.31167
5.62832
13.8437
-0.0357003
0.193545
-8.48436
-1.59496
-0.948865
-31.1295
0.310407
0.594625
-13.6677
-29.587
0.846921
-2.61713
-0.0347827
-2.19875
0.232332
-0.322012
-1.35616
0.313603
0.425207
0.142618
-1.04278
1.3076
64.9083
-4.05851
-0.782199
-0.913706
-0.144891
0.534309
0.573197
0.305678
-0.0756996
-3.127
0.332305
0.13118
-0.366358
10.7253
1.09817
0.550761
-0.765846
0.33246
-0.37125
-0.339379
-0.513917
-9.01933
0.560211
-1.02965
-1.51367
-0.553585
-0.590908
2.84413
5.21276
0.956261
-0.082037
0.44044
-0.641725
-0.538254
-0.341575
18.5049
23.0122
-0.493217
-0.020881
2.8916
0.43276
0.113477
3.39272
2.29352
-3.28372
0.609789
1.00082
-1.61046
0.893279
-2.47508
3.55227
1.27639
0.843523
0.139749
-0.976282
-0.530737
-1.56636
-2.41556
-0.81473
2.1319
0.988022
-1.09029
-0.318392
0.742629
-0.416138
0.0388992
6.99615
-0.656917
2.62038
-3.49572
0.560515
-74.8416
1.94836
7.41464
-1.45352
-1.80453
-2.45952
-1.80816
0.0287592
1.08476
5.56083
1.50051
5.70477
-0.227056
2.40333
1.9721
-0.878079
-0.544132
-0.675771
2.53477
0.472512
-1.04582
-1.06589
-3.33063
-0.742864
-0.043516
31.3811
0.233537
-2.75906
-4.82493
2.9131
-2.88169
0.461688
-0.576304
-0.776667
-0.0749248
-0.991172
0.212199
0.598403
-1.56476
3.01224
0.650213
0.162524
-0.336411
-0.686737
-1.12869
-0.47226
1.60388
0.0617842
-0.61845
-36.2039
-0.955736
2.85286
-1.43295
0.212216
-1.625
-0.485578
-3.19655
-5.61585
-1.33285
-1.61515
-2.25647
-0.225573
-0.874696
11.7002
-6.43051
0.173508
-0.50757
0.607595
0.184539
0.661396
-1.79068
-0.489307
0.734336
1.06089
-0.340339
1.17115
-0.557087
171.909
-0.687106
1.34135
-2.56704
-0.786007
-38.4615
-7.29295
1.13949
1.92152
0.0194724
-0.302872
6.77585
-1.00035
1.49954
-0.619815
-0.0422851
26.0425
0.584548
-0.277489
-1.91144
3.2635
3.01266
-18.9545
1.23846
1.68201
1.20896
0.472082
-2.04299
-1.09031
-1.90175
3.99868
4.48042
1.17878
-1.40457
-1.51638
-2.43149
-0.749629
1.10656
-0.671123
-0.943742
-2.62056
0.955261
-0.874651
-2.55751
-6.49751
0.281397
-0.17104
0.513558
-0.0592627
-1.12024
-0.740114
-1.11391
1.21279
-0.561058
-5.49787
-0.489777
-1.99668
-1.55515
0.148011
0.466455
7.1683
-0.854082
5.62077
-3.88487
0.127091
-1.16928
-0.782065
-2.86301
-2.58036
-0.0478848
8.30078
2.77302
0.391633
0.391647
1.44483
25.6589
-1.65872
1.15676
-12.2359
1.46987
2.76873
-0.470866
-0.14262
1.30819
-0.621463
0.219956
1.44841
-9.83622
0.335613
-0.419225
1.22216
2.42941
-1.51023
-947.719
-0.274041
0.0566047
0.435291
0.120461
-0.0832623
0.724744
1.72626
-1.29645
-0.74814
1.33669
5.83514
0.947293
-0.46808
0.217821
1.05505
-0.0636917
-0.642547
-7.66721
-1.65476
0.716281
0.152868
-0.491976
-1.2784
0.170451
-4.84515
11.9211
-1.96216
-0.258643
-0.45561
0.798164
0.0185591
-1.88938
-2.28594
-0.425397
-2.20869
-0.152161
-0.400748
-1.74649
0.340575
-0.807615
0.767214
1.53626
1.4964
11.415
0.277471
0.719305
-1.82193
-9.63783
0.663416
-2.11619
7.90947
-2.26326
-4.17009
-4.05889
2.10107
0.233495
-0.28876
-0.179704
-3.79843
-8.99735
0.408194
10.4105
-1.24976
2.05373
2.99483
-2.94342
-0.206319
2.94747
-0.0372434
1.00298
0.279818
0.555397
-0.41773
-0.372606
0.686187
-0.660526
-1.55276
-1.93354
-0.384246
0.32626
10.1518
-1.37932
-5.73337
-0.225351
-769.673
1.06181
0.479607
-2.53059
-2.16342
0.154683
-1.21712
0.622425
0.967983
-0.536189
-3.42627
-0.721663
-0.965855
-7.7833
0.480189
0.100867
0.270928
-1.788
-0.66033
0.131656
-0.0147503
-1.13688
21.5384
0.57094
-4.10259
2.14896
-0.931637
1.03436
-5.86064
0.0990036
-0.894132
0.504499
-12.0656
-48.7684
-4.65678
-1.94163
-0.740116
20.8791
0.0457683
-0.443748
1.93186
0.368213
0.933029
2.81964
-34.7016
1.51666
0.0753918
-3.16025
2.66148
2.11965
-0.177036
4.20369
-1.31011
-2.81067
-1.36994
-0.27383
-1.81481
20.7418
-1.36188
-9.38427
0.439608
-0.261147
0.678598
-0.721649
-0.170112
0.681112
-1.5604
-26.7551
-1.13496
-0.38439
-0.252777
-0.0419069
14.7151
0.740085
-126.688
-0.817673
-2.55606
-5.32644
-3.35464
-1.68872
-0.0522088
0.0104673
-1.3623
0.465625
-1.02945
-0.633599
0.397675
0.0147218
0.0896957
-3.1779
2.22824
-1.19084
2.64321
0.766777
0.723069
-1.86873
-0.0571733
0.649375
1.34117
-1.43824
4.56965
2.32878
0.318674
0.0936989
1.32351
-8.64331
-0.678737
-10.5964
0.178722
-1.65952
0.533462
-1.64344
3.05232
-0.233905
0.0339367
-1.34293
3.04278
1.13972
-3.21093
-0.727268
1.74303
-1.82842
2.9084
-0.858621
1.74227
-1.15715
-1.55897
-4.63849
-1.3259
-4.60433
0.877814
-2.16922
-0.249189
-0.00736556
-0.805193
0.162653
0.888398
3.22042
0.246975
-0.992806
-0.238857
-85.8647
-1.42187
-0.881778
0.326723
-0.532451
-0.217476
-0.472255
3.10014
1.14731
-11.0536
-44.8366
1.99428
-4.10727
1.56411
0.998429
1.73628
-1.40941
-11.9751
99.3665
-1.11295
-3.55096
0.106678
7.1278
-0.594418
1.68333
-0.247834
21.4679
-0.129108
-3.79037
0.317764
0.252844
0.927143
2.8731
0.227743
-3.29659
-0.832186
-1.32719
0.570671
14.2582
-1.48365
0.601055
-0.713661
-0.636206
1.26079
0.0943203
0.617394
2.76444
-2.14927
-1.19796
9.4319
-1.73134
-5.05937
0.490835
-0.997586
0.449505
0.10672
-0.725867
-0.166867
-2.56398
-2.76019
-0.800953
2.80432
0.491234
0.185771
-0.133186
-0.518322
0.325309
-0.0220644
-1.51332
3.94226
-0.163028
0.45419
115.335
-0.0362167
1.44598
-2.32149
-0.359452
-1.00638
4.23975
1.94869
0.210393
2.38309
-3.71626
-0.97275
0.0991396
-0.153492
0.0363237
-0.808405
-0.187554
-0.560705
0.657423
-32.1866
-0.330984
1.58671
1.37722
7.47111
0.208659
-1.23593
0.305142
-0.786526
-0.176712
0.609559
-4.17039
-4.72623
-1.06132
-6.62513
1.13862
-0.495567
0.440051
2.40901
1.01916
-1.76785
0.903558
-0.29488
1.70283
-1.28024
29.0097
0.253348
-0.266754
28.5848
14.1508
1.32632
0.631956
-0.468838
0.898161
7.5093
-0.271434
-0.915103
2.57623
7.58248
-0.599552
3.25629
3.40817
-0.316941
-0.471746
0.604025
-1.15639
0.306626
-23.1907
22.0528
-1.10391
1.31964
0.307168
-0.974199
-1.29772
-0.225159
2.4584
-0.656806
-0.290317
1.29154
0.582225
-0.183016
-0.0389627
-6.87017
-0.38672
-0.108981
0.405064
-0.740385
-0.165151
7.11601
97.5804
0.45
-6.12489
-0.359409
-1.40874
-0.153035
-147.661
15.172
4.51479
1.58605
2.9365
11.9097
2.34356
0.0770344
-0.560742
-0.270142
8.77863
2.86013
-0.696886
0.769772
-6.61402
-3.60256
0.449989
-0.426434
-3.7793
0.0230631
1.61383
0.591699
5.48551
-4.84006
-2.3853
-0.834012
-0.825219
-0.189707
-2.23278
0.261822
-0.347634
1.40595
0.726198
-0.605611
0.802345
-9.37929
1.00089
0.735008
-0.0277242
-0.11813
-0.757206
-0.75018
0.0270235
0.888699
4.14906
0.520517
0.901472
2.41091
0.333622
-1.72766
-4.98741
-0.0356909
1.37225
0.0196414
21.369
-2.50501
-3.84457
52.0891
0.276914
0.707008
0.93435
-1.54442
0.114893
-2.51378
-0.148666
-2.6819
1.15675
-0.652141
1.09994
0.354538
0.508657
-1.46425
-5.22213
0.907702
0.19292
-2.94016
-1.51543
-0.855514
1.20107
1.56531
1.53317
1.52262
-1.53191
-14.45
-1.19638
0.851603
-3.43716
-0.678179
-0.258343
1.94154
0.740203
0.583689
0.145057
-4.38378
-0.112656
-5.08013
0.116471
0.626449
-0.884017
2.1339
-0.497252
8.88191
-1.92151
0.151505
-0.0969016
-2.1813
-1.33195
0.0271085
-3.78836
21.2313
19.112
0.191733
0.830036
-27.303
-1.2785
-0.615957
-5.64782
-4.86285
-0.479907
-1.9592
0.802439
-1.14173
-0.687012
6.61319
0.281866
-0.596545
-1.83767
13.8309
19.1547
-1.15512
-1.01503
2.60203
-0.993454
0.803692
-1.10577
-0.247532
-3.49914
0.527666
0.939343
-4.20629
0.0897453
0.777189
1.08371
-7.6767
-1.75659
-2.01887
1.08536
0.394419
6.50091
-0.833414
2.82943
-0.196348
-1.60794
1.001
-1.86748
-1.70452
-0.133354
-1.77562
0.0853152
60.3617
-4.68726
0.15409
0.111789
0.490424
0.993543
1.32311
0.298665
0.732624
1.34415
-1.02515
1.16269
5.78607
0.535801
-0.931162
1.54832
0.387523
0.159893
0.690089
1.68215
2.2298
-77.1079
-2.83181
-0.630279
-227.03
-1.73938
1.20446
-1.73713
-1.20908
-25.8694
-0.045274
0.526629
-0.538735
0.821938
-10.5979
2.22604
-0.398872
1.29756
-5.34039
-0.896399
3.88156
-4.75327
-1.98009
2.19068
1.9908
1.22892
0.22024
-0.261819
1.10321
-3.34218
-0.718804
1.837
-0.663493
134.149
-1.84197
1.54803
-0.063806
1.94925
17.5525
0.0472397
-0.441515
-4.39423
-0.00303671
1.57065
0.147729
-0.218976
5.72997
-14.2801
-0.551405
-0.165334
-0.229107
-0.0935807
-0.35947
-5.74093
0.295384
-5.75065
-2.84515
-0.593923
1.16717
0.120163
0.825146
-1.05013
0.878796
-3.96101
0.743183
1.50184
-0.291025
-0.972352
0.543876
-0.584675
0.205819
-2.28987
0.775615
0.917109
-3.72525
-4.01506
-1.41235
-1.46118
1.26217
-0.187131
0.380671
-0.417934
-16.2306
-0.251927
-2.09118
-0.847938
-0.00896454
0.425677
0.141222
0.925238
-7.43463
-0.77485
-0.755674
0.217002
1.84923
11.7928
0.779403
0.0453529
1.44667
-0.447757
2.03648
-0.0461724
1.31188
0.00922009
-1.52346
3.15837
-5.30842
-0.169924
-1.85095
-0.946798
1.45613
2.95282
1.71536
-4.20456
0.209297
0.122222
-0.594978
-0.596635
0.645236
-1.48405
-1.34716
-0.510454
-20.5798
1.39477
-1.51481
-0.951254
-0.913281
-1.70502
1.67415
0.604179
-1.85927
0.798283
-0.0764815
-0.0940089
9.98099
0.0453714
-1.39674
-0.348997
-6.33113
0.566288
-0.883583
-0.382806
0.876467
-0.16846
1.16459
-0.836137
0.56741
-0.0748499
0.696524
-0.409157
-5.7064
1.31466
-0.0295958
-0.737791
-1.97069
-4.72627
201.748
-0.408441
-0.489622
1.98673
0.143128
0.0571942
-0.207659
-2.27454
0.113273
-0.20079
2.82423
3.5388
3.97294
6.45908
2.75257
-0.825652
-8.46592
-0.462551
2.17051
7.39072
-5.39506
-1.25493
-26.0042
-1.2142
0.859368
-1.85596
-5.59088
-0.711501
-1.08265
-0.267466
-1.70964
-0.183527
-0.101558
-0.150044
-0.837354
-1.79929
1.46844
0.757177
-0.491098
-0.178307
0.665482
2.48069
-0.373529
2.82654
-0.33252
-20.0266
83.4256
-5160.63
23.4071
-3.87483
-0.867673
1.25982
0.291042
-61.3708
19.725
-4.60301
-2.02472
1.69978
-0.00538673
-2.90629
-0.729666
0.0405568
-2.19724
-5.18151
0.822913
-5.10259
7.8138
-1.2647
0.300067
1.11397
-0.39194
0.760166
-0.295455
-1.12724
0.331619
-1.17552
1.01222
-0.527032
-0.414975
-0.827481
-0.94729
0.15694
0.638992
-1.76038
0.711282
0.492155
0.618035
2.3384
-1.68284
-2.785
-5.50804
0.272788
-0.745205
0.740114
0.652691
-1.33905
-0.608804
0.707376
2.4864
1.47193
0.181257
-0.360036
-0.51108
3.94796
-0.995219
1.5178
-0.0828414
-0.522231
1.79768
3.32486
-1.23748
0.0862737
-5.91601
7.10872
11.7474
1.47566
-5.99429
1.31989
-0.356717
0.910555
-0.124809
0.716629
-0.885614
-4.12541
-0.911475
7.05484
-9.08528
2.4561
2.33114
0.324845
0.505472
1.71846
-0.069142
0.925867
-1.12643
0.0499788
-10.6854
0.845907
2.99197
4.50446
0.567737
-0.134747
-0.913496
-0.0315141
0.348181
0.226882
0.0261915
0.822441
-0.0314616
-1.42898
0.712935
3.15713
-0.784896
-0.294265
1.07833
-1.03759
-2.55742
-7.46318
0.448414
0.560468
0.224981
0.777852
0.756251
0.406096
-0.741131
10.8026
0.389601
-1.01845
0.967639
8.93355
4.1249
0.410322
3.28403
-1.51206
-0.407853
4.38935
-0.227146
-9.15058
-0.131109
1.22457
0.405723
0.445797
12.0264
-1.04889
-8.30235
-1.48689
-2.51498
-0.896003
0.959428
-3.03681
1.05865
4.1473
-2.4525
0.283289
0.493852
6.56055
3.19021
-6.96117
41.0627
-6.25676
0.0642771
-1.18918
0.911889
0.901668
6.46882
-2.31799
0.569064
0.120131
0.232709
3.07867
2.13478
-0.976724
2.29383
-1.2047
-2.15222
-0.183269
2.25385
0.687534
1.48132
0.162979
-1.79158
3.62663
-0.569213
3.90427
17.772
-1.18364
-3.13989
0.428694
0.364569
-4.34297
0.72211
0.66885
1.11752
2.57029
4.53672
-0.0802879
1.57283
0.360683
-2.16796
0.823154
-0.659001
-0.401429
0.958464
-3.70101
-4.79682
3.40008
0.105631
0.155065
0.556315
-0.469074
-8.23205
1.42287
0.734737
-0.132707
1.25878
0.060051
-7.1435
-15.6399
-1.97252
1.12459
-0.871221
10.6275
-2.37466
-12.8205
-0.101254
0.505097
-7.2489
0.51234
-0.12489
-0.0596595
-0.764018
-4.55008
0.0486019
2.6267
-0.57345
-0.411836
2.73067
1.09416
-1.25807
-0.914612
5.72087
-0.431056
-3.26228
-2.15899
1.96107
-0.304938
-0.816032
4.04898
1.18205
0.78838
-1.06663
-0.139449
0.994194
-0.91454
-0.204293
11.0347
1.17845
-2.03693
0.0927375
-1.57467
-0.105425
-1.5198
0.899979
-0.270852
-1.1146
3.67388
-0.963821
0.51467
-0.300162
1.81345
0.392691
0.00602009
24.0126
1.42272
1.34527
-1.84046
-1.81965
1.03231
0.889353
-4.00014
-0.86682
-0.679906
-1.1099
-0.125572
0.000678313
-0.775029
0.0421337
0.324895
-0.321702
3.37599
0.254482
4.03904
-7.78918
-0.0555907
-0.075299
0.8833
5.69444
7.12315
-0.0193724
0.0542864
1.29882
0.490396
0.264433
-4.89762
-5.94215
0.0376522
8.13217
-0.614737
0.0633974
1.04136
-0.127587
-0.69817
-0.559584
2.38516
4.32177
-47.6985
0.454165
2.14643
0.388297
-0.865258
-7.45071
-0.315713
0.380986
1.33565
-0.901341
0.226705
-0.308172
1.14552
-1.26157
-0.116528
-34.1235
-0.0229926
1.49181
2.15963
0.820626
-1.01717
-18.3966
1.25589
0.198798
-0.0483566
-0.897328
-0.536494
0.796167
0.67868
0.920903
0.0768937
-1.41255
-5.29396
-0.508125
-0.119858
0.791626
0.343918
-18.8126
0.886307
-0.494943
-4.86568
-1.0357
2.23973
-1.47449
0.574557
64.3292
-2.65333
1.54143
2.1583
-5.9015
-2.72201
-3.9918
1.02705
-0.931862
0.269038
0.656876
1.35827
-1.09833
-0.759074
0.20834
0.596082
1.32246
0.246038
-0.78168
1.58362
4.45168
0.0894631
-1.29556
0.0851506
0.859187
1.09625
-6.44353
-20.994
1.8177
-0.276561
1.59421
0.35239
-3.06318
0.162094
-0.617118
0.825979
0.456475
-1.01132
-2.98354
-15.6895
-0.0318267
-0.309739
0.364079
-0.669628
2.83644
0.518291
-1.49609
-7.81345
0.848858
0.999436
8.96704
1.58654
0.578307
4.23231
-0.613005
0.168799
2.30222
0.114858
-0.428319
-0.871346
0.720513
-0.388448
-0.72462
-0.488156
-0.187833
0.0491777
-0.897982
0.8667
0.612744
1.85177
0.620784
1.14907
-1.99014
-0.999467
-0.681381
-0.779992
-1.85575
-0.186751
1.99705
0.176128
-0.636798
0.05552
1.28554
-1.02532
0.444973
-0.447342
3.77983
-1.26003
0.468206
10.0912
-0.107337
0.594641
-1.13854
0.314131
-0.894549
-1.46109
0.747636
0.333247
0.693335
-0.368549
-0.167374
-1.22836
-0.250773
3.36874
-1.36666
0.0327626
-5.57899
-3.67633
-1.45289
-1.13956
1.05957
5.25913
-0.164014
7.2188
0.511761
339.093
2.971
-1.32625
-1.4466
-3.00883
8.37172
-0.590561
-0.0684728
-1.63956
-6.87363
1.93046
0.776502
1.77337
-2.88124
2.99507
0.494038
1.79972
1.00131
0.447362
-2.67866
1.09452
0.975965
-0.0543949
1.08567
-18.2935
1.09269
-0.281709
2.24211
4.17682
1.49072
-7.50409
1.5268
1.3679
-2.57787
-0.144925
-0.979302
-3.45787
5.64391
-4.03485
-0.181416
-1.68515
3.17859
-0.840351
-0.337356
0.526697
-2.57191
0.547036
-1.65532
0.904373
0.88324
0.238984
0.853948
-0.784709
-0.469232
0.385191
-0.481698
0.0494062
0.457058
0.146936
1.28201
0.145545
-1.56114
-1.66373
-2.22256
0.544054
0.094206
-0.635426
-4.16058
-2.9338
0.117688
0.130719
1.37798
3.70869
-0.294967
0.800893
-4.07568
1.66663
0.0930312
-0.333093
1.71616
0.0975661
2.69527
-0.0269933
0.549527
-22.3491
-0.273482
0.790006
-0.0899087
4.53852
-0.235305
-1.48647
3.30822
-8.17079
-0.659136
-0.51035
0.935875
-0.344681
-1.10282
-0.0890052
-0.602765
-0.82712
2.59416
1.9165
-0.399748
-0.129132
0.404186
-0.745542
-1.04252
0.105968
0.571299
-3.29714
-1.21749
0.534469
-1.43917
-0.64401
0.998162
0.222897
-0.181893
-1.86598
-0.0604997
-0.795248
-0.106992
-3.34361
9.84078
0.533085
-0.146408
-0.295796
-0.106854
0.31064
-0.192369
-1.47427
0.828676
-2.33664
-1.53078
-0.105592
-0.793384
6.72181
-0.00671937
0.277296
-0.288282
3.64231
0.607483
21.9982
-1.54588
-0.00971166
-0.438887
1.08421
0.518285
-1.40132
0.198913
1.6222
-0.451218
-2.35813
1.54395
-1.03362
-0.355186
2.65614
0.156029
0.338918
1.24829
-0.0691868
-0.876345
0.637606
-0.893934
2.1312
0.289432
3.56159
-0.902895
-0.522782
1.20375
6.06153
0.403294
-0.877361
-1.15065
-2.89797
-1.62131
0.485699
-2.21389
0.142052
-5.76159
-0.141734
-0.0781114
-0.321523
-2.24701
0.330344
371.523
0.0758895
-4.28805
-0.444341
0.576229
0.109606
-0.459695
0.434043
1.86659
0.62854
-3.12077
-6.02715
1.50606
-0.518665
1.93506
-0.642849
-0.135903
-4.99462
-0.344907
-0.571448
1.71415
0.714702
0.707247
0.586299
-0.892864
0.105537
0.419106
1.74693
-4.89485
-1.80839
-0.834693
-0.195368
1.64183
1.25902
-2.24817
0.241404
1.51194
-0.0706216
0.401039
0.233295
0.328619
-1.3558
3.61732
-0.843774
0.745286
-19.8729
2.8582
0.902732
0.131152
-2.54668
-0.289757
-0.251912
3.28636
-1.20123
0.152978
-0.119539
-1.90458
0.838787
0.784808
11.0561
1.40515
0.198699
0.266222
6.63205
-0.800742
57.2245
2.08919
0.0546728
0.688693
-6.03644
8.44398
-1.33077
7.00966
0.0465865
1.54637
0.747615
333.172
0.247777
0.105774
-13.5908
2.94308
-0.803666
29.1688
-3.16972
-2.08072
-0.240359
0.122801
-0.698996
-2.24018
-1.04465
-5.19541
1.06937
-2.96565
-0.127634
0.946998
-0.902052
1.27091
-1.29075
-1.48101
-3.06183
0.995024
-0.801728
0.487179
0.708864
1.06739
-0.348796
-1.39203
0.28998
0.535833
0.894976
0.634533
3.71141
-0.304285
-0.596721
-0.140445
-0.957542
1.57425
2.46194
-0.658206
4.50343
-1.08324
34.5401
-506.913
-0.279908
-0.484704
0.887636
-0.738405
1.17067
-0.184421
1.97215
0.083629
-1.30042
1.56765
-0.125812
1.81394
-0.45276
-0.28841
0.626896
3.92417
0.885715
2.515
-0.300289
0.248573
-0.713924
-0.334384
1.45078
-0.20615
-10.9814
-0.227043
0.536325
6.8236
-1.55255
-4.05333
2.59115
0.00448423
1.97877
0.693124
-1.0474
0.353211
-0.828619
2.82903
-0.108122
0.150702
-0.867255
-3.78534
0.0862472
-4.36155
-0.575253
-0.573166
0.130764
12.1944
-0.396133
-9.14897
-0.360678
0.127019
-3.24278
9.00674
0.211482
-0.539148
-1.10343
2.66032
0.148253
0.267039
-8.31592
-0.4185
-2.18445
-2.02741
3.64349
0.853098
0.161325
-1.12805
-1.27402
0.538529
-0.261809
-1.70223
-36.0978
-1.02128
3.62096
0.384479
-7.58158
1.18397
0.0478667
-1.4788
0.476567
-0.929626
2.58314
0.120761
6.3255
-1.94227
0.644421
-0.986497
9.2435
2.14485
1.12433
2.67149
-0.708443
0.875612
0.10363
-0.796341
0.00899065
-0.828268
0.559893
-0.626888
1.09039
-1.20434
-0.932206
-5.23376
2.33433
-8.72698
-3.96599
3.01192
1.29187
1.73738
-0.17396
-1.18906
-74.7142
-2.10185
-3.392
0.130051
6.5183
-13.5704
-8.02465
0.229745
1.1924
0.206263
16.5409
-1.72821
-0.569083
0.487168
-0.916848
-0.0448653
1.31019
0.78021
0.238897
1.41755
-1.27546
-1.47661
0.209232
-1.00989
0.525578
-0.507443
-0.00426531
0.579772
-0.732598
0.486993
0.902266
-0.674447
-0.236455
0.479119
0.919757
0.428907
-4.87259
-0.721976
13.8304
2.46639
1.73525
1.15044
9.26366
3.92258
-0.735787
-4.71759
-0.080263
-46.3193
1.35839
1.67757
0.286127
3.9449
-0.25937
1.04046
-0.680308
-0.0514337
-0.130839
2.5217
0.856873
0.543035
-8.05543
-0.352955
104.146
-0.664239
2.34856
0.966964
0.85523
6.14832
-2.41704
1.11501
1.06783
6.50479
0.223928
-6.76176
0.48773
-1.45991
-0.880469
5.88046
-0.503273
2.14774
-1.42863
-3.60052
4.64042
-0.916249
0.112099
0.54305
1.65105
2.39905
2.50637
2.38062
0.438366
1.71116
7.179
6.52191
-0.0883234
0.326843
0.715308
3.57865
2.56797
2.2162
-0.820472
-0.479528
0.728295
-118.362
-1.04842
-1.72842
0.00634822
-1.20369
-0.305136
-0.172428
65.8482
0.457286
6.2118
-0.0532223
-0.381029
-0.215269
13.0392
-0.242385
-0.542415
-0.00772642
0.180609
0.814767
1.53168
-0.529468
-137.973
-0.738318
0.15199
-0.0420582
-0.385673
-2.29565
0.38001
0.0485615
-0.848182
2.7311
0.595681
2.51764
-0.964522
-1.25714
-6.55035
-1.91863
1.80912
-0.261788
1.15181
0.0565255
0.650657
-0.367722
-1.60795
0.938788
-3.58675
1.30992
-3.27001
-5.69127
16.2883
2.92349
-0.405274
7.91144
0.206864
-1.96141
-0.758607
-0.554876
0.415113
-1.49437
15.0282
0.681456
-1.43457
-17.1241
-7.02385
-0.205455
-15.9049
1.88159
2.28232
-0.609026
-21.3549
-11.41
-0.363406
-2.16365
0.414349
-0.118742
0.79525
1.3651
2.5515
-0.0275643
-5.68535
-0.18586
-0.0728827
0.690702
7.40398
1.23055
0.679481
-0.12372
9.44094
2.5566
11.3911
-0.955707
1.08153
0.183933
-1.69449
-6.49964
1.12335
0.369198
-0.097157
-0.987965
-6.91288
2.38709
0.739505
-0.936805
-0.669823
-1.70856
0.749657
-1.32141
0.385473
0.457276
1.28579
0.361579
-1.75487
1.11808
-0.130048
-2.21428
-0.239464
0.372542
0.288152
-0.805001
-0.220843
-0.902508
0.0573038
-1.57542
0.381987
3.35535
0.400543
1.16483
0.838264
-0.756426
0.0132137
-1.70231
0.0409472
-0.466939
0.840785
0.657241
-0.385482
-0.394797
-43.4969
0.374757
4.15736
1.95129
0.255332
-5.43132
-3.16781
1.27514
0.651771
0.252549
0.619417
3.47652
0.853418
-0.0209862
0.06737
-0.107564
-120.732
-0.191801
-0.216937
0.336561
-1.41742
-0.249041
0.575392
-0.402857
-0.328696
-1.55351
2.2923
9.0625
4.75432
-1.27005
-3.01767
-0.410945
1.08254
-1.64182
0.177089
-12.6896
-1.24045
0.339027
0.582589
-2.21186
1.89326
-43.0947
-0.224326
1.40005
1.30407
-1.87127
1.25573
-0.202816
0.00298414
0.290918
-0.660679
1.62765
0.277486
0.73657
-0.32393
0.100673
0.913662
-0.505652
4.51107
4.5554
8.01401
1.06939
-1.8812
-0.466723
-9.97228
6.09297
-0.500662
1.40252
3.57374
0.0217325
-0.658209
-0.122816
0.140558
12.3541
0.85057
-0.482257
0.9061
2.83229
14.9606
-2.03613
-0.101565
-2.27349
1.33727
-0.661005
18.8764
1.81477
185.557
-0.476483
0.0899324
3.17135
1.32627
-0.461592
0.0861706
3.71423
0.691279
0.481878
0.805528
5.67692
0.272979
0.0544097
-2.51897
-0.0331658
0.755293
-26.0944
-1.16332
0.305679
0.0413122
4.43159
-0.33855
-0.566718
-2.3638
0.402727
2.03622
-0.910626
1.90531
-0.456467
2.52364
-0.00155256
5.72942
-1.81746
-4.89426
-1.05498
3.13928
-0.909157
-0.576287
0.549719
0.77395
5.44544
2.30056
16.5171
0.586648
-0.108894
-0.175739
11.1581
-0.936328
0.00379693
-0.998916
0.146326
-0.702174
2.60029
1.53862
-1.56699
0.00363403
2.34541
0.645462
-6.62429
0.239403
0.337547
-1.04001
1.71819
0.323547
0.646093
0.190744
0.991708
-29.1361
0.201212
4.10175
0.0181984
-1.01047
1.40807
51.9847
-1.16518
-0.917173
-0.219349
68.5909
-5.63621
-19.8079
0.441751
0.413781
1.51738
1.42646
-0.183555
-6.57073
-1.69915
0.402593
7.22215
2.60593
-0.0895047
-0.87368
-0.857579
-6.50959
-0.519936
0.912941
1.47142
-0.475149
0.622154
36.7194
-2.22312
-2.40823
5.50597
-1.87744
4.01914
-0.203951
2.51626
0.659987
1.75511
5.32015
-0.856791
-0.160946
0.473461
-0.0879812
0.703523
2.43548
2.97834
0.166718
0.234633
0.327419
0.149617
6.75005
-0.406576
1.81753
-2.14123
0.736958
0.671191
-0.844064
-0.0534566
5.99419
2.70402
16.1137
0.149718
-108.208
-0.184828
10.4295
-0.183626
-7.1359
-1.34684
-0.0358333
-0.057505
-1.45209
-0.884853
-0.21863
-8.54354
2.36902
0.838774
-0.000777832
0.418504
1.78368
-0.273008
-0.601123
-6.07427
30.7849
1.49427
-4.49745
1.34868
0.574007
2.88336
-0.527506
-0.207986
1.94584
6.94844
-0.118
3.48689
1.24239
-0.444352
0.685653
0.615321
0.426409
0.225284
7.22502
3.18044
4.54317
0.722473
0.337732
-15.6857
-0.560016
1.98805
-1.1783
-0.492756
-0.996111
-0.255955
-0.510454
0.279539
-0.100913
-0.805133
1.17225
-0.614507
-0.290032
-0.317335
12.0187
-1.61096
-1.99018
-0.832652
-9.03693
-0.715791
2.51181
-0.988482
0.0369209
-4.42
-0.815274
-0.0232753
-0.612366
-0.415284
1.41985
8.67564
-0.495844
1.54887
-0.80644
1.46244
1.47067
2.2895
0.23358
2.03064
1.82296
-0.151432
-0.385021
0.123106
-14.3129
3.13614
-0.264249
-0.215252
13.1903
0.277897
2.63819
-1.96279
-4.77043
0.739204
-0.977768
-0.178974
-2.36154
-0.930019
4.29645
1.14776
6.44024
-1.03086
-0.290322
-0.451662
0.338432
0.565592
1.27064
2.92018
0.65977
7.04229
-1.20909
3.62748
-5.12527
1.11574
0.996954
-0.552073
1.92755
0.605772
-2.57565
-0.77244
6.13111
0.390112
-3.51232
0.0778256
-1.76824
-5.52637
-2.41943
-0.0533164
1.69304
15.8305
2.01791
0.994864
-7.91927
-2.22939
-1.19691
-3.91082
-0.50051
-0.706284
0.288068
0.404905
0.133741
-0.554887
-2.70618
0.500428
-8.91969
4.12975
0.796447
-0.488161
29.7386
0.292489
0.477538
1.28327
-1.78861
-0.444186
-2.30204
-2.69877
-0.448215
-4.60117
-1.73202
1.01179
-0.90418
0.613775
-0.340835
3.88642
4.26294
1.04157
-1.04623
-0.81736
3.72167
-20.0597
1.57385
-0.387155
3.10469
-0.794846
-0.178037
-0.73382
7.06188
-1.41248
1.50307
0.110488
-3.94123
-0.881515
2.20806
0.0130207
8.41477
-0.63825
0.131852
9.08494
0.0745653
-2.05052
3.89561
-5.42613
0.815952
-0.171918
0.905037
0.463703
1.46461
1.58201
4.84101
0.315329
-2.73551
0.168253
0.451347
-1.65976
0.364755
-0.219397
-1.12788
-0.927706
0.811941
1.90876
-0.137999
-0.803081
0.0607615
1.47561
-1.22629
0.256306
-0.139147
1.62398
-0.00138968
10.6558
-8.21514
0.0514787
8.18381
-2.15592
-0.301066
4.66852
0.754105
-2.56976
-0.40994
0.538409
-4.11894
1.00331
-1.87904
1.07313
-0.328247
1.8077
-0.228758
0.687971
-0.0393807
0.603916
-1.66453
0.859803
-2.18162
0.0705685
-1.20419
3.3778
-2.40566
0.541558
0.580895
-1.49481
-0.5574
3.57838
-0.173104
-3.30544
9.53599
-0.807191
-0.224608
-4.42647
0.786302
-0.906408
0.999389
1.0414
-0.831519
-2.90204
-3.47245
1.15456
0.123119
0.740204
0.714822
-0.432671
2.09753
-0.544967
2.11986
0.851471
1.3039
-1.50977
0.124857
-0.477399
-0.373832
1.01063
1.33857
2.96041
-1.54589
-1.21858
-3.31182
0.499519
-0.148132
1.44299
-5.44504
0.125246
-1.47688
-0.474887
3.7617
-0.477846
0.672813
-1.51162
0.887484
-1.00729
-4.30014
0.862752
1.509
-10.8247
2.23731
0.58832
9.64512
-1.01543
1.35713
0.993102
-1.90491
-2.49519
-0.86021
-25.9757
1.33247
-1.52298
-0.487213
0.979119
-1.17994
0.8947
-2.1113
-0.0199326
0.703484
8.69829
-2.62523
0.0339032
0.672513
-1.1543
-0.694979
0.796795
2.04943
-0.093567
-0.26457
-4.16029
0.586242
-0.160642
0.161111
1.03368
1.93273
-0.285403
-0.334774
-1.17348
1.40185
0.182057
-0.191639
2.21678
0.80627
-6.58292
-0.779106
-1.86695
-6.38121
6.96771
-6.41984
1.13484
-1.87365
2.62589
-1.26089
1.38851
0.654785
0.0166882
3.04107
2.80887
0.415547
-0.9751
0.449188
91.2073
0.329502
-3.61129
-0.950578
-4.08018
-0.0614847
0.375228
0.1293
-2.92531
-0.650044
0.946218
0.527623
-0.517962
0.563681
-1.00982
0.655721
-1.04737
-0.384356
1.0796
0.300276
0.124866
-0.249937
8.26211
0.409925
2.97463
0.619968
6.55109
-0.323977
-0.326105
-0.0253987
-0.593612
-1.20593
1.68694
-31.5477
-0.186133
5.54726
-1.13559
-0.124762
-1.73652
-2.35908
1.42325
2.20783
-2.52749
-0.439143
-1.96976
0.606221
0.179259
26.373
-13.7796
-1.41209
-0.349712
-1.64171
0.660236
0.852867
-0.594199
-0.486008
1.03178
-0.017134
-6.66364
0.184777
0.106515
0.302418
-4.20107
-2.80232
-0.00135253
-3.9913
0.322733
0.627118
0.699214
-2.90958
2.27626
-0.654434
-0.0450677
1.87374
0.172736
0.194933
0.644162
0.206229
0.0964963
-6.3696
35.4643
-0.313166
-0.681581
-2.22687
-2.71617
-0.980826
-0.112082
-0.436118
-0.393562
2.91877
-2.68993
-0.0419356
1.51354
9.02666
-1.69136
-0.223105
-1.28058
-0.354405
-0.784379
-0.74876
-0.598333
-1.81689
1.6757
0.214036
1.90576
-1.32917
-4.91812
2.75622
-5.2697
1.42633
-6.2465
2.29911
-0.0442279
-0.851797
-4.17675
-0.218168
0.287109
-0.491628
-0.651898
-13.009
-0.16246
-2.91017
0.280189
3.31174
-37.4791
0.250528
-0.0685126
-1.22314
0.583433
0.191041
-2.38164
-7.33761
-0.371092
4.11342
0.252049
-1.35428
-4.30656
2056.16
-1.9291
-0.357674
1.3039
1.12541
-0.393723
-2.76513
-2.43988
0.0597284
0.403907
-0.104309
-0.59124
-0.552483
-0.463815
-1.09277
0.548377
1.06304
-4.57099
-5.89784
-1.17627
0.596322
-0.163043
-6.1057
17.8132
-7.47922
1.28804
-2.24303
0.297691
-0.817371
1.31206
-1.75675
0.656731
0.895479
0.870357
-0.961565
0.308277
-0.362444
1.1876
-3.2629
1.57751
-3.15319
-0.462466
-0.376618
-0.941937
2.23227
0.376864
-0.743276
-0.770523
0.194359
2.10938
-0.714436
0.373779
1.18633
-0.124888
-0.673232
0.936717
0.597669
0.719226
-0.0590163
-0.547172
6.43655
-2.17097
1.82802
0.132421
2.03695
-0.596189
0.628688
-0.581923
0.677975
3.06837
0.896306
3.86501
6.08766
-2.87935
0.167117
-7.28178
-0.978549
-5.06627
1.70138
0.176239
-1.49105
-0.353408
-0.512342
-5.1208
2.7068
3.7892
-4.02089
0.32039
-0.333037
-0.291009
0.48225
0.520661
-1.14027
9.68261
1.10378
0.934471
-0.963597
-0.711597
1.08141
-1.16055
-0.577452
-0.64391
0.108462
0.0349596
0.409199
-1.95654
-0.627783
-0.644103
-5.09443
-0.722899
-2.16166
-0.999081
6.08426
0.231004
1.04783
6.51866
-0.193371
0.557393
0.200092
-0.0539431
0.359688
5.7385
0.614784
0.733186
0.0721068
1.09419
0.211641
1.65145
0.721679
1.14381
-0.496212
-0.129889
0.859961
-3.70667
-0.62691
0.0155839
1.63323
-4.42928
4.01658
-1.06849
2.23044
4.59047
1.48197
0.199931
-0.837442
0.0166908
0.09495
-0.729706
0.917718
0.344484
-9.38463
0.385216
-2.17641
-0.336854
2.64213
-2.35521
-2.9357
0.337948
-0.59081
-1.36075
0.386096
-0.435696
-0.498911
-0.87026
0.189056
-3.55701
0.149874
-0.160961
-0.547977
1.70513
3.65406
-0.35328
0.650773
0.538777
4.30458
0.181307
-6.42182
0.0764768
1.12545
-0.406068
-3.83727
0.398031
-1.98793
-2.25116
-6.04304
-2.30114
73.8889
1.75696
1.12827
0.337729
0.387765
-5.61081
-0.613455
1.70059
-4.63371
1.38812
0.270615
-0.63123
-0.0974488
1.26511
-2.46623
-0.761639
-1.16725
2.37681
-72.6492
-0.863068
0.0328677
-1.10807
-0.455942
0.459189
0.36164
4.56916
-12.4721
0.378352
-0.721488
-1.45119
-1.54108
0.267707
-6.43523
-10.5795
-1.10425
-31.1865
-41.5644
1.35127
-6.02232
2.72864
0.218249
0.822917
-1.34685
-0.639488
-0.183573
-0.634244
-3.20541
0.544973
-0.090474
1.21121
-2.20786
0.50477
-5.90679
-2.00893
0.0480806
1.89412
-1.08224
-1.27685
4.22658
-0.259628
-2.6546
-28.2321
-52.4017
-4.07512
-0.574773
-4.0927
0.232614
5.72494
30.297
0.303702
-0.498592
1.21458
-1.62418
0.355578
1.48139
1.53085
-3.39939
-1.6458
-4.05342
0.0984398
-0.382988
-0.159164
8.54133
-0.516191
-0.862296
-0.254299
0.35128
0.129603
-0.942859
-1.9467
-2.10806
-7.52878
-2.82007
-0.931622
-0.0697007
-0.339695
-3.3854
-0.720492
-1.27137
-4.78311
-1.64745
-2.23239
-0.616414
14.3836
0.324633
0.169161
1.96988
3.03283
-1.63629
-1.01737
-0.161884
-16.3412
1.35579
-1.43606
0.450376
-1.25648
-4.04428
0.0380971
-2.35522
-11.316
-0.657919
-0.553124
0.868064
20.1374
-0.26583
-1.11847
-1.12593
9.60801
-0.481727
0.718687
-0.734368
0.688952
1.02002
-2.28129
-0.194457
0.795816
-5.13786
3.60585
1.31453
-1.29558
-0.218092
-0.851613
-0.0385669
87.8307
0.195605
1.52346
-13.428
-0.494049
-0.23213
125.98
-0.632741
-0.177022
0.487522
-43.5126
0.264943
1.03125
-573.056
7.46596
0.33714
0.324731
-0.396241
-2.59616
-1.40507
0.279869
-0.719364
-0.262714
-0.364301
-0.260317
-0.561328
0.259039
21.0205
0.650649
2.23117
-1.84963
3.35618
-3.05224
0.861254
-3.75594
27.4246
-0.476055
-0.244865
2.11267
-0.306889
-2.87457
-1.58324
0.863818
-0.612045
-0.090772
-0.745953
-4.11954
5.19031
-0.492601
0.137303
3.01234
-1.30686
-1.00147
4.39642
-0.731253
-0.0908826
4.76571
0.700146
-7.27555
-0.403665
8.06259
0.515804
-5.69861
-1.22386
-0.0456006
1.237
1.8899
0.0187197
3.05366
-0.471251
-0.42915
-1.18934
-0.215661
2.01258
-1.09098
-0.176422
-2.07991
-1.23168
-0.742526
0.938662
-0.633322
1.22939
0.551938
-3.34562
-4.70501
0.504345
-37.3583
-0.642173
-1.87176
-0.953622
-0.301701
0.940946
0.580702
0.505318
-4.20098
0.173654
-1.30952
0.0655426
0.660415
0.504948
-1.93549
-1.03379
-0.976808
9.10607
0.37802
4.13253
1.86911
0.0669078
1.68165
-7.81818
-0.986323
-1.09685
-0.251428
0.872005
-1.17835
-0.313843
2.5905
0.40962
0.517829
0.756216
2.10535
-0.0912489
8.34196
-0.217235
0.524886
0.798331
1.34692
1.55703
-3.50141
0.747312
-0.641406
2.18527
-0.070304
-0.920307
-0.943488
-0.153546
-0.886347
0.670012
-0.168125
-0.292882
-0.411583
2.75733
-0.431798
0.0454126
8.85331
-0.290185
1.72264
-0.106542
-0.283635
-0.0810204
-1.53659
-0.32971
19.5562
-0.431868
-1.1438
-0.116143
0.326348
-62.0468
2.92829
16.2145
1.96937
3.61127
-1.7827
30.5122
-1.89958
-0.100784
4.27295
-0.0637457
-0.554024
-1.68163
1.36625
0.0875379
-26.3888
-2.65489
-0.609746
-0.154133
-0.856845
-1.86653
-1.66498
5.36213
2.21078
0.334641
2.01009
-0.409825
-0.844799
0.12954
-6.92129
0.395516
-1.56872
-0.536375
-0.475954
0.680641
-0.424299
0.708017
1.34785
0.876923
2.45316
3.48797
2.91099
0.8007
-1.79547
-1.5506
-24.0398
-1.04152
1.36851
2.03078
3.3257
-6.08558
0.00996175
0.912826
-0.535604
-0.101912
0.810994
0.42992
33.7269
1.18873
1.22568
1.27429
15.4534
0.650297
0.556002
-0.80235
0.873364
-4.62096
-1.08424
-0.720415
3.74614
2.13474
0.813384
-0.244934
-0.0631742
1.45565
1.89768
3.27526
-1.13051
-4.64078
-2.38161
0.326041
-0.208179
0.600398
0.146222
-0.374431
-0.325489
6.59062
0.539073
-7.31307
-7.66974
-0.113179
1.59651
-4.06656
-1.99145
-1.74894
-1.3374
-1.70806
-3.24562
-6.30381
3.72531
3.41689
0.328053
2.27767
-2.36615
9.81207
0.397399
-1.72084
-2.51941
0.658793
-2.26262
3.87923
2.28433
-3.96884
1.05695
0.871533
0.59872
0.195935
5.0959
0.533757
1.08752
-0.685797
0.0574486
-0.845292
0.624814
1.46224
16.7574
1.0739
0.590627
-0.29119
7.16212
0.421918
0.0495196
2.49219
-0.635273
-2.12255
1.60886
0.219902
-1.04065
5.93488
0.172787
-2.45111
-19.3002
0.0972236
-0.779299
5.05242
-0.277319
-2.37087
-6.94432
10.7477
0.51583
-8.19162
1.75201
-0.583281
-3.50031
-0.32755
0.831762
10.3339
2.13348
-1.0947
0.669075
-1.33652
0.17934
-3.42781
-3.42299
3.20258
-1.37776
1.07391
-0.0641211
5.44938
-1.89321
0.396776
-1.50472
0.423772
-0.614986
-2.42243
-1.83785
-31.3503
-0.18345
8.08626
-1.3591
0.12887
-1.22966
-0.670666
-8.33216
0.23757
3.33027
-0.10511
-16.2601
1.04173
-0.128511
-1.76055
0.909294
2.62206
1.63481
2.86984
0.627581
0.232031
36.7235
-0.385897
4.45784
1.87828
0.705358
20.4779
0.665498
0.0645974
-20.997
-1.21058
-0.284831
-0.188873
2.04291
0.871689
-4.26679
0.475262
10.3218
2.54604
-0.0794405
-2.23606
-1.60644
0.368825
-0.696226
-0.860537
-0.921387
10.8929
-0.0541634
-7.28614
0.241831
-1.32259
12.4586
1.00382
-0.194852
-0.0787951
3.21769
-0.895506
-5.17502
0.417217
6.25796
0.312612
-1.88311
20.1148
-4.01274
2.17151
-0.235398
-1.18704
-0.484821
-8.85371
0.834098
-0.0834655
-1.82555
-1.55694
-0.409341
0.972955
-0.822465
-4.28447
0.218599
-0.440969
0.764116
-0.907946
0.862768
-0.0313923
-0.838985
14.2471
-1.01608
0.497823
-0.0513778
32.9373
-0.122027
0.0854504
-4.16869
5.95224
-4.43415
-2.53305
-2.69487
0.300299
4.30062
0.5599
-1.63733
0.372288
-0.195094
-12.9885
34.0186
-0.751298
6643.71
1.63349
-0.0198453
1.54004
1.72705
-7.42441
-0.209528
-1.06399
-0.909723
-0.892642
-0.580051
1.03004
-0.387597
1.76052
0.370052
-0.833088
1.15791
0.196166
-2.14616
3.59464
1.09856
0.696458
1.18052
0.161617
3.49196
0.316452
14.2086
3.43667
-3.72236
2.04457
16.7975
0.678085
-0.0356787
0.378063
0.618225
-1.4769
0.415072
-0.681812
3.30584
-0.383007
-1.83557
-1.09468
-2.83388
0.0686066
-0.862283
1.12424
-12.8224
-3.07381
0.944688
-1.22467
0.664855
-2.20651
5.74949
-2.34799
0.08143
1.08592
2.77217
1.13654
2.23361
1.01692
-0.903593
0.169163
6.44669
0.534071
0.917407
26.9272
0.460165
1.52103
2.1461
-0.477704
-6.49785
0.534941
-0.129851
-6.15777
1.01441
0.542276
0.788041
-0.7607
0.299355
-1.2151
-0.622069
0.426769
1.71539
-0.0234179
-0.395621
11.0388
3.54672
-8.06469
0.151877
0.0199037
1.37049
-0.41271
-2.91794
6.98025
0.368151
-0.0570075
-0.396986
-10.8597
42.1989
-0.0494009
-5.52616
-0.754908
-1.51202
28.5028
0.435134
-0.0338203
-2.19232
-2.672
-0.567216
-1.65118
-5.88917
-0.402147
-1.22139
0.148147
-0.547566
-0.410222
2.88745
-0.718969
0.476969
-0.298014
-0.425583
-0.33414
5.03472
-0.69324
-11.5173
-0.779019
0.00802004
1.64944
-0.542561
0.276485
5.23898
-2.90513
5.70567
0.649593
-3.39183
1.71691
-0.676079
-1.32542
-0.11698
1.28993
4.03746
0.0370041
-0.161541
-0.0898492
-2.04432
0.0047613
1.04068
-0.559605
1.87516
0.213169
-0.269781
-0.530871
-0.232582
-0.0711056
-1.18734
2.9226
0.773157
-0.414337
-1.65719
-1.20202
1.3643
-0.384418
3.09893
0.64841
-0.0163087
5.87396
-3.88179
-0.540301
0.601448
-2.10161
0.472396
-1.18829
-0.641331
1.46171
0.0659985
1.18297
-0.710118
26.9105
6.58949
-0.0665854
-0.758525
0.548236
1.96259
-1.18768
4.9125
0.286104
-0.512525
4.2278
0.135003
0.065502
-0.937376
0.533071
-1.49211
1.88258
-0.0637777
5.70165
-0.262756
0.201122
0.257539
1.61966
-2.26504
0.861732
-0.435126
0.658277
1.16732
-0.313035
0.0605545
0.628775
2.52101
-2.2715
1.03186
2.34717
-1.35094
0.576429
-0.21416
-2.42522
0.637128
-2.81036
-0.130958
1.67583
0.121393
-1.38752
-7.41149
1.1424
0.863914
1.89259
-0.572376
3.56598
-0.797287
2.63647
0.264022
-0.642113
-0.963513
0.37413
0.440474
-0.610504
-1.62165
-0.228554
1.91746
1.25176
2.37053
1.09466
0.53459
-0.475735
0.676317
-1.21798
-0.99199
-2.14007
-0.750944
0.25366
