           1   -0.293824   -0.293824           0
           2   -0.313056    -0.30344  0.00961641
           3   -0.310473   -0.305784  0.00602664
           4   -0.295928    -0.30332  0.00492254
           5   -0.291047   -0.300866   0.0045348
           6   -0.332177   -0.306084   0.0063987
           7    -0.37857   -0.316439   0.0116821
           8   -0.398144   -0.326652   0.0143757
           9   -0.406538   -0.335528   0.0154765
          10   -0.369131   -0.338889   0.0142446
          11   -0.374471   -0.342123   0.0132846
          12   -0.418853   -0.348518   0.0137095
          13   -0.393277   -0.351961   0.0130725
          14   -0.377783   -0.353805   0.0122425
          15   -0.371808   -0.355005   0.0114602
          16   -0.344505   -0.354349   0.0107401
          17   -0.405718   -0.357371   0.0105314
          18   -0.407587    -0.36016   0.0103136
          19   -0.425148   -0.363581   0.0103379
          20   -0.360631   -0.363433  0.00980849
          21   -0.337169   -0.362183  0.00941319
          22   -0.361077   -0.362132  0.00897527
          23   -0.365928   -0.362297  0.00857775
          24   -0.414527   -0.364474  0.00849602
          25   -0.406975   -0.366174  0.00832454
          26   -0.405848     -0.3677  0.00814223
          27   -0.397535   -0.368805   0.0079124
          28   -0.421412   -0.370683  0.00785266
          29   -0.409647   -0.372027  0.00769524
          30   -0.398555   -0.372911  0.00748671
          31   -0.377798   -0.373069  0.00724289
          32   -0.383886   -0.373407  0.00702104
          33   -0.398774   -0.374176  0.00684824
          34   -0.371458   -0.374096  0.00664425
          35   -0.408789   -0.375087  0.00652732
          36    -0.36555   -0.374822  0.00634895
          37   -0.417177   -0.375967  0.00628018
          38   -0.400269   -0.376606  0.00614604
          39   -0.421539   -0.377758  0.00609624
          40   -0.405755   -0.378458  0.00598296
          41   -0.396321   -0.378894  0.00585145
          42   -0.377864   -0.378869  0.00571048
          43   -0.435376   -0.380184  0.00572885
          44    -0.43151    -0.38135   0.0057174
          45   -0.449854   -0.382872  0.00579252
          46   -0.421831   -0.383719  0.00572815
          47   -0.409653   -0.384271  0.00563204
          48   -0.359602   -0.383757  0.00553736
          49   -0.422466   -0.384547  0.00548041
          50   -0.442936   -0.385715   0.0054952
          51   -0.418012   -0.386348  0.00542348
          52   -0.402913   -0.386667  0.00532769
          53    -0.37218   -0.386393  0.00523334
          54   -0.414294    -0.38691  0.00516144
          55   -0.428191   -0.387661  0.00512202
          56   -0.401979   -0.387916  0.00503621
          57   -0.395466   -0.388049  0.00494884
          58    -0.38934   -0.388071  0.00486282
          59   -0.370448   -0.387772  0.00478901
          60   -0.380984   -0.387659  0.00470988
          61   -0.384919   -0.387614  0.00463224
          62   -0.387369    -0.38761  0.00455692
          63   -0.423279   -0.388177  0.00451961
          64   -0.469817   -0.389452  0.00462771
          65   -0.532492   -0.391653  0.00505959
          66   -0.439571   -0.392379  0.00503496
          67     -0.3793   -0.392184  0.00496308
          68   -0.382005   -0.392034  0.00489184
          69   -0.423869   -0.392495  0.00484245
          70   -0.409479   -0.392738  0.00477894
          71   -0.441039   -0.393418  0.00476001
          72   -0.381683   -0.393255  0.00469627
          73    -0.38887   -0.393195  0.00463188
          74   -0.377319   -0.392981  0.00457389
          75   -0.343891   -0.392326  0.00455971
          76   -0.384004   -0.392217  0.00450065
          77   -0.333545   -0.391455   0.0045067
          78   -0.310306   -0.390414  0.00456858
          79   -0.349411   -0.389895  0.00454014
          80   -0.350253     -0.3894  0.00451033
          81   -0.337969   -0.388765  0.00449933
          82    -0.37712   -0.388623  0.00444639
          83   -0.399027   -0.388748  0.00439428
          84   -0.433124   -0.389276  0.00437367
          85   -0.518399   -0.390795  0.00458111
          86   -0.464907   -0.391657  0.00460881
          87   -0.469687   -0.392554  0.00464298
          88   -0.485421   -0.393609  0.00470967
          89   -0.484092   -0.394626  0.00476614
          90   -0.470707   -0.395471   0.0047881
          91   -0.438609   -0.395945  0.00475886
          92    -0.45474   -0.396584  0.00475004
          93   -0.447207   -0.397129  0.00473011
          94   -0.398838   -0.397147  0.00467955
          95   -0.392567   -0.397099  0.00463029
          96   -0.403577   -0.397166   0.0045823
          97   -0.388575   -0.397078  0.00453567
          98    -0.40881   -0.397197  0.00449075
          99   -0.394103   -0.397166  0.00444527
         100     -0.3761   -0.396956  0.00440563
