           1     1.76253     1.76253           0
           2     1.77692     1.76973  0.00719276
           3     1.77494     1.77146  0.00450142
           4     1.76398     1.76959  0.00369148
           5     1.76031     1.76774  0.00340916
           6     1.79115     1.77164  0.00479291
           7     1.82599      1.7794  0.00875713
           8     1.84071     1.78707   0.0107816
           9     1.84703     1.79373   0.0116107
          10     1.81894     1.79625   0.0106865
          11     1.82296     1.79868  0.00996661
          12     1.85626     1.80348   0.0102862
          13     1.83706     1.80606  0.00980816
          14     1.82532     1.80744  0.00918422
          15     1.82082     1.80833  0.00859646
          16     1.80033     1.80783  0.00805677
          17      1.8462     1.81008  0.00789739
          18     1.84765     1.81217   0.0077327
          19     1.86096     1.81474  0.00775209
          20     1.81255     1.81463  0.00735509
          21     1.79493     1.81369  0.00705874
          22     1.81287     1.81366  0.00673034
          23     1.81651     1.81378  0.00643226
          24     1.85297     1.81541  0.00637122
          25     1.84721     1.81668  0.00624204
          26     1.84637     1.81783  0.00610485
          27     1.84019     1.81865  0.00593248
          28     1.85819     1.82007  0.00588852
          29     1.84934     1.82108  0.00577081
          30     1.84095     1.82174  0.00561434
          31     1.82542     1.82186  0.00543151
          32     1.83001     1.82211   0.0052652
          33     1.84114     1.82269  0.00513563
          34     1.82064     1.82263  0.00498265
          35     1.84869     1.82337  0.00489515
          36     1.81627     1.82318  0.00476131
          37     1.85507     1.82404   0.0047104
          38     1.84238     1.82452   0.0046101
          39     1.85836     1.82539  0.00457343
          40     1.84649     1.82592  0.00448874
          41     1.83944     1.82625  0.00439031
          42     1.82553     1.82623  0.00428453
          43     1.86856     1.82721  0.00429796
          44     1.86559     1.82808  0.00428879
          45     1.87927     1.82922  0.00434396
          46     1.85824     1.82985  0.00429507
          47     1.84913     1.83026  0.00422266
          48     1.81167     1.82988  0.00415187
          49     1.85882     1.83047  0.00410895
          50     1.87417     1.83134  0.00411974
          51     1.85547     1.83181  0.00406578
          52     1.84418     1.83205  0.00399392
          53     1.82113     1.83185  0.00392325
          54     1.85269     1.83223  0.00386922
          55     1.86313     1.83279  0.00383953
          56     1.84346     1.83298  0.00377515
          57     1.83865     1.83308  0.00370966
          58     1.83403      1.8331  0.00364517
          59     1.81988     1.83288  0.00358986
          60     1.82776     1.83279  0.00353055
          61     1.83072     1.83276  0.00347235
          62     1.83258     1.83275  0.00341589
          63     1.85948     1.83318  0.00338789
          64     1.89436     1.83413  0.00346885
          65     1.94131     1.83578   0.0037923
          66     1.87165     1.83633  0.00377373
          67      1.8265     1.83618  0.00371987
          68      1.8285     1.83607   0.0036665
          69      1.8599     1.83641  0.00362944
          70     1.84907     1.83659  0.00358179
          71     1.87272      1.8371  0.00356745
          72     1.82825     1.83698   0.0035197
          73      1.8337     1.83693  0.00347144
          74     1.82502     1.83677  0.00342799
          75     1.80001     1.83628  0.00341732
          76     1.83009      1.8362  0.00337303
          77     1.79222     1.83563  0.00337759
          78     1.77473     1.83485  0.00342422
          79     1.80403     1.83446  0.00340303
          80     1.80469     1.83409  0.00338077
          81     1.79549     1.83361  0.00337261
          82      1.8249      1.8335  0.00333292
          83     1.84135      1.8336  0.00329387
          84     1.86688     1.83399  0.00327846
          85     1.93076     1.83513  0.00343385
          86     1.89056     1.83578  0.00345434
          87      1.8941     1.83645  0.00347958
          88     1.90589     1.83724  0.00352917
          89     1.90489       1.838  0.00357114
          90     1.89489     1.83863  0.00358738
          91     1.87092     1.83898  0.00356544
          92     1.88303     1.83946  0.00355882
          93     1.87737     1.83987  0.00354387
          94     1.84113     1.83988  0.00350599
          95     1.83649     1.83985  0.00346907
          96     1.84476      1.8399  0.00343313
          97     1.83348     1.83983   0.0033982
          98     1.84864     1.83992  0.00336454
          99     1.83755      1.8399  0.00333047
         100     1.82399     1.83974  0.00330083
