           1   -0.515169   -0.515169           0
           2    -1.04542   -0.780293    0.265125
           3   -0.960288   -0.840291    0.164408
           4   -0.779348   -0.825055    0.117248
           5   -0.873135   -0.834671   0.0913279
           6    -1.12463   -0.882997    0.088859
           7    -1.29081   -0.941257   0.0950478
           8    -1.51732    -1.01326    0.109365
           9    -1.22385    -1.03666   0.0992482
          10    -1.29599     -1.0626   0.0924807
          11    -1.02244    -1.05895   0.0837316
          12   -0.912293    -1.04672   0.0774069
          13   -0.455814    -1.00127   0.0844757
          14    -1.10736    -1.00885   0.0785755
          15    -1.23466     -1.0239   0.0746829
          16    -0.98925    -1.02174    0.069893
          17   -0.840571    -1.01108   0.0665123
          18   -0.875418    -1.00354   0.0631597
          19   -0.685387   -0.986798   0.0620454
          20    -0.87992   -0.981454   0.0591035
          21    -1.22715   -0.993154   0.0574233
          22    -1.28035    -1.00621   0.0562857
          23    -1.25134    -1.01687   0.0548287
          24   -0.854935    -1.01012   0.0529263
          25   -0.864288    -1.00429   0.0510992
          26   -0.453817   -0.983114   0.0534651
          27    -1.08135   -0.986752   0.0515753
          28    -1.02204   -0.988012   0.0497152
          29     -1.0268    -0.98935   0.0479889
          30   -0.483593   -0.972492   0.0493317
          31    -1.25826    -0.98171   0.0485962
          32    -1.35861   -0.993488   0.0485047
          33   -0.792067   -0.987384   0.0474065
          34    -1.30285   -0.996662   0.0469176
          35   -0.918412   -0.994427   0.0456122
          36    -1.10885   -0.997605   0.0444409
          37   -0.544387   -0.985356   0.0449253
          38     -1.0567   -0.987233   0.0437673
          39   -0.997778   -0.987504   0.0426312
          40     -1.0976   -0.990256   0.0416428
          41   -0.986339   -0.990161   0.0406145
          42    -1.22332   -0.995712   0.0400226
          43   -0.895016    -0.99337   0.0391509
          44     -1.2405   -0.998987   0.0386609
          45    -1.47269    -1.00951   0.0392307
          46   -0.562399   -0.999794   0.0395804
          47     -1.1986    -1.00402   0.0389594
          48    -1.11928    -1.00642   0.0382146
          49    -1.26041    -1.01161   0.0377838
          50   -0.344361   -0.998263   0.0393522
          51   -0.868007   -0.995709   0.0386574
          52   -0.793287   -0.991816    0.038106
          53    -1.26606   -0.996991   0.0377366
          54    -1.12932   -0.999441   0.0371122
          55    -1.46763    -1.00795   0.0374124
          56    -1.04973     -1.0087   0.0367459
          57   -0.758239    -1.00431   0.0363619
          58   -0.921117    -1.00287   0.0357583
          59    -1.17346    -1.00576   0.0352657
          60   -0.754305    -1.00157   0.0349253
          61   -0.613392   -0.995208   0.0349325
          62   -0.620924   -0.989171   0.0348907
          63    -1.09468   -0.990846   0.0343732
          64     -1.2753   -0.995291   0.0341226
          65    -1.09428   -0.996814    0.033628
          66     -1.1129   -0.998572   0.0331613
          67    -1.21118    -1.00175   0.0328164
          68    -1.07773    -1.00286   0.0323495
          69   -0.796346    -0.99987   0.0320174
          70    -1.61488    -1.00866   0.0327569
          71   -0.900544    -1.00713   0.0323281
          72    -1.21662    -1.01004   0.0320085
          73    -0.48521    -1.00285   0.0323753
          74   -0.939549      -1.002   0.0319463
          75    -1.21755    -1.00487   0.0316482
          76   -0.719314    -1.00111   0.0314543
          77   -0.877279   -0.999506   0.0310847
          78   -0.690579   -0.995546   0.0309381
          79   -0.820513    -0.99333   0.0306243
          80   -0.928663   -0.992522   0.0302498
          81   -0.875269   -0.991074   0.0299091
          82   -0.610168   -0.986429   0.0299051
          83   -0.786925   -0.984025   0.0296402
          84   -0.997523   -0.984186   0.0292857
          85    -0.45895   -0.978007   0.0295914
          86    -1.37968   -0.982677   0.0296159
          87   -0.550506    -0.97771    0.029692
          88    -1.06732   -0.978728   0.0293703
          89   -0.957506    -0.97849   0.0290394
          90    -1.50944   -0.984389   0.0293147
          91    -1.45442   -0.989554   0.0294473
          92    -1.32069   -0.993154    0.029347
          93    -1.35531   -0.997048   0.0292898
          94    -1.07437    -0.99787   0.0289882
          95    -1.39806    -1.00208   0.0289891
          96    -1.00502    -1.00211   0.0286856
          97      -1.027    -1.00237   0.0283895
          98    -1.08349     -1.0032   0.0281105
          99    -1.29148    -1.00611    0.027977
         100   -0.805519     -1.0041   0.0277684
