0 -0.784923 0.0045629
1 -0.784711 0.004541
2 -0.784249 0.00459141
3 -0.784201 0.00459629
4 -0.784581 0.00451754
5 -0.784758 0.00452629
6 -0.784611 0.00456048
7 -0.785084 0.00450319
8 -0.784807 0.00452339
9 -0.784591 0.00448823
10 -0.785093 0.00441731
11 -0.784839 0.00435764
12 -0.784735 0.00433043
13 -0.7847 0.00425974
14 -0.784665 0.00421204
15 -0.785163 0.00420729
16 -0.785299 0.00418345
17 -0.785294 0.00415759
18 -0.785437 0.00421357
19 -0.7853 0.004297
20 -0.785229 0.004341
21 -0.785335 0.00430315
22 -0.785432 0.0041978
23 -0.785554 0.00419551
24 -0.785339 0.00420474
25 -0.785449 0.00417659
26 -0.785514 0.00416358
27 -0.785582 0.00415382
28 -0.785442 0.0041223
29 -0.785301 0.00417188
30 -0.785535 0.00413134
31 -0.785286 0.00410587
32 -0.785217 0.00413048
33 -0.785229 0.00418827
34 -0.785559 0.00417075
35 -0.785023 0.0042602
36 -0.784824 0.00432297
37 -0.784583 0.00436398
38 -0.784878 0.00438731
39 -0.784867 0.00433984
40 -0.784799 0.00435536
41 -0.784711 0.00440845
42 -0.78496 0.0043232
43 -0.785309 0.00432244
44 -0.785437 0.00433355
45 -0.78547 0.00421548
46 -0.785202 0.00421556
47 -0.7852 0.00423249
48 -0.785197 0.00434505
49 -0.785172 0.0043289
50 -0.785145 0.00433015
51 -0.784938 0.00427289
52 -0.784959 0.00427929
53 -0.785184 0.00426975
54 -0.784799 0.00414534
55 -0.784896 0.00414645
56 -0.784646 0.0041244
57 -0.784599 0.00418966
58 -0.784645 0.0042135
59 -0.784977 0.00425933
60 -0.785128 0.00424043
61 -0.785078 0.00415074
62 -0.784949 0.00420667
63 -0.784776 0.00417077
64 -0.784634 0.00419378
65 -0.784606 0.00420423
66 -0.78449 0.00418572
67 -0.784353 0.00416484
68 -0.784592 0.0041805
69 -0.784581 0.00415676
70 -0.78489 0.00411935
71 -0.784585 0.00416807
72 -0.784531 0.0041325
73 -0.78437 0.00416621
74 -0.784209 0.00423136
75 -0.783818 0.00426833
76 -0.78383 0.00431965
77 -0.783513 0.00430192
78 -0.783339 0.00433733
79 -0.783323 0.00434154
80 -0.78374 0.00434066
81 -0.783726 0.00426911
82 -0.78369 0.00424817
83 -0.784102 0.00426459
84 -0.784335 0.00429733
85 -0.784437 0.00425684
86 -0.784282 0.00421776
87 -0.784537 0.00422018
88 -0.78459 0.00418852
89 -0.784553 0.00419099
90 -0.784373 0.00418849
91 -0.784425 0.00412796
92 -0.784623 0.0040648
93 -0.784318 0.0040452
94 -0.784257 0.00402465
95 -0.784282 0.00401533
96 -0.784317 0.00398385
97 -0.784481 0.00394198
98 -0.784258 0.00399053
99 -0.784262 0.00407054
100 -0.784315 0.00399117
101 -0.784253 0.00399876
102 -0.784567 0.00407224
103 -0.784563 0.00402086
104 -0.784748 0.00396246
105 -0.784701 0.00395857
106 -0.784606 0.00388908
107 -0.784277 0.00389435
108 -0.784391 0.00394854
109 -0.784678 0.00392463
110 -0.784901 0.00392808
111 -0.78481 0.00392617
112 -0.785057 0.00388206
113 -0.785167 0.00391193
114 -0.785362 0.00393017
115 -0.785467 0.00397683
116 -0.785656 0.00395685
117 -0.785522 0.00397053
118 -0.785377 0.00390597
119 -0.785407 0.00386323
120 -0.785471 0.0038798
121 -0.785799 0.00389951
122 -0.785678 0.0038804
123 -0.785605 0.0038513
124 -0.785601 0.00383914
125 -0.785651 0.00381669
126 -0.785554 0.00382687
127 -0.7858 0.00376799
128 -0.785909 0.00370314
129 -0.785846 0.0037516
130 -0.786144 0.00383425
131 -0.785814 0.00377151
132 -0.785747 0.00380434
133 -0.785561 0.00374955
134 -0.785531 0.0037868
135 -0.785532 0.00374864
136 -0.785518 0.0036524
137 -0.785687 0.00363459
138 -0.785424 0.0036368
139 -0.785663 0.00368193
140 -0.785706 0.00369172
141 -0.785717 0.00376245
142 -0.785907 0.00377493
143 -0.786091 0.00378005
144 -0.786052 0.00377994
145 -0.786102 0.00375284
146 -0.785778 0.00375598
147 -0.7857 0.00379644
148 -0.785744 0.00378195
149 -0.785642 0.00381117
150 -0.785628 0.00387651
151 -0.785495 0.00389225
152 -0.785608 0.00383774
153 -0.785748 0.00381453
154 -0.785825 0.00389816
155 -0.785802 0.0039753
156 -0.785586 0.00398704
157 -0.785767 0.00400038
158 -0.78593 0.0040627
159 -0.786082 0.00404177
160 -0.786096 0.00408806
161 -0.786263 0.00409009
162 -0.786494 0.00408093
163 -0.786638 0.00399951
164 -0.786396 0.00404038
165 -0.786207 0.00413905
166 -0.786126 0.00411158
167 -0.786226 0.00403578
168 -0.786029 0.00406853
169 -0.78632 0.00413763
170 -0.786416 0.00413666
171 -0.786364 0.00406468
172 -0.78621 0.00401716
173 -0.78598 0.00402299
174 -0.78586 0.00401532
175 -0.786097 0.00399966
176 -0.785935 0.00393033
177 -0.785455 0.00391906
178 -0.785356 0.00393928
179 -0.785618 0.0039317
180 -0.785639 0.00388567
181 -0.785672 0.00384082
182 -0.785556 0.00384205
183 -0.785269 0.00383437
184 -0.785345 0.00382034
185 -0.785133 0.00382554
186 -0.785155 0.00371892
187 -0.785092 0.00372432
188 -0.784918 0.0036548
189 -0.785026 0.00360023
190 -0.784693 0.0035656
191 -0.785004 0.0036337
192 -0.784871 0.00362996
193 -0.784978 0.00356508
194 -0.785054 0.00360518
195 -0.785128 0.00361198
196 -0.785127 0.00361188
197 -0.784949 0.0036388
198 -0.784798 0.00368075
199 -0.784922 0.00370686
200 -0.785102 0.00368621
201 -0.784986 0.00374762
202 -0.785004 0.00378036
203 -0.785089 0.00383679
204 -0.785115 0.00380249
205 -0.785439 0.00382423
206 -0.784936 0.00390178
207 -0.78511 0.00394371
208 -0.78476 0.00391259
209 -0.784589 0.00392289
210 -0.784404 0.00383092
211 -0.784714 0.00393137
212 -0.784948 0.00393611
213 -0.784894 0.00391995
214 -0.784738 0.00394646
215 -0.784837 0.00393947
216 -0.785194 0.00402597
217 -0.785092 0.00402055
218 -0.785088 0.00398989
219 -0.784911 0.00399784
220 -0.784759 0.00398178
221 -0.784571 0.0039767
222 -0.784928 0.00399221
223 -0.784929 0.00401045
224 -0.785123 0.00404941
225 -0.785186 0.00405766
226 -0.785177 0.0040486
227 -0.785006 0.00399798
228 -0.784835 0.0039594
229 -0.784699 0.00394192
230 -0.784874 0.00385152
231 -0.78505 0.00391047
232 -0.785272 0.00390218
233 -0.785212 0.00391845
234 -0.785156 0.00390522
235 -0.785034 0.00388949
236 -0.784964 0.00384773
237 -0.785082 0.00381955
238 -0.785123 0.0037627
239 -0.785064 0.00384327
240 -0.785107 0.00381463
241 -0.784886 0.00382492
242 -0.784737 0.00376869
243 -0.785074 0.00376258
244 -0.784873 0.00370871
245 -0.785004 0.0037083
246 -0.785185 0.00363233
247 -0.784988 0.00367804
248 -0.784823 0.00365172
249 -0.785205 0.00364469
250 -0.785352 0.00359325
251 -0.785172 0.00358281
252 -0.784769 0.0036435
253 -0.784854 0.0036448
254 -0.784829 0.00363569
255 -0.784761 0.00366919
256 -0.784792 0.00355796
257 -0.784947 0.00357792
258 -0.784721 0.00356759
259 -0.784542 0.00355245
260 -0.784533 0.00349025
261 -0.784767 0.00350716
262 -0.784663 0.00350904
263 -0.784873 0.00352216
264 -0.784906 0.00351099
265 -0.784992 0.00348122
266 -0.785085 0.00347572
267 -0.784887 0.00356748
268 -0.784977 0.00358018
269 -0.785137 0.00364441
270 -0.785224 0.00363598
271 -0.784885 0.00366615
272 -0.785038 0.0036376
273 -0.784778 0.00364984
274 -0.78453 0.00363945
275 -0.784487 0.00359323
276 -0.784166 0.0035791
277 -0.784131 0.00366884
278 -0.783899 0.00362098
279 -0.783595 0.00367736
280 -0.783985 0.00359954
281 -0.784094 0.00362625
282 -0.783879 0.00353712
283 -0.783691 0.00360637
284 -0.783627 0.00363018
285 -0.783541 0.00362804
286 -0.783348 0.0035771
287 -0.78352 0.00361976
288 -0.783143 0.0035881
289 -0.782877 0.003637
290 -0.782723 0.00365668
291 -0.782665 0.00366995
292 -0.782897 0.00361987
293 -0.782911 0.00362214
294 -0.783018 0.00349473
295 -0.782914 0.00350495
296 -0.783253 0.00346694
297 -0.783211 0.00344921
298 -0.78344 0.00347519
299 -0.783273 0.00348659
