0	1	0
1	1.33059	0.00474222
2	1.63011	0.00598007
3	1.86124	0.00716929
4	2.08321	0.00808115
5	2.27882	0.00904507
6	2.46701	0.00983594
7	2.63913	0.0106788
8	2.80254	0.0113559
9	2.95633	0.01203
10	3.09237	0.0125412
11	3.2291	0.0130891
12	3.36887	0.0135789
13	3.50025	0.0141305
14	3.61516	0.014681
15	3.73418	0.0151088
16	3.84748	0.0155826
17	3.95884	0.0161459
18	4.06802	0.0166388
19	4.1633	0.017097
20	4.26129	0.0176016
21	4.3588	0.0180332
22	4.45303	0.0185018
23	4.55286	0.0189105
24	4.64836	0.0193221
25	4.73119	0.019684
26	4.81273	0.0200182
27	4.903	0.0203864
28	4.98795	0.0207795
29	5.07099	0.0211718
30	5.1457	0.0214992
31	5.22681	0.0218833
32	5.30771	0.0222016
33	5.3863	0.0225431
34	5.4702	0.0229455
35	5.54942	0.0232719
36	5.62027	0.0236256
37	5.70599	0.0239829
38	5.78012	0.024362
39	5.85583	0.0245881
40	5.92619	0.0248237
41	5.9964	0.0251111
42	6.06314	0.0254529
43	6.12866	0.0257131
44	6.20197	0.0260163
45	6.26161	0.0263087
46	6.33571	0.0265555
47	6.39367	0.0267327
48	6.46318	0.0269695
49	6.53179	0.0272091
50	6.59798	0.0275
51	6.65365	0.0277583
52	6.72099	0.0280359
53	6.78916	0.0283666
54	6.85124	0.0286468
55	6.90974	0.0289957
56	6.98271	0.0292444
57	7.03873	0.0294239
58	7.10558	0.0296553
59	7.17004	0.029828
60	7.23462	0.0300583
61	7.29226	0.0303165
62	7.34909	0.0306446
63	7.40573	0.0309512
64	7.46094	0.0311089
65	7.52383	0.0314157
66	7.58114	0.0315194
67	7.63856	0.031666
68	7.69621	0.0319741
69	7.74499	0.0321678
70	7.79214	0.0324753
71	7.84408	0.0326414
72	7.8982	0.032942
73	7.95479	0.0331357
74	8.01589	0.0334381
75	8.06889	0.0335645
76	8.11792	0.0338482
77	8.172	0.0340249
78	8.21413	0.0343487
79	8.26352	0.0346666
80	8.31446	0.0348623
81	8.366	0.0351537
82	8.42063	0.0353665
83	8.4679	0.0356216
84	8.52137	0.0357917
85	8.56995	0.0359599
86	8.62395	0.0361749
87	8.66438	0.0363635
88	8.71585	0.036583
89	8.76374	0.0367239
90	8.8131	0.0369417
91	8.86126	0.0371334
92	8.9086	0.0373175
93	8.9578	0.0375156
94	9.0169	0.0378908
95	9.06159	0.0380476
96	9.10326	0.0382757
97	9.15503	0.0385239
98	9.1993	0.0386927
99	9.24647	0.038843
