0	1	0
1	1.27837	0.0059731
2	1.62891	0.00581773
3	1.83631	0.00776255
4	2.08228	0.00803068
5	2.2627	0.00932189
6	2.46261	0.00976097
7	2.61702	0.0108931
8	2.7822	0.0112567
9	2.91813	0.0121429
10	3.06936	0.0125849
11	3.20262	0.0133665
12	3.33851	0.0137927
13	3.45023	0.0143461
14	3.57565	0.0148052
15	3.68861	0.0153648
16	3.80823	0.0157104
17	3.91702	0.0161714
18	4.02527	0.0165331
19	4.10966	0.0170213
20	4.21194	0.0174589
21	4.31785	0.0179382
22	4.41514	0.0181833
23	4.5055	0.0187692
24	4.59784	0.0190774
25	4.68118	0.019556
26	4.77323	0.0198788
27	4.85674	0.0203644
28	4.95321	0.0206079
29	5.03175	0.0209903
30	5.11982	0.0212176
31	5.19784	0.0217068
32	5.27161	0.0219957
33	5.3489	0.0222699
34	5.42839	0.0226145
35	5.5031	0.0229143
36	5.58747	0.0232094
37	5.66421	0.0235864
38	5.75476	0.0238804
39	5.82889	0.0242615
40	5.90466	0.0245454
41	5.98401	0.0248541
42	6.06069	0.0251448
43	6.13862	0.0254781
44	6.20391	0.0257432
45	6.26215	0.0260494
46	6.32773	0.0264168
47	6.4052	0.0267605
48	6.46479	0.0270442
49	6.53442	0.0272964
50	6.59505	0.0275375
51	6.65259	0.0278404
52	6.71507	0.0280974
53	6.7752	0.0283868
54	6.83356	0.0285952
55	6.90115	0.0289467
56	6.95775	0.0292238
57	7.01987	0.0295151
58	7.07933	0.0297276
59	7.13891	0.0301061
60	7.20181	0.0303156
61	7.26856	0.0305152
62	7.32703	0.0307787
63	7.39637	0.0311025
64	7.45523	0.0313711
65	7.51509	0.0316612
66	7.57053	0.0320388
67	7.62746	0.03225
68	7.67296	0.0324035
69	7.7243	0.0326683
70	7.7859	0.0328795
71	7.82673	0.0331547
72	7.88319	0.0332589
73	7.9329	0.0334698
74	7.98617	0.0337107
75	8.03113	0.0339508
76	8.08037	0.0340311
77	8.13108	0.034268
78	8.17705	0.0345068
79	8.22527	0.0346778
80	8.28748	0.0349876
81	8.34153	0.0352519
82	8.40039	0.0354698
83	8.44967	0.0358032
84	8.49162	0.0360384
85	8.5367	0.0362565
86	8.59546	0.0364632
87	8.6364	0.0366358
88	8.69279	0.0367489
89	8.73183	0.0370401
90	8.77617	0.0372019
91	8.82414	0.0373582
92	8.87295	0.0375766
93	8.91503	0.0376687
94	8.96303	0.0379063
95	9.0189	0.0381281
96	9.06458	0.0381974
97	9.10718	0.0384151
98	9.15006	0.0386272
99	9.20024	0.0388836
