           0           0           0
   0.0256496           0           0
   0.0512993           0           0
   0.0769489           0           0
    0.102599           0           0
    0.128248           0           0
    0.153898           0           0
    0.179547           0           0
    0.205197           0           0
    0.230847           0           0
    0.256496           0           0
    0.282146           0           0
    0.307796           0           0
    0.333445           0           0
    0.359095           0           0
    0.384745           0           0
    0.410394           0           0
    0.436044           0           0
    0.461694           0           0
    0.487343           0           0
    0.512993           0           0
    0.538642           0           0
    0.564292           0           0
    0.589942           0           0
    0.615591           0           0
    0.641241           0           0
    0.666891           0           0
     0.69254           0           0
     0.71819           0           0
     0.74384           0           0
    0.769489           0           0
    0.795139           0           0
    0.820788           0           0
    0.846438           0           0
    0.872088  0.00244547  0.00172045
    0.897737   0.0369544  0.00654092
    0.923387    0.245794   0.0166779
    0.949037    0.822773   0.0284999
    0.974686     1.67115   0.0426503
     1.00034     2.52413   0.0504474
     1.02599     3.05674   0.0488177
     1.05164     3.41064   0.0554662
     1.07728     3.32133   0.0438286
     1.10293     3.20576   0.0473356
     1.12858     2.90529   0.0472103
     1.15423     2.58778   0.0407441
     1.17988     2.31815   0.0336933
     1.20553     2.08482   0.0381773
     1.23118     1.86486   0.0316962
     1.25683     1.65841   0.0291565
     1.28248      1.5015   0.0268746
     1.30813     1.35376    0.026033
     1.33378     1.23985   0.0257758
     1.35943     1.15122   0.0256598
     1.38508     1.07702   0.0213527
     1.41073     1.02297   0.0209743
     1.43638    0.979326   0.0220469
     1.46203    0.968891   0.0236975
     1.48768    0.921165   0.0196915
     1.51333     0.91184   0.0207034
     1.53898    0.930458   0.0192407
     1.56463    0.900061    0.017915
     1.59028    0.915828   0.0179992
     1.61593     0.89082    0.018282
     1.64158    0.952972   0.0200083
     1.66723    0.970234   0.0183037
     1.69288     1.03376   0.0183935
     1.71853     1.02028    0.018492
     1.74418      1.0971   0.0173607
     1.76983     1.10192   0.0171751
     1.79547     1.19475   0.0149547
     1.82112     1.29081   0.0175182
     1.84677      1.2992   0.0201745
     1.87242     1.37563   0.0180822
     1.89807      1.4247   0.0188436
     1.92372     1.44261   0.0181182
     1.94937     1.49144   0.0199474
     1.97502     1.54819   0.0185409
     2.00067     1.55836   0.0174144
     2.02632     1.63224   0.0210633
     2.05197     1.62653   0.0180954
     2.07762     1.61009   0.0178652
     2.10327     1.59931   0.0182725
     2.12892     1.56311   0.0169206
     2.15457     1.57423   0.0187422
     2.18022     1.52966   0.0153257
     2.20587     1.48886   0.0160844
     2.23152      1.4765   0.0184725
     2.25717       1.437   0.0170949
     2.28282     1.37019   0.0147026
     2.30847      1.3502     0.01582
     2.33412     1.29286   0.0145586
     2.35977     1.28888   0.0157262
     2.38542     1.26312   0.0137545
     2.41107      1.2287   0.0130217
     2.43672     1.20805   0.0139833
     2.46237     1.20643   0.0137133
     2.48802     1.17845   0.0153436
     2.51366     1.17819   0.0117607
     2.53931     1.19388   0.0137993
