           1   -0.573349   -0.573349           0
           2   -0.564979   -0.569164  0.00418486
           3   -0.570643   -0.569657  0.00246593
           4   -0.567808   -0.569195  0.00180392
           5   -0.564198   -0.568195  0.00171782
           6    -0.57301   -0.568998  0.00161591
           7   -0.567786   -0.568825  0.00137662
           8   -0.574157   -0.569491  0.00136585
           9   -0.566084   -0.569113  0.00126265
          10   -0.566761   -0.568877  0.00115357
          11   -0.571427   -0.569109  0.00106887
          12   -0.567424   -0.568969 0.000985798
          13   -0.569094   -0.568978 0.000906853
          14    -0.57133   -0.569146 0.000856221
          15   -0.563243   -0.568753 0.000888974
          16   -0.567756    -0.56869 0.000833888
          17   -0.577534   -0.569211 0.000940292
          18   -0.567508   -0.569116 0.000891551
          19   -0.565863   -0.568945 0.000860532
          20   -0.578081   -0.569402   0.0009355
          21   -0.568422   -0.569355 0.000891061
          22   -0.566083   -0.569206 0.000862515
          23   -0.571657   -0.569313  0.00083102
          24   -0.569543   -0.569322 0.000795699
          25    -0.57062   -0.569374 0.000764971
          26   -0.560881   -0.569048 0.000804281
          27   -0.572219   -0.569165 0.000782783
          28   -0.558428   -0.568782 0.000846184
          29   -0.581236   -0.569211 0.000922545
          30   -0.571249   -0.569279 0.000893849
          31   -0.575249   -0.569472 0.000885727
          32   -0.564219   -0.569307 0.000873169
          33   -0.568431   -0.569281 0.000846712
          34   -0.568396   -0.569255 0.000821844
          35   -0.569319   -0.569257 0.000798019
          36    -0.56761   -0.569211 0.000776884
          37   -0.566778   -0.569145  0.00075845
          38   -0.572689   -0.569238 0.000744088
          39    -0.57016   -0.569262 0.000725143
          40   -0.566703   -0.569198 0.000709671
          41   -0.569886   -0.569215 0.000692349
          42   -0.568523   -0.569198 0.000675864
          43    -0.57656    -0.56937 0.000681803
          44   -0.571375   -0.569415 0.000667685
          45   -0.558233   -0.569167 0.000698384
          46   -0.571385   -0.569215 0.000684732
          47   -0.571359   -0.569261 0.000671556
          48   -0.567498   -0.569224 0.000658441
          49   -0.571336   -0.569267 0.000646303
          50   -0.562485   -0.569131 0.000647607
          51   -0.579348   -0.569332 0.000665644
          52   -0.558681   -0.569127 0.000684097
          53    -0.57459    -0.56923 0.000678935
          54   -0.562862   -0.569112   0.0006766
          55   -0.575059    -0.56922 0.000672929
          56   -0.566758   -0.569176 0.000662263
          57   -0.565976    -0.56912 0.000652959
          58   -0.562501   -0.569006 0.000651672
          59   -0.576469   -0.569132 0.000652904
          60   -0.572801   -0.569194 0.000644834
          61    -0.56892   -0.569189 0.000634191
          62   -0.567917   -0.569169 0.000624215
          63    -0.57029   -0.569186 0.000614485
          64   -0.565247   -0.569125 0.000607932
          65   -0.574851   -0.569213 0.000604954
          66   -0.570439   -0.569231 0.000596008
          67   -0.566697   -0.569194 0.000588263
          68   -0.566857   -0.569159 0.000580565
          69    -0.56913   -0.569159 0.000572089
          70    -0.56798   -0.569142 0.000564109
          71   -0.570666   -0.569163 0.000556521
          72   -0.568233   -0.569151 0.000548889
          73    -0.57615   -0.569246 0.000549745
          74   -0.564532   -0.569183 0.000545994
          75   -0.572069   -0.569221 0.000540038
          76   -0.568116   -0.569207 0.000533084
          77    -0.57168   -0.569239 0.000527094
          78   -0.575221   -0.569315 0.000525916
          79   -0.566204   -0.569276 0.000520707
          80   -0.571293   -0.569301 0.000514775
          81   -0.568118   -0.569287  0.00050859
          82   -0.569645   -0.569291 0.000502368
          83   -0.571068   -0.569312  0.00049674
          84   -0.572143   -0.569346 0.000491946
          85   -0.563523   -0.569278 0.000490928
          86   -0.569164   -0.569276 0.000485187
          87   -0.575686    -0.56935 0.000485203
          88   -0.566847   -0.569322   0.0004805
          89    -0.56822   -0.569309 0.000475232
          90   -0.572683   -0.569347 0.000471414
          91   -0.571326   -0.569368 0.000466712
          92   -0.566432   -0.569337 0.000462713
          93   -0.572674   -0.569372 0.000459115
          94   -0.570435   -0.569384 0.000454346
          95   -0.570623   -0.569397 0.000449727
          96   -0.566728   -0.569369 0.000445885
          97   -0.575317    -0.56943 0.000445504
          98   -0.566515   -0.569401 0.000441937
          99   -0.563614   -0.569342 0.000441337
         100   -0.563504   -0.569284 0.000440785
