           0           0           0
   0.0230664           0           0
   0.0461329           0           0
   0.0691993           0           0
   0.0922657           0           0
    0.115332           0           0
    0.138399           0           0
    0.161465           0           0
    0.184531           0           0
    0.207598           0           0
    0.230664           0           0
    0.253731           0           0
    0.276797           0           0
    0.299864           0           0
     0.32293           0           0
    0.345996           0           0
    0.369063           0           0
    0.392129           0           0
    0.415196           0           0
    0.438262           0           0
    0.461329           0           0
    0.484395           0           0
    0.507461           0           0
    0.530528           0           0
    0.553594           0           0
    0.576661           0           0
    0.599727           0           0
    0.622794           0           0
     0.64586           0           0
    0.668926           0           0
    0.691993           0           0
    0.715059           0           0
    0.738126           0           0
    0.761192           0           0
    0.784259           0           0
    0.807325           0           0
    0.830391           0           0
    0.853458           0           0
    0.876524           0           0
    0.899591           0           0
    0.922657           0           0
    0.945724    0.676043           0
     0.96879     1.45036           0
    0.991856      3.3842           0
     1.01492     4.99772           0
     1.03799     5.13197           0
     1.06106     7.13485           0
     1.08412     5.16046           0
     1.10719     5.32109           0
     1.13026     3.44512           0
     1.15332     1.88329           0
     1.17639     1.59137           0
     1.19945    0.844869           0
     1.22252    0.559337           0
     1.24559       0.539           0
     1.26865   0.0472502           0
     1.29172    0.273555           0
     1.31479    0.176082           0
     1.33785    0.212642           0
     1.36092    0.205555           0
     1.38399    0.238579           0
     1.40705    0.384806           0
     1.43012    0.633404           0
     1.45319    0.649707           0
     1.47625     1.08451           0
     1.49932     1.01773           0
     1.52238     1.28355           0
     1.54545      1.0222           0
     1.56852      1.2097           0
     1.59158    0.783425           0
     1.61465    0.673509           0
     1.63772    0.483984           0
     1.66078    0.332277           0
     1.68385    0.431062           0
     1.70692    0.550683           0
     1.72998    0.765989           0
     1.75305    0.920183           0
     1.77612     1.86588           0
     1.79918      2.2674           0
     1.82225     2.83248           0
     1.84531     3.36896           0
     1.86838     3.26488           0
     1.89145     2.99375           0
     1.91451      2.6511           0
     1.93758     2.24221           0
     1.96065     1.59277           0
     1.98371     1.22548           0
     2.00678    0.874457           0
     2.02985    0.929138           0
     2.05291    0.981171           0
     2.07598    0.852984           0
     2.09905    0.938747           0
     2.12211      1.1567           0
     2.14518     1.16539           0
     2.16824     1.30384           0
     2.19131     1.10113           0
     2.21438    0.750212           0
     2.23744     0.99518           0
     2.26051    0.915071           0
     2.28358    0.926173           0
           0           0           0
   0.0230664           0           0
   0.0461329           0           0
   0.0691993           0           0
   0.0922657           0           0
    0.115332           0           0
    0.138399           0           0
    0.161465           0           0
    0.184531           0           0
    0.207598           0           0
    0.230664           0           0
    0.253731           0           0
    0.276797           0           0
    0.299864           0           0
     0.32293           0           0
    0.345996           0           0
    0.369063           0           0
    0.392129           0           0
    0.415196           0           0
    0.438262           0           0
    0.461329           0           0
    0.484395           0           0
    0.507461           0           0
    0.530528           0           0
    0.553594           0           0
    0.576661           0           0
    0.599727           0           0
    0.622794           0           0
     0.64586           0           0
    0.668926           0           0
    0.691993           0           0
    0.715059           0           0
    0.738126           0           0
    0.761192           0           0
    0.784259           0           0
    0.807325           0           0
    0.830391           0           0
    0.853458           0           0
    0.876524           0           0
    0.899591  0.00839511  0.00299263
    0.922657   0.0621108  0.00740758
    0.945724    0.371823   0.0170286
     0.96879     1.40685    0.028411
    0.991856     3.01656   0.0416936
     1.01492     4.83015    0.050587
     1.03799     6.01284    0.057239
     1.06106     6.57012   0.0654686
     1.08412     6.05321   0.0576645
     1.10719     4.86633   0.0535468
     1.13026     3.54966   0.0439671
     1.15332     2.39236   0.0347726
     1.17639     1.51016   0.0309583
     1.19945    0.902426   0.0242049
     1.22252    0.486115    0.015114
     1.24559      0.2352   0.0113589
     1.26865    0.120488  0.00815292
     1.29172   0.0738598  0.00607139
     1.31479   0.0471019  0.00553488
     1.33785   0.0825051  0.00563231
     1.36092    0.144299  0.00785032
     1.38399    0.237386  0.00986142
     1.40705    0.403661   0.0116986
     1.43012    0.628561   0.0141572
     1.45319    0.856891   0.0139618
     1.47625     1.04288   0.0174227
     1.49932     1.23077   0.0216448
     1.52238     1.28553    0.019467
     1.54545     1.21322   0.0184873
     1.56852     1.05647   0.0185418
     1.59158    0.865384   0.0138186
     1.61465    0.642469   0.0119172
     1.63772    0.427899   0.0102725
     1.66078    0.285481   0.0101238
     1.68385    0.254596  0.00978811
     1.70692    0.346406   0.0107463
     1.72998    0.580364    0.012727
     1.75305     1.00922   0.0178857
     1.77612     1.62186   0.0180361
     1.79918     2.27165   0.0231619
     1.82225     2.96236   0.0273034
     1.84531     3.46149   0.0285674
     1.86838     3.67814   0.0298287
     1.89145     3.36926   0.0272958
     1.91451     2.87676   0.0237375
     1.93758     2.25831   0.0196227
     1.96065     1.60591   0.0155338
     1.98371     1.06072   0.0148257
     2.00678    0.742908   0.0131557
     2.02985    0.587958   0.0118017
     2.05291    0.629039   0.0112357
     2.07598    0.811401   0.0111485
     2.09905    0.998201   0.0113397
     2.12211     1.21539   0.0133992
     2.14518     1.31623   0.0139729
     2.16824     1.33562   0.0148948
     2.19131     1.22976    0.015963
     2.21438     1.05045   0.0109491
     2.23744    0.882189   0.0104041
     2.26051    0.776161   0.0126062
     2.28358    0.781955   0.0137651
