           1     9.62177     9.62177           0
           1     9.62052     9.62052           0
           2     9.57206     9.59629   0.0242316
           3      9.5425     9.57836   0.0227412
           4      9.5696     9.57617   0.0162289
           5     9.64254     9.58944   0.0182811
           6     9.55235     9.58326   0.0161562
           7     9.68311     9.59753   0.0197466
           8     9.49747     9.58502   0.0211867
           9      9.5657     9.58287   0.0188078
          10     9.59367     9.58395   0.0168568
          11     9.54907     9.58078   0.0155738
          12     9.50233     9.57424   0.0156481
          13     9.57584     9.57437   0.0143947
          14     9.62738     9.57815   0.0138545
          15     9.52359     9.57451   0.0134008
          16     9.57489     9.57454   0.0125354
          17     9.56528     9.57399   0.0117875
          18     9.57029     9.57379   0.0111153
          19     9.57081     9.57363   0.0105152
          20     9.52832     9.57137   0.0102296
          21     9.56549     9.57109  0.00973431
          22     9.56474      9.5708  0.00928579
          23     9.61767     9.57283  0.00910392
          24     9.56612     9.57256  0.00872083
          25     9.58472     9.57304  0.00837888
          26      9.5398     9.57176  0.00815108
          27     9.60861     9.57313   0.0079612
          28     9.55482     9.57247  0.00769943
          29      9.6025     9.57351  0.00750098
          30     9.58635     9.57394  0.00725926
          31     9.63548     9.57592  0.00729643
          32     9.53002     9.57449   0.0072089
          33     9.57455     9.57449  0.00698704
          34     9.56915     9.57433  0.00678024
          35     9.64029     9.57622  0.00684809
          36     9.52655     9.57484  0.00679666
          37     9.65197     9.57692  0.00693134
          38     9.62137     9.57809  0.00684712
          39     9.49733     9.57602  0.00698334
          40     9.60136     9.57665  0.00683592
          41     9.57667     9.57665  0.00666711
          42     9.63065     9.57794  0.00663222
          43     9.54229     9.57711  0.00652899
          44     9.59558     9.57753  0.00639268
          45     9.57001     9.57736  0.00625124
          46     9.55688     9.57692  0.00613003
          47     9.54663     9.57627  0.00603269
          48     9.64135     9.57763  0.00605929
          49     9.55966     9.57726  0.00594566
          50     9.54101     9.57654  0.00587048
          51      9.5885     9.57677  0.00575899
          52     9.56704     9.57659  0.00565026
          53     9.56628     9.57639  0.00554604
          54     9.63319     9.57744  0.00554306
          55     9.55299       9.577  0.00545948
          56     9.56717     9.57682  0.00536398
          57     9.53311     9.57606  0.00532455
          58     9.63923     9.57714  0.00534413
          59     9.53799     9.57648  0.00529452
          60      9.5516     9.57607  0.00522203
          61     9.51331     9.57504  0.00523772
          62     9.57681     9.57507  0.00515263
          63     9.61635     9.57572  0.00511234
          64     9.50891     9.57468  0.00513897
          65     9.58397     9.57482  0.00506131
          66     9.56179     9.57462  0.00498794
          67     9.52488     9.57388  0.00496871
          68     9.53505     9.57331   0.0049283
          69     9.54597     9.57291  0.00487249
          70     9.57458     9.57294  0.00480244
          71     9.61956     9.57359  0.00477963
          72     9.52771     9.57296  0.00475567
          73     9.58047     9.57306   0.0046912
          74      9.4965     9.57203  0.00474163
          75     9.62656     9.57275  0.00473415
          76     9.53739     9.57229  0.00469455
          77     9.56317     9.57217   0.0046347
          78      9.5528     9.57192  0.00458163
          79     9.57277     9.57193  0.00452327
          80     9.60368     9.57233  0.00448397
          81     9.56576     9.57225  0.00442901
          82     9.47646     9.57108  0.00452793
          83      9.6116     9.57157   0.0044996
          84     9.52184     9.57097  0.00448495
          85      9.6473     9.57187  0.00452194
          86     9.52947     9.57138  0.00449616
          87     9.53345     9.57094  0.00446552
          88     9.60837     9.57137  0.00443492
          89     9.52455     9.57084  0.00441625
          90      9.5603     9.57073  0.00436848
          91     9.66676     9.57178  0.00444723
          92     9.60767     9.57217  0.00441589
          93     9.49004     9.57129  0.00445652
          94     9.58488     9.57143  0.00441123
          95     9.55771     9.57129  0.00436694
          96     9.59704     9.57156  0.00432952
          97     9.56534     9.57149  0.00428513
          98     9.56371     9.57141  0.00424193
          99     9.63018     9.57201  0.00424061
         100     9.60936     9.57238  0.00421457
