           1    -6.72804    -6.72804           0
           2    -6.74136     -6.7347   0.0066567
           3    -6.73538    -6.73493  0.00384992
           4    -6.73672    -6.73537  0.00275898
           5    -6.74018    -6.73634  0.00234322
           6    -6.73035    -6.73534  0.00215731
           7    -6.73872    -6.73582  0.00188633
           8    -6.72957    -6.73504  0.00181073
           9    -6.74037    -6.73563  0.00170313
          10     -6.7394    -6.73601  0.00156913
          11    -6.73378    -6.73581   0.0014338
          12    -6.73861    -6.73604   0.0013295
          13    -6.73562    -6.73601  0.00122339
          14    -6.73109    -6.73566  0.00118593
          15    -6.74393    -6.73621   0.0012341
          16    -6.73839    -6.73634  0.00116245
          17    -6.72528    -6.73569  0.00127131
          18    -6.73705    -6.73577  0.00120097
          19    -6.74064    -6.73602  0.00116462
          20    -6.72308    -6.73538  0.00128045
          21    -6.73628    -6.73542   0.0012187
          22    -6.74105    -6.73568  0.00118986
          23    -6.73317    -6.73557  0.00114215
          24    -6.73503    -6.73555  0.00109375
          25    -6.73387    -6.73548  0.00105122
          26    -6.74831    -6.73597  0.00112406
          27    -6.73383    -6.73589  0.00108453
          28     -6.7495    -6.73638  0.00115259
          29    -6.71914    -6.73578   0.0012611
          30    -6.73277    -6.73568  0.00122249
          31    -6.72673    -6.73539  0.00121719
          32    -6.74411    -6.73567   0.0012096
          33    -6.73796    -6.73574  0.00117442
          34    -6.73925    -6.73584  0.00114403
          35    -6.73473    -6.73581  0.00111131
          36    -6.73817    -6.73587    0.001082
          37    -6.74119    -6.73602  0.00106212
          38    -6.73282    -6.73593   0.0010372
          39    -6.73551    -6.73592  0.00101032
          40    -6.73997    -6.73602 0.000989909
          41    -6.73425    -6.73598 0.000966428
          42     -6.7381    -6.73603 0.000944483
          43    -6.72624     -6.7358  0.00094993
          44    -6.73209    -6.73572  0.00093192
          45    -6.75087    -6.73606 0.000971193
          46    -6.73214    -6.73597 0.000953642
          47     -6.7346    -6.73594 0.000933584
          48    -6.73815    -6.73599 0.000915085
          49    -6.73243    -6.73591 0.000899145
          50    -6.74606    -6.73612 0.000904064
          51    -6.72404    -6.73588 0.000917256
          52      -6.753    -6.73621 0.000957813
          53    -6.72994    -6.73609 0.000946982
          54    -6.74529    -6.73626 0.000944757
          55    -6.72868    -6.73612 0.000937613
          56    -6.73999    -6.73619 0.000923307
          57    -6.73995    -6.73626 0.000909361
          58    -6.74759    -6.73645 0.000914646
          59    -6.72847    -6.73632 0.000909133
          60    -6.73076    -6.73623 0.000898647
          61    -6.73598    -6.73622 0.000883802
          62    -6.73843    -6.73626 0.000870159
          63    -6.73303    -6.73621 0.000857763
          64    -6.74002    -6.73627 0.000846355
          65    -6.72655    -6.73612 0.000846533
          66    -6.73291    -6.73607 0.000835021
          67     -6.7402    -6.73613 0.000824775
          68    -6.73975    -6.73618   0.0008143
          69    -6.73743     -6.7362 0.000802614
          70    -6.73907    -6.73624 0.000792123
          71    -6.73489    -6.73622  0.00078112
          72    -6.73775    -6.73624 0.000770485
          73    -6.72841    -6.73614 0.000767398
          74    -6.74212    -6.73622 0.000761268
          75    -6.73013    -6.73614 0.000755418
          76    -6.73901    -6.73617  0.00074637
          77    -6.73218    -6.73612 0.000738438
          78    -6.72797    -6.73602 0.000736357
          79    -6.73893    -6.73606 0.000727909
          80    -6.73365    -6.73603 0.000719383
          81    -6.73687    -6.73604 0.000710523
          82    -6.73672    -6.73604 0.000701854
          83    -6.73451    -6.73603 0.000693593
          84    -6.73254    -6.73598 0.000686538
          85     -6.7436    -6.73607 0.000684308
          86    -6.73633    -6.73608 0.000676311
          87    -6.72592    -6.73596 0.000678612
          88    -6.73943      -6.736 0.000672015
          89    -6.73817    -6.73602 0.000664869
          90    -6.73095    -6.73597 0.000659852
          91     -6.7331    -6.73594 0.000653319
          92    -6.73794    -6.73596 0.000646544
          93    -6.73205    -6.73592 0.000640931
          94    -6.73578    -6.73591 0.000634078
          95    -6.73341    -6.73589 0.000627923
          96    -6.73797    -6.73591 0.000621724
          97    -6.73004    -6.73585 0.000618252
          98     -6.7409     -6.7359 0.000614077
          99     -6.7439    -6.73598 0.000613189
         100    -6.74469    -6.73607 0.000613238
