           1     1.18569     1.18569           0
           1     1.18525     1.18525           0
           2     1.19282     1.18904  0.00378164
           3     1.19752     1.19186  0.00357274
           4      1.1934     1.19225  0.00255517
           5     1.18417     1.19063   0.0025547
           6      1.1987     1.19198   0.0024814
           7     1.17147     1.18905  0.00360287
           8     1.20513     1.19106  0.00371205
           9     1.19392     1.19137  0.00328913
          10     1.18808     1.19105  0.00296027
          11     1.19542     1.19144  0.00270704
          12     1.20193     1.19232  0.00262121
          13     1.19095     1.19221  0.00241347
          14      1.1853     1.19172  0.00228835
          15      1.2033     1.19249  0.00226603
          16     1.19277     1.19251  0.00211976
          17     1.19493     1.19265  0.00199627
          18     1.18569     1.19226  0.00192137
          19     1.19075     1.19218  0.00181917
          20      1.2003     1.19259  0.00177293
          21     1.18894     1.19242  0.00169535
          22     1.19333     1.19246  0.00161698
          23      1.1843      1.1921  0.00158524
          24     1.19602     1.19227  0.00152649
          25     1.19247     1.19227  0.00146418
          26     1.19749     1.19247  0.00142095
          27     1.18978     1.19237  0.00137096
          28     1.19627     1.19251  0.00132841
          29     1.18768     1.19235  0.00129256
          30     1.19604     1.19247  0.00125479
          31     1.18585     1.19226  0.00123231
          32     1.20261     1.19258  0.00123626
          33     1.19133     1.19254  0.00119881
          34     1.19276     1.19255  0.00116303
          35     1.18022      1.1922  0.00118295
          36     1.20361     1.19251  0.00119252
          37     1.18374     1.19228  0.00118384
          38     1.18857     1.19218  0.00115637
          39     1.20569     1.19253  0.00117838
          40      1.1896     1.19245  0.00115087
          41     1.19177     1.19244  0.00112257
          42     1.18193     1.19219  0.00112371
          43     1.19815     1.19232  0.00110599
          44     1.18517     1.19216  0.00109273
          45     1.19491     1.19222  0.00106993
          46     1.19335     1.19225   0.0010467
          47     1.20053     1.19242  0.00103922
          48     1.18301     1.19223  0.00103606
          49      1.1919     1.19222  0.00101472
          50     1.19548     1.19229 0.000996353
          51     1.19013     1.19224 0.000977531
          52     1.19149     1.19223 0.000958657
          53     1.19291     1.19224 0.000940483
          54     1.18362     1.19208 0.000936606
          55     1.19835      1.1922 0.000926455
          56     1.19472     1.19224 0.000910875
          57     1.20086     1.19239 0.000907435
          58     1.18126      1.1922 0.000912093
          59     1.19908     1.19232 0.000904048
          60     1.19385     1.19234 0.000889218
          61     1.20079     1.19248 0.000885414
          62       1.189     1.19243 0.000872825
          63     1.18653     1.19233 0.000863947
          64     1.20319      1.1925 0.000867101
          65     1.18899     1.19245 0.000855367
          66     1.19499     1.19249 0.000843186
          67     1.19791     1.19257 0.000834449
          68     1.19531     1.19261 0.000823079
          69     1.19464     1.19264 0.000811596
          70     1.18999      1.1926  0.00080081
          71     1.18419     1.19248 0.000798287
          72     1.19758     1.19255   0.0007903
          73     1.18848      1.1925 0.000781391
          74     1.20284     1.19264 0.000783343
          75     1.18337     1.19251 0.000782631
          76     1.20267     1.19265 0.000783738
          77     1.19748     1.19271 0.000776042
          78     1.19481     1.19273   0.0007665
          79     1.19275     1.19274 0.000756736
          80     1.18873     1.19269 0.000748892
          81     1.18964     1.19265 0.000740544
          82     1.20458     1.19279 0.000745791
          83     1.18175     1.19266 0.000748668
          84     1.20075     1.19276  0.00074595
          85     1.17978      1.1926 0.000752764
          86     1.19882     1.19268  0.00074746
          87     1.19597     1.19271  0.00073979
          88     1.18736     1.19265 0.000733862
          89      1.2028     1.19277 0.000734472
          90     1.19799     1.19283 0.000728581
          91     1.18161      1.1927 0.000730993
          92     1.18555     1.19262 0.000727176
          93     1.20857      1.1928 0.000739466
          94     1.18555     1.19272 0.000735609
          95     1.19143      1.1927 0.000727951
          96     1.18907     1.19267 0.000721321
          97     1.19268     1.19267 0.000713846
          98     1.19321     1.19267 0.000706546
          99     1.18466     1.19259 0.000704041
         100     1.19095     1.19258 0.000697159
