-7.83281
-7.76127
-7.63824
-7.49017
-7.31058
-7.11123
-6.90454
-6.7027
-6.52444
-6.38691
-6.21145
-6.08012
-5.98242
-5.91656
-5.86618
-5.82865
-5.79139
-5.75184
-5.71005
-5.66552
-5.59563
-5.50866
-5.4097
-5.30242
-5.19797
-5.10529
-5.03631
-4.99499
-4.98906
-5.01949
-5.07317
-5.11042
-5.1233
-5.11031
-5.07537
-5.03517
-5.00492
-4.99096
-4.99697
-5.01357
-5.03436
-5.04823
-5.05985
-5.06906
-5.08268
-5.09198
-5.10195
-5.11115
-5.11866
-5.12401
-5.12571
-5.12873
-5.13876
-5.15995
-5.19876
-5.24226
-5.28433
-5.31428
-5.32869
-5.33375
-5.33302
-5.33503
-5.3483
-5.36777
-5.391
-5.42377
-5.45669
-5.48669
-5.51061
-5.52783
-5.54253
-5.56074
-5.59234
-5.63117
-5.67923
-5.73666
-5.80184
-5.86997
-5.9357
-5.98668
-6.01824
-6.03528
-6.03667
-6.02528
-6.00111
-5.97593
-5.95445
-5.94946
-5.96201
-5.98538
-6.00901
-6.02361
-6.03635
-6.04522
-6.053
-6.06145
-6.06527
-6.0709
-6.06932
-6.05546
-6.01974
-5.97539
-5.93436
-5.90623
-5.89648
-5.90784
-5.93396
-5.96811
-6.00314
-6.03644
-6.05909
-6.07086
-6.06814
-6.04413
-6.00008
-5.93752
-5.86363
-5.79579
-5.74439
-5.71302
-5.69446
-5.6859
-5.68673
-5.69122
-5.69711
-5.70489
-5.7205
-5.7471
-5.78933
-5.84448
-5.90348
-5.95582
-5.99675
-6.019
-6.02617
-6.01778
-6.00981
-6.00147
-5.99934
-5.99727
-5.98592
-5.9718
-5.95611
-5.9396
-5.92485
-5.91136
-5.90502
-5.90389
-5.91602
-5.93046
-5.93868
-5.93875
-5.93483
-5.93754
-5.95008
-5.97539
-6.01031
-6.04355
-6.06914
-6.08072
-6.07078
-6.05384
-6.02832
-6.0029
-5.9847
-5.98105
-5.9922
-6.01136
-6.02739
-6.03021
-6.0113
-5.9827
-5.94704
-5.91922
-5.90058
-5.88903
-5.88504
-5.88034
-5.87351
-5.85852
-5.83387
-5.80501
-5.78573
-5.78551
-5.80472
-5.84587
-5.8978
-5.95121
-5.99987
-6.03406
-6.04105
-6.0282
-6.00022
-5.96602
-5.93535
-5.90716
-5.88638
-5.86417
-5.83894
-5.80944
-5.77662
-5.7548
-5.74683
-5.75063
-5.759
-5.76216
-5.7566
-5.74401
-5.72858
-5.72079
-5.72008
-5.72638
-5.73608
-5.74159
-5.73986
-5.73204
-5.71626
-5.69358
-5.66819
-5.64859
-5.63389
-5.63419
-5.64497
-5.66534
-5.68654
-5.70563
-5.72684
-5.74331
-5.76388
-5.78381
-5.80096
-5.81774
-5.83102
-5.8518
-5.87896
-5.90268
-5.91528
-5.91107
-5.89417
-5.87139
-5.84802
-5.83816
-5.83958
-5.85036
-5.87108
-5.89424
-5.91139
-5.92556
-5.93056
-5.93099
-5.93456
-5.94502
-5.97085
-6.00477
-6.044
-6.07165
-6.08446
-6.0796
-6.05839
-6.02646
