2.08235
2.02247
1.92275
1.78602
1.61744
1.42555
1.22276
1.02513
0.850444
0.714541
1.93999
1.80899
1.71387
1.64703
1.59859
1.55911
1.52153
1.48198
1.43954
1.39534
2.03571
1.94842
1.84687
1.73928
1.63515
1.5441
1.47512
1.43574
1.43047
1.45862
2.14636
2.18166
2.19324
2.17831
2.1437
2.10351
2.07262
2.05996
2.06564
2.08288
2.11485
2.12808
2.13905
2.14988
2.16123
2.17215
2.18181
2.19036
2.19819
2.20484
2.10158
2.10492
2.11432
2.13616
2.17236
2.21651
2.2576
2.2869
2.30197
2.30638
2.09889
2.10447
2.11708
2.13558
2.15978
2.18964
2.22288
2.2545
2.27971
2.29725
2.11101
2.12987
2.15921
2.19933
2.24901
2.30741
2.37323
2.44233
2.50708
2.55838
2.12611
2.14185
2.14389
2.13217
2.10962
2.08316
2.06298
2.05798
2.06989
2.09227
2.11909
2.13466
2.14578
2.15498
2.16341
2.17055
2.176
2.17936
2.17777
2.16521
2.06951
2.02743
1.98544
1.95634
1.9479
1.95957
1.98536
2.01854
2.05357
2.08622
2.12118
2.13327
2.12989
2.10621
2.06055
1.99702
1.9254
1.85789
1.8052
1.77383
2.08407
2.07745
2.0786
2.08374
2.08962
2.09676
2.11043
2.13736
2.18023
2.23505
2.1515
2.20285
2.24249
2.26506
2.27029
2.26352
2.25329
2.24624
2.24313
2.23977
2.08992
2.07709
2.06237
2.04683
2.03177
2.01925
2.01258
2.01501
2.02618
2.04061
2.105
2.10281
2.09825
2.09967
2.11319
2.13946
2.17373
2.20794
2.23384
2.24543
2.09242
2.07386
2.04835
2.02261
2.00473
2.00076
2.01093
2.02911
2.04514
2.04958
2.08379
2.05423
2.02052
1.9914
1.97179
1.96186
1.95786
1.95414
1.94569
1.93037
2.07429
2.04577
2.02681
2.02627
2.04677
2.08533
2.13596
2.19066
2.23996
2.27382
2.10611
2.09294
2.064
2.02883
1.99687
1.97191
1.95113
1.92891
1.90239
1.87419
2.07107
2.04861
2.03999
2.04346
2.05118
2.05434
2.04813
2.03393
2.01883
2.01136
2.10074
2.10833
2.11705
2.12192
2.12051
2.11203
2.09626
2.07455
2.05111
2.03216
2.08835
2.08799
2.09909
2.11752
2.13807
2.15748
2.17545
2.19387
2.21444
2.23599
2.11477
2.12831
2.14224
2.1627
2.18921
2.21194
2.22163
2.21612
2.19923
2.17742
2.07967
2.0682
2.06929
2.08233
2.10337
2.12621
2.14529
2.15752
2.16285
2.16393
2.10031
2.11142
2.13725
2.1744
2.21265
2.24095
2.25278
2.24728
2.22704
2.19543
