1.38823
1.34832
1.28183
1.19068
1.0783
0.950365
0.81517
0.683422
0.566963
0.476361
1.29332
1.20599
1.14258
1.09802
1.06572
1.03941
1.01435
0.987984
0.959692
0.930226
1.35714
1.29895
1.23125
1.15952
1.0901
1.0294
0.983414
0.957162
0.953645
0.972416
1.4309
1.45444
1.46216
1.45221
1.42913
1.40234
1.38175
1.37331
1.37709
1.38859
1.4099
1.41872
1.42603
1.43325
1.44082
1.4481
1.45454
1.46024
1.46546
1.46989
1.40105
1.40328
1.40954
1.4241
1.44824
1.47767
1.50507
1.5246
1.53464
1.53759
1.39926
1.40298
1.41139
1.42372
1.43985
1.45976
1.48192
1.503
1.51981
1.5315
1.40734
1.41991
1.43947
1.46622
1.49934
1.53827
1.58215
1.62822
1.67139
1.70559
1.4174
1.4279
1.42926
1.42145
1.40641
1.38877
1.37532
1.37199
1.37993
1.39485
1.41273
1.4231
1.43052
1.43665
1.44227
1.44703
1.45067
1.45291
1.45185
1.44347
1.37967
1.35162
1.32363
1.30423
1.2986
1.30638
1.32358
1.34569
1.36905
1.39081
1.41412
1.42218
1.41993
1.40414
1.3737
1.33134
1.2836
1.23859
1.20347
1.18255
1.38938
1.38496
1.38574
1.38916
1.39308
1.39784
1.40695
1.4249
1.45349
1.49003
1.43433
1.46857
1.49499
1.51004
1.51353
1.50902
1.50219
1.49749
1.49542
1.49318
1.39328
1.38473
1.37492
1.36455
1.35451
1.34617
1.34172
1.34334
1.35078
1.36041
1.40334
1.40188
1.39883
1.39978
1.40879
1.42631
1.44915
1.47196
1.48923
1.49695
1.39495
1.38257
1.36556
1.3484
1.33649
1.33384
1.34062
1.35274
1.36342
1.36638
1.38919
1.36949
1.34701
1.3276
1.31453
1.30791
1.30524
1.30276
1.29713
1.28692
1.38286
1.36384
1.35121
1.35085
1.36452
1.39022
1.42397
1.46044
1.4933
1.51588
1.40408
1.39529
1.376
1.35255
1.33124
1.31461
1.30075
1.28594
1.26826
1.24946
1.38071
1.36574
1.36
1.36231
1.36746
1.36956
1.36542
1.35595
1.34589
1.34091
1.40049
1.40555
1.41137
1.41461
1.41367
1.40802
1.39751
1.38303
1.3674
1.35477
1.39223
1.392
1.3994
1.41168
1.42538
1.43832
1.4503
1.46258
1.47629
1.49066
1.40985
1.41887
1.42816
1.4418
1.45947
1.47463
1.48109
1.47742
1.46615
1.45162
1.38645
1.3788
1.37953
1.38822
1.40225
1.41747
1.4302
1.43835
1.4419
1.44262
1.4002
1.40761
1.42484
1.4496
1.4751
1.49396
1.50185
1.49819
1.4847
1.46362
