-5.75045
-5.7388
-5.71549
-5.70415
-5.69314
-5.68568
-5.68179
-5.67757
-5.674
-5.67237
-4.27146
-4.27114
-4.26855
-4.26953
-4.26759
-4.26954
-4.26987
-4.26987
-4.27051
-4.27019
-3.55992
-3.56024
-3.56283
-3.56314
-3.56281
-3.56119
-3.56119
-3.55924
-3.5586
-3.56087
-2.92681
-2.92876
-2.93006
-2.932
-2.93166
-2.93165
-2.9323
-2.931
-2.93133
-2.93069
-2.91951
-2.92015
-2.9208
-2.91918
-2.92144
-2.91982
-2.92014
-2.92079
-2.92047
-2.91918
-3.02413
-3.02381
-3.02445
-3.0238
-3.02639
-3.02575
-3.02673
-3.02738
-3.02673
-3.02737
-3.23413
-3.23057
-3.23122
-3.23219
-3.23122
-3.23413
-3.23381
-3.23219
-3.2309
-3.23058
-3.43152
-3.43087
-3.43314
-3.43184
-3.43022
-3.42925
-3.42861
-3.42764
-3.42862
-3.4283
-3.89213
-3.89343
-3.89278
-3.89311
-3.89148
-3.89277
-3.89147
-3.89148
-3.89213
-3.89311
-3.88992
-3.88895
-3.89057
-3.89024
-3.8896
-3.89089
-3.88927
-3.89154
-3.89155
-3.89026
-3.95023
-3.94795
-3.94892
-3.94988
-3.94859
-3.94827
-3.94859
-3.94957
-3.94957
-3.95022
-3.93791
-3.93759
-3.93824
-3.93792
-3.93953
-3.9405
-3.93823
-3.9379
-3.93919
-3.93919
-3.61039
-3.60845
-3.60813
-3.60749
-3.60749
-3.60813
-3.61007
-3.60974
-3.6091
-3.60943
-3.75199
-3.75297
-3.75427
-3.75394
-3.75588
-3.75426
-3.75652
-3.75523
-3.7562
-3.7575
-3.896
-3.89471
-3.89374
-3.89277
-3.89309
-3.89211
-3.89243
-3.88887
-3.88985
-3.88985
-3.83367
-3.83593
-3.83658
-3.83787
-3.83689
-3.83592
-3.83658
-3.83561
-3.83529
-3.83529
-3.97836
-3.97998
-3.97997
-3.98029
-3.97997
-3.98029
-3.98127
-3.98225
-3.98225
-3.98064
-3.92751
-3.92848
-3.92653
-3.92782
-3.92879
-3.92717
-3.92718
-3.92621
-3.92783
-3.92815
-3.75958
-3.75925
-3.75892
-3.75924
-3.75795
-3.76054
-3.76184
-3.76055
-3.75991
-3.76024
-3.93493
-3.93526
-3.93622
-3.93719
-3.93848
-3.93525
-3.93525
-3.93525
-3.93655
-3.93525
-3.70555
-3.70619
-3.70684
-3.70717
-3.70782
-3.70782
-3.70847
-3.71008
-3.70975
-3.70942
-3.61934
-3.61805
-3.61903
-3.61968
-3.61935
-3.62
-3.62
-3.61903
-3.61708
-3.61643
-3.54555
-3.5462
-3.54588
-3.54782
-3.54847
-3.54815
-3.55138
-3.54944
-3.54944
-3.54783
-3.68619
-3.68943
-3.68877
-3.6891
-3.68975
-3.69073
-3.69365
-3.69494
-3.69494
-3.69396
-3.76835
-3.76997
-3.77029
-3.76803
-3.76771
-3.76804
-3.7661
-3.76804
-3.76772
-3.76706
-3.83425
-3.8336
-3.8336
-3.83037
-3.83135
-3.8307
-3.83168
-3.83232
-3.83135
-3.83102
