0 -0.783807 0.00416433
1 -0.783593 0.00405561
2 -0.782836 0.00415822
3 -0.783275 0.00419026
4 -0.783545 0.00445243
5 -0.783948 0.00445093
6 -0.783795 0.00450911
7 -0.783912 0.0045375
8 -0.783844 0.00467195
9 -0.783714 0.00473156
10 -0.784 0.0048718
11 -0.783848 0.00489495
12 -0.783367 0.00465346
13 -0.78351 0.00465273
14 -0.784418 0.00460869
15 -0.785025 0.00457106
16 -0.78585 0.00453262
17 -0.786066 0.00441686
18 -0.785755 0.00433723
19 -0.784898 0.00441951
20 -0.785517 0.00428398
21 -0.784505 0.00440555
22 -0.784462 0.0043086
23 -0.784925 0.00443946
24 -0.784644 0.00436177
25 -0.784657 0.00435696
26 -0.784572 0.0042967
27 -0.785103 0.00423188
28 -0.784637 0.00416563
29 -0.784448 0.00413827
30 -0.784486 0.00419935
31 -0.784011 0.00426561
32 -0.784208 0.00441606
33 -0.784016 0.0044542
34 -0.784186 0.00434207
35 -0.78285 0.0041677
36 -0.782876 0.00419881
37 -0.782218 0.00414523
38 -0.782387 0.00395961
39 -0.782638 0.00398043
40 -0.783056 0.00401286
41 -0.782984 0.00403139
42 -0.784137 0.00399354
43 -0.784264 0.00408577
44 -0.784349 0.00397253
45 -0.783724 0.00389522
46 -0.783616 0.00397773
47 -0.783987 0.00398692
48 -0.783935 0.00400353
49 -0.784147 0.00390875
50 -0.783532 0.00403351
51 -0.783391 0.00398702
52 -0.783624 0.00402698
53 -0.784268 0.00411764
54 -0.783421 0.00391331
55 -0.783447 0.00390954
56 -0.78401 0.00386125
57 -0.783622 0.00369324
58 -0.783592 0.00371787
59 -0.784413 0.00366407
60 -0.784007 0.0034449
61 -0.784395 0.00334624
62 -0.784262 0.0034829
63 -0.784172 0.00350851
64 -0.783801 0.00368571
65 -0.783966 0.00353438
66 -0.783935 0.00343363
67 -0.783455 0.00344846
68 -0.78308 0.00340709
69 -0.78348 0.00348098
70 -0.783541 0.00355874
71 -0.782935 0.00353678
72 -0.783379 0.00339437
73 -0.783101 0.00343959
74 -0.782873 0.00365276
75 -0.782722 0.00372156
76 -0.783066 0.00387017
77 -0.782815 0.0038476
78 -0.782769 0.00391273
79 -0.783087 0.00395944
80 -0.783673 0.00390779
81 -0.78439 0.00398035
82 -0.784115 0.00405649
83 -0.784241 0.00388858
84 -0.784484 0.00396354
85 -0.784658 0.00388337
86 -0.78415 0.00386205
87 -0.783894 0.00359684
88 -0.783461 0.00362778
89 -0.783729 0.00357102
90 -0.783535 0.00342424
91 -0.783452 0.00362993
92 -0.783279 0.00377728
93 -0.783156 0.00368159
94 -0.783429 0.00356098
95 -0.783689 0.00360086
96 -0.784415 0.00351751
97 -0.784584 0.00357028
98 -0.784844 0.0035765
99 -0.78451 0.00366199
100 -0.785314 0.00392971
101 -0.785174 0.00380141
102 -0.784239 0.0037683
103 -0.784072 0.00368306
104 -0.78298 0.00359906
105 -0.782849 0.00363481
106 -0.782681 0.00359839
107 -0.782633 0.00368461
108 -0.781708 0.00355791
109 -0.782533 0.00349386
110 -0.782848 0.00354647
111 -0.782696 0.00355832
112 -0.783046 0.00363806
113 -0.782987 0.00357252
114 -0.782842 0.00357413
115 -0.783137 0.00368871
116 -0.783025 0.0037176
117 -0.783441 0.00365313
118 -0.782805 0.00377164
119 -0.783009 0.00382607
120 -0.783228 0.00381879
121 -0.784108 0.00385813
122 -0.783409 0.00383886
123 -0.783898 0.0038059
124 -0.783578 0.00382984
125 -0.7833 0.00372757
126 -0.783133 0.00375591
127 -0.783437 0.0037977
128 -0.783854 0.00381196
129 -0.784428 0.00389262
130 -0.785146 0.00395447
131 -0.785357 0.00399329
132 -0.785322 0.00390621
133 -0.785242 0.00388969
134 -0.785044 0.00383315
135 -0.785233 0.00384262
136 -0.785148 0.00398435
137 -0.785131 0.00384517
138 -0.785153 0.00377661
139 -0.785467 0.00368264
140 -0.785918 0.00354657
141 -0.78627 0.00367982
142 -0.785983 0.00371318
143 -0.786386 0.00370563
144 -0.786364 0.00356566
145 -0.786711 0.00366034
146 -0.786914 0.00363576
147 -0.786687 0.0034919
148 -0.786387 0.00345774
149 -0.786541 0.00357222
150 -0.786793 0.00358771
151 -0.787033 0.0035687
152 -0.787298 0.00345614
153 -0.787206 0.00334975
154 -0.787154 0.00342712
155 -0.786654 0.00341743
156 -0.785924 0.00356575
157 -0.786003 0.00355229
158 -0.785704 0.0036615
159 -0.786078 0.00364626
160 -0.785492 0.00361428
161 -0.785625 0.00363588
162 -0.786329 0.00354145
163 -0.786857 0.00347786
164 -0.78674 0.00360374
165 -0.787106 0.00377881
166 -0.787028 0.00370603
167 -0.787499 0.00367308
168 -0.787549 0.00383132
169 -0.787304 0.00375978
170 -0.787837 0.0038484
171 -0.788357 0.00372208
172 -0.788941 0.00371185
173 -0.788671 0.00362873
174 -0.788623 0.00372053
175 -0.78848 0.0035844
176 -0.788671 0.00350186
177 -0.787846 0.00363987
178 -0.787782 0.00364868
179 -0.787362 0.00355046
180 -0.78755 0.00339358
181 -0.787437 0.00339481
182 -0.787714 0.00333122
183 -0.787225 0.00346358
184 -0.787845 0.00336232
185 -0.787491 0.00336733
186 -0.78724 0.00342818
187 -0.787501 0.00330884
188 -0.787206 0.00330211
189 -0.787428 0.00314957
190 -0.786938 0.00313742
191 -0.787376 0.00313451
192 -0.787237 0.00308405
193 -0.787586 0.00318363
194 -0.788303 0.00312917
195 -0.787981 0.00327252
196 -0.788516 0.00338963
197 -0.788199 0.00337122
198 -0.787549 0.00335426
199 -0.787433 0.0033661
200 -0.788116 0.00339349
201 -0.788714 0.00343179
202 -0.788524 0.00339314
203 -0.788681 0.00344589
204 -0.788455 0.00327929
205 -0.788324 0.00308207
206 -0.78804 0.00310051
207 -0.788066 0.00295698
208 -0.787086 0.00305471
209 -0.786743 0.00300141
210 -0.786711 0.00286416
211 -0.786855 0.00286356
212 -0.787016 0.00302978
213 -0.787632 0.00297351
214 -0.787679 0.00290941
215 -0.787916 0.00285273
216 -0.788307 0.00288844
217 -0.788049 0.00304577
218 -0.788203 0.00288748
219 -0.787621 0.00286173
220 -0.787302 0.00268193
221 -0.786845 0.0026127
222 -0.787241 0.00260533
223 -0.786662 0.00262097
224 -0.786735 0.00264032
225 -0.78629 0.00275568
226 -0.78597 0.00263126
227 -0.786055 0.00251639
228 -0.785936 0.00236429
229 -0.785827 0.00252837
230 -0.786117 0.0024079
231 -0.786454 0.00252071
232 -0.786294 0.00245414
233 -0.785869 0.00233888
234 -0.786193 0.00249349
235 -0.786289 0.00249807
236 -0.786989 0.00256827
237 -0.786816 0.00250677
238 -0.787895 0.00237414
239 -0.787798 0.00229713
240 -0.787198 0.00246501
241 -0.786812 0.00250003
242 -0.786577 0.00242743
243 -0.786319 0.00244485
244 -0.787172 0.00248649
245 -0.787513 0.00264447
246 -0.787341 0.00255679
247 -0.787505 0.00249697
248 -0.786961 0.00245402
249 -0.787631 0.00249706
250 -0.788096 0.00249567
251 -0.788192 0.00246698
252 -0.787695 0.00249594
253 -0.787642 0.00246429
254 -0.787827 0.002394
255 -0.787718 0.00237547
256 -0.787808 0.00230405
257 -0.787954 0.00214792
258 -0.787559 0.00225079
259 -0.787901 0.00215407
260 -0.787557 0.00232108
261 -0.78744 0.00237942
262 -0.787087 0.00251147
263 -0.787104 0.00255255
264 -0.787002 0.00259621
265 -0.787363 0.00263634
266 -0.78717 0.00272399
267 -0.787436 0.00286089
268 -0.787064 0.00289701
269 -0.787225 0.00294879
270 -0.787767 0.00293417
271 -0.787359 0.00290615
272 -0.786864 0.0028046
273 -0.786297 0.00289764
274 -0.786548 0.00275764
275 -0.785573 0.00276701
276 -0.785289 0.00285224
277 -0.785262 0.00298203
278 -0.785545 0.00310093
279 -0.786401 0.00310812
280 -0.78709 0.00316631
281 -0.78698 0.00305957
282 -0.786753 0.00305747
283 -0.787027 0.00303443
284 -0.786593 0.00296402
285 -0.787364 0.00305386
286 -0.787081 0.00300411
287 -0.786997 0.00306259
288 -0.78628 0.00309034
289 -0.786302 0.00302855
290 -0.785803 0.00311179
291 -0.78572 0.00303447
292 -0.786671 0.00308872
293 -0.786607 0.00316416
294 -0.787053 0.00300999
295 -0.787003 0.00298189
296 -0.787445 0.00313009
297 -0.786713 0.00322525
298 -0.787178 0.00325743
299 -0.786397 0.00329733
