           1    0.739108    0.739108           0
           2    0.746907    0.743007  0.00389936
           3    0.742135    0.742716  0.00227002
           4    0.744248    0.743099  0.00165019
           5    0.747231    0.743926  0.00152206
           6    0.739719    0.743225  0.00142687
           7    0.744597    0.743421  0.00122175
           8    0.738825    0.742846  0.00120398
           9    0.746006    0.743197  0.00111834
          10    0.745392    0.743417  0.00102407
          11    0.741345    0.743228 0.000945265
          12    0.744818    0.743361  0.00087302
          13    0.743207    0.743349 0.000803149
          14    0.740961    0.743178 0.000762884
          15    0.748493    0.743533 0.000793675
          16    0.744561    0.743597 0.000745192
          17    0.735857    0.743142 0.000835033
          18    0.744503    0.743217 0.000790904
          19    0.746199    0.743374   0.0007644
          20    0.735126    0.742962 0.000834246
          21    0.743765       0.743 0.000794447
          22     0.74612    0.743142  0.00077064
          23    0.741091    0.743053 0.000741752
          24    0.742811    0.743043 0.000710245
          25    0.741899    0.742997 0.000682779
          26    0.750797    0.743297 0.000721337
          27    0.740826    0.743205 0.000700114
          28    0.752632    0.743542 0.000753981
          29    0.732365    0.743157 0.000823299
          30    0.741295    0.743095   0.0007978
          31    0.737621    0.742918 0.000791576
          32    0.747872    0.743073 0.000781921
          33    0.744039    0.743102 0.000758421
          34    0.744277    0.743137 0.000736588
          35    0.742909     0.74313 0.000715263
          36    0.744623    0.743172 0.000696345
          37     0.74568    0.743239 0.000680648
          38    0.740344    0.743163  0.00066686
          39    0.742478    0.743146 0.000649773
          40    0.745525    0.743205 0.000636109
          41    0.742451    0.743187 0.000620672
          42    0.744001    0.743206 0.000606024
          43    0.736667    0.743054  0.00061099
          44    0.741098     0.74301 0.000598595
          45    0.752989    0.743231 0.000625759
          46    0.741101    0.743185 0.000613754
          47    0.741528     0.74315 0.000601588
          48    0.744693    0.743182 0.000589798
          49    0.741182    0.743141 0.000579076
          50    0.749354    0.743265 0.000580823
          51    0.734441    0.743092 0.000595032
          52    0.753046    0.743284 0.000614073
          53    0.738597    0.743195 0.000608832
          54    0.748973    0.743302 0.000606957
          55    0.738074    0.743207 0.000603356
          56    0.745493    0.743248 0.000593888
          57    0.746008    0.743297 0.000585383
          58    0.749597    0.743405  0.00058537
          59    0.737099    0.743298 0.000585206
          60    0.739926    0.743242 0.000578109
          61    0.743383    0.743244 0.000568558
          62     0.74446    0.743264 0.000559656
          63    0.741979    0.743244 0.000551078
          64    0.746506    0.743295 0.000544789
          65    0.737858    0.743211 0.000542825
          66    0.741859     0.74319 0.000534929
          67    0.745569    0.743226 0.000528079
          68    0.745388    0.743258 0.000521226
          69    0.743484    0.743261 0.000513627
          70    0.744525    0.743279 0.000506558
          71    0.742037    0.743262 0.000499678
          72    0.744136    0.743274 0.000492839
          73    0.737302    0.743192 0.000492878
          74    0.747333    0.743248 0.000489381
          75    0.740309    0.743209 0.000484399
          76    0.744425    0.743225 0.000478251
          77     0.74091    0.743195 0.000472955
          78    0.737848    0.743126 0.000471857
          79    0.745685    0.743158 0.000466971
          80    0.741412    0.743137 0.000461613
          81    0.744066    0.743148 0.000456023
          82    0.743024    0.743147  0.00045043
          83    0.741706    0.743129 0.000445308
          84    0.740662      0.7431 0.000440954
          85    0.748252    0.743161 0.000439931
          86    0.743278    0.743162 0.000434787
          87    0.737196    0.743093 0.000435197
          88     0.74534    0.743119  0.00043098
          89    0.744215    0.743131 0.000426288
          90    0.740037    0.743097 0.000422925
          91      0.7413    0.743077 0.000418717
          92    0.745368    0.743102 0.000414889
          93    0.740226    0.743071 0.000411567
          94     0.74234    0.743063 0.000407239
          95    0.741819     0.74305 0.000403142
          96    0.745175    0.743072 0.000399535
          97    0.738129    0.743021 0.000398665
          98    0.745807     0.74305 0.000395599
          99    0.748241    0.743102 0.000395077
         100    0.748445    0.743156 0.000394739
