           1     900.061     900.061           0
           2      893.81     896.936     3.12561
           3     900.358     898.077      2.1349
           4     899.158     898.347     1.53362
           5     896.209     897.919     1.26256
           6     904.547     899.024     1.51088
           7     898.238     898.912     1.28186
           8     901.165     899.193      1.1453
           9      895.93     898.831     1.07317
          10     898.404     898.788    0.960816
          11     901.144     899.002    0.895089
          12     897.131     898.846    0.831853
          13     898.358     898.809    0.766114
          14     900.547     898.933    0.720071
          15     894.483     898.636    0.733046
          16     897.466     898.563    0.689589
          17     905.085     898.947     0.75283
          18     898.781     898.938    0.709835
          19     897.725     898.874    0.674462
          20     905.371     899.199    0.717591
          21     899.145     899.196     0.68257
          22     897.765     899.131    0.654046
          23     900.202     899.178    0.626695
          24     899.208     899.179    0.600016
          25     901.726     899.281    0.584464
          26     890.746     898.952    0.650448
          27     899.411     898.969    0.626125
          28     889.042     898.615    0.699803
          29     907.844     898.933    0.746482
          30     899.492     898.952     0.72141
          31     901.172     899.023    0.701419
          32     891.668     898.794    0.716986
          33     896.487     898.724    0.698426
          34      897.34     898.683    0.678794
          35     896.682     898.626    0.661591
          36     894.832      898.52    0.651531
          37     893.824     898.393    0.646264
          38     899.926     898.434    0.630318
          39     897.738     898.416    0.614203
          40     894.686     898.323    0.605869
          41     899.461      898.35    0.591559
          42     898.091     898.344    0.577335
          43     905.212     898.504    0.585936
          44     900.261     898.544    0.573856
          45     888.283     898.316    0.605529
          46     898.955      898.33    0.592382
          47     898.487     898.333     0.57965
          48     896.308     898.291    0.569012
          49      897.12     898.267    0.557791
          50     891.261     898.127    0.564198
          51     906.026     898.282    0.574306
          52     891.025     898.142    0.580188
          53     902.608     898.227    0.575339
          54     893.761     898.144    0.570608
          55     902.155     898.217    0.564865
          56     895.248     898.164    0.557215
          57     896.348     898.132    0.548278
          58     894.621     898.071    0.542133
          59     906.087     898.207    0.549911
          60     901.027     898.254    0.542708
          61     897.117     898.236    0.534062
          62     895.244     898.187    0.527588
          63     898.789     898.197    0.519234
          64     895.926     898.161    0.512288
          65     904.453     898.258    0.513549
          66     900.768     898.296    0.507137
          67     897.359     898.282    0.499706
          68     897.378     898.269    0.492482
          69     897.541     898.258    0.485407
          70     896.476     898.233    0.479099
          71     899.211     898.247    0.472504
          72     898.543     898.251    0.465913
          73      904.39     898.335    0.467118
          74     894.826     898.287    0.463196
          75     901.522     898.331    0.459009
          76     898.462     898.332    0.452933
          77     901.215      898.37    0.448577
          78     901.344     898.408    0.444427
          79     894.276     898.356    0.441872
          80     901.846     898.399    0.438489
          81     898.614     898.402     0.43305
          82     897.508     898.391    0.427875
          83     899.911     898.409    0.423085
          84     902.954     898.463    0.421504
          85     893.055       898.4    0.421348
          86     897.902     898.394     0.41646
          87     905.254     898.473    0.419128
          88     896.882     898.455    0.414732
          89     897.315     898.442    0.410246
          90     900.571     898.466    0.406351
          91     899.628     898.478    0.402064
          92     895.518     898.446    0.398969
          93     898.585     898.448    0.394659
          94     896.566     898.428     0.39095
          95     897.242     898.415    0.387015
          96     896.038      898.39    0.383762
          97     900.246      898.41    0.380266
          98     895.944     898.384    0.377206
          99     893.946      898.34    0.376058
         100     892.442     898.281     0.37692
