           1     1.10866     1.10866           0
           2     1.12036     1.11451  0.00584903
           3      1.1132     1.11407  0.00340502
           4     1.11637     1.11465  0.00247529
           5     1.12085     1.11589  0.00228309
           6     1.10958     1.11484   0.0021403
           7      1.1169     1.11513  0.00183263
           8     1.10824     1.11427  0.00180598
           9     1.11901      1.1148  0.00167751
          10     1.11809     1.11513  0.00153611
          11     1.11202     1.11484   0.0014179
          12     1.11723     1.11504  0.00130953
          13     1.11481     1.11502  0.00120472
          14     1.11144     1.11477  0.00114433
          15     1.12274      1.1153  0.00119051
          16     1.11684      1.1154  0.00111779
          17     1.10379     1.11471  0.00125255
          18     1.11676     1.11483  0.00118636
          19      1.1193     1.11506   0.0011466
          20     1.10269     1.11444  0.00125137
          21     1.11565      1.1145  0.00119167
          22     1.11918     1.11471  0.00115596
          23     1.11164     1.11458  0.00111263
          24     1.11422     1.11456  0.00106537
          25     1.11285      1.1145  0.00102417
          26      1.1262     1.11495  0.00108201
          27     1.11124     1.11481  0.00105017
          28     1.12895     1.11531  0.00113097
          29     1.09855     1.11473  0.00123495
          30     1.11194     1.11464   0.0011967
          31     1.10643     1.11438  0.00118736
          32     1.12181     1.11461  0.00117288
          33     1.11606     1.11465  0.00113763
          34     1.11642     1.11471  0.00110488
          35     1.11436      1.1147  0.00107289
          36     1.11693     1.11476  0.00104452
          37     1.11852     1.11486  0.00102097
          38     1.11052     1.11474  0.00100029
          39     1.11372     1.11472  0.00097466
          40     1.11829     1.11481 0.000954163
          41     1.11368     1.11478 0.000931009
          42       1.116     1.11481 0.000909036
          43       1.105     1.11458 0.000916484
          44     1.11165     1.11451 0.000897892
          45     1.12948     1.11485 0.000938638
          46     1.11165     1.11478 0.000920631
          47     1.11229     1.11472 0.000902381
          48     1.11704     1.11477 0.000884697
          49     1.11177     1.11471 0.000868615
          50     1.12403      1.1149 0.000871235
          51     1.10166     1.11464 0.000892549
          52     1.12957     1.11493  0.00092111
          53      1.1079     1.11479 0.000913247
          54     1.12346     1.11495 0.000910435
          55     1.10711     1.11481 0.000905034
          56     1.11824     1.11487 0.000890833
          57     1.11901     1.11494 0.000878074
          58      1.1244     1.11511 0.000878055
          59     1.10565     1.11495 0.000877809
          60     1.10989     1.11486 0.000867164
          61     1.11507     1.11487 0.000852837
          62     1.11669      1.1149 0.000839484
          63     1.11297     1.11487 0.000826618
          64     1.11976     1.11494 0.000817184
          65     1.10679     1.11482 0.000814237
          66     1.11279     1.11479 0.000802394
          67     1.11835     1.11484 0.000792119
          68     1.11808     1.11489 0.000781839
          69     1.11523     1.11489  0.00077044
          70     1.11679     1.11492 0.000759837
          71     1.11306     1.11489 0.000749518
          72      1.1162     1.11491 0.000739259
          73     1.10595     1.11479 0.000739317
          74       1.121     1.11487 0.000734072
          75     1.11046     1.11481 0.000726599
          76     1.11664     1.11484 0.000717376
          77     1.11137     1.11479 0.000709432
          78     1.10677     1.11469 0.000707785
          79     1.11853     1.11474 0.000700456
          80     1.11212     1.11471 0.000692419
          81      1.1161     1.11472 0.000684034
          82     1.11454     1.11472 0.000675644
          83     1.11256     1.11469 0.000667962
          84     1.11099     1.11465 0.000661431
          85     1.12238     1.11474 0.000659896
          86     1.11492     1.11474 0.000652181
          87     1.10579     1.11464 0.000652796
          88     1.11801     1.11468  0.00064647
          89     1.11632      1.1147 0.000639432
          90     1.11006     1.11465 0.000634387
          91     1.11195     1.11462 0.000628076
          92     1.11805     1.11465 0.000622333
          93     1.11034     1.11461  0.00061735
          94     1.11351     1.11459 0.000610859
          95     1.11273     1.11458 0.000604713
          96     1.11776     1.11461 0.000599302
          97     1.10719     1.11453 0.000597998
          98     1.11871     1.11457 0.000593398
          99     1.12236     1.11465 0.000592615
         100     1.12267     1.11473 0.000592108
