              1        85.5032        85.5032              0
              2        82.9491        84.2262        1.27702
              3        82.3798        83.6107       0.960397
              4        81.1568        82.9973       0.915164
              5         78.082        82.0142        1.21199
              6        74.5019        80.7621        1.59591
              7         84.192        81.2521        1.43503
              8        84.1508        81.6145        1.29451
              9        82.9896        81.7672        1.15183
             10        86.0109        82.1916        1.11421
             11         76.179         81.645        1.14652
             12         82.117        81.6843        1.04737
             13         75.706        81.2245        1.06757
             14        74.5731        80.7494        1.09663
             15        74.5704        80.3374        1.10088
             16        84.2202        80.5801        1.05799
             17        81.3415        80.6249       0.994816
             18        77.5251        80.4527       0.953601
             19        82.6636         80.569       0.909491
             20        86.2377        80.8525       0.908179
              1        49.0362        49.0362              0
              2        49.3818         49.209         0.1728
              3        40.9631        46.4603        2.75043
              4        43.8044        45.7963        2.05507
              5        44.3615        45.5094        1.61751
              6         45.601        45.5247        1.32078
              7        44.9566        45.4435        1.11921
              8        42.8275        45.1165        1.02294
              9         45.272        45.1338       0.902313
             10        43.6391        44.9843       0.820777
             11        47.5738        45.2197       0.778848
             12        48.6696        45.5072       0.766913
             13        40.5587        45.1266       0.801603
             14        38.7239        44.6692       0.871738
             15        45.6923        44.7374       0.814405
             16        48.4662        44.9705       0.796655
             17         41.895        44.7896       0.769885
             18        40.9675        44.5772       0.756275
             19        47.7225        44.7428       0.734268
             20        46.1225        44.8117       0.699996
              1        22.9739        22.9739              0
              2        23.3501         23.162       0.188069
              3         25.701        24.0083       0.853272
              4        21.5676        23.3982       0.858123
              5         21.981        23.1147       0.722608
              6         27.849        23.9038       0.985238
              7        25.8322        24.1792       0.877068
              8        24.7039        24.2448       0.762389
              9        23.6082        24.1741       0.676074
             10         24.518        24.2085       0.605676
             11        24.7464        24.2574       0.550033
             12        25.4637        24.3579       0.512074
             13        22.9946         24.253       0.482572
             14        22.7561        24.1461       0.459392
             15        22.3362        24.0254       0.444366
             16        24.1959        24.0361       0.415803
             17        27.2141         24.223       0.433011
             18        23.3835        24.1764       0.410902
             19        22.6663        24.0969       0.396718
             20        27.4579         24.265       0.412174
              1        13.9661        13.9661              0
              2        15.0664        14.5162        0.55017
              3        14.2313        14.4213        0.33154
              4        15.6106        14.7186       0.378641
              5        14.9774        14.7704       0.297827
              6        15.3899        14.8736       0.264191
              7        14.5101        14.8217       0.229242
              8        14.7267        14.8098       0.198884
              9        17.2985        15.0863       0.327458
             10        14.8818        15.0659       0.293601
             11        15.1699        15.0753        0.26574
             12        16.8145        15.2203       0.282582
             13        14.1704        15.1395       0.272194
             14         15.821        15.1882       0.256661
             15        15.5449         15.212       0.240119
             16        16.4482        15.2892       0.237529
             17         15.115         15.279       0.223355
             18         15.974        15.3176       0.214092
             19        14.9411        15.2978       0.203478
             20        16.2506        15.3454       0.198828
              1        9.44208        9.44208              0
              2        10.1872        9.81465       0.372569
              3        9.87583        9.83504       0.216067
              4        10.5664        10.0179       0.238262
              5        8.98638        9.81157       0.276803
              6        10.7037        9.96027       0.270535
              7        10.3351        10.0138        0.23483
              8        9.94922        10.0057       0.203529
              9        10.4868        10.0592       0.187284
             10         10.282        10.0815       0.168988
             11        10.4046        10.1108       0.155652
             12         11.396        10.2179       0.177933
             13         10.135        10.2116       0.163799
             14        9.63986        10.1707        0.15705
             15        10.4422        10.1888       0.147321
             16         9.8665        10.1687       0.139271
             17        10.1624        10.1683       0.130823
             18        10.5035        10.1869       0.124739
             19        10.2255         10.189       0.118009
             20        10.8626        10.2226       0.116909
              1         6.9818         6.9818              0
              2        7.52794        7.25487       0.273068
              3        7.46505        7.32493       0.172522
              4        7.66624        7.41026       0.148872
              5        7.03514        7.33523       0.137572
              6        7.37756        7.34229       0.112548
              7        7.10215        7.30798       0.101118
              8        6.94715        7.26288      0.0985035
              9        7.53533        7.29315      0.0919953
             10        7.21508        7.28534      0.0826526
             11        7.48883        7.30384      0.0770168
             12        8.00905        7.36261      0.0916327
             13         7.6472         7.3845      0.0870863
             14        6.97571         7.3553      0.0857507
             15          7.524        7.36655      0.0806179
             16        6.93834        7.33979      0.0800194
             17        7.65968         7.3586      0.0774848
             18        7.32275        7.35661      0.0730805
             19        7.43739        7.36086      0.0692579
             20        7.14177        7.34991      0.0666108
              1        5.32276        5.32276              0
              2        5.69012        5.50644        0.18368
              3        5.73418        5.58236       0.130418
              4        5.72484        5.61798      0.0988602
              5        5.16238        5.52686       0.119025
              6        5.67654         5.5518       0.100334
              7        5.38831        5.52845      0.0879554
              8        5.15726        5.48205      0.0891906
              9        5.81709        5.51928      0.0870231
             10        5.46518        5.51387      0.0780236
             11        5.72868         5.5334      0.0732269
             12         5.8752        5.56188      0.0726623
             13        5.64193        5.56804      0.0671226
             14        5.88221        5.59048      0.0660713
             15        5.90831        5.61167      0.0650564
             16        5.43716        5.60076      0.0618244
             17        5.69638        5.60638      0.0583456
             18        5.85593        5.62025      0.0567288
             19        5.80662        5.63006      0.0545493
             20        5.67768        5.63244      0.0518047
              1        4.17536        4.17536              0
              2        4.48486        4.33011        0.15475
              3        4.53812        4.39945       0.113093
              4        4.48845         4.4217      0.0830067
              5        4.22741        4.38284      0.0751259
              6        4.36037        4.37909      0.0614543
              7        4.18567        4.35146      0.0588311
              8        4.37596        4.35453      0.0510412
              9        4.48487        4.36901      0.0472864
             10        4.29432        4.36154      0.0429487
             11        4.50205        4.37431      0.0408948
             12        4.53613         4.3878      0.0396926
             13        4.69151        4.41116      0.0433467
             14        4.64296        4.42772      0.0434126
             15        4.43024        4.42789      0.0404153
             16        4.24459        4.41643      0.0395026
             17        4.37738        4.41413      0.0371773
             18        4.65127        4.42731      0.0374451
             19        4.48195        4.43018      0.0355361
             20        4.44083        4.43072      0.0337167
              1        3.53158        3.53158              0
              2        3.56758        3.54958          0.018
              3        3.60886        3.56934      0.0223262
              4        3.65201        3.59001      0.0260074
              5        3.49127        3.57026      0.0282104
              6        3.72231         3.5956       0.034245
              7        3.36279        3.56234      0.0440883
              8        3.62869        3.57064      0.0390718
              9        3.70624         3.5857      0.0376082
             10        3.41907        3.56904      0.0375389
             11        3.57281        3.56938      0.0339569
             12        3.65692        3.57668      0.0318451
             13        3.71075        3.58699      0.0310557
             14         3.5861        3.58693      0.0287521
             15        3.82111        3.60254      0.0309872
             16        3.50196        3.59625      0.0296597
             17        3.67524         3.6009      0.0282452
             18        3.80806        3.61241      0.0290103
             19         3.6714        3.61551       0.027616
             20        3.65398        3.61744      0.0262694
              1        2.93765        2.93765              0
              2        2.92399        2.93082     0.00683143
              3        3.04262        2.96809      0.0374757
              4        2.94962        2.96347      0.0268984
              5        2.90737        2.95225      0.0236649
              6        3.08286        2.97402      0.0291065
              7        2.73484        2.93985      0.0421024
              8         2.9721        2.94388      0.0366838
              9        3.01296        2.95156      0.0332501
             10         2.9136        2.94776      0.0299811
             11        2.98385        2.95104      0.0273167
             12        3.08777        2.96244      0.0274164
             13        3.05475        2.96954      0.0262002
             14        3.11763        2.98012      0.0264628
             15        3.06835          2.986       0.025328
             16        2.87689        2.97918      0.0246541
             17        3.11846        2.98737       0.024565
             18        3.07327        2.99214      0.0236467
             19        3.05673        2.99554      0.0226243
             20        2.97933        2.99473      0.0214786
              1        2.50998        2.50998              0
              2        2.51319        2.51159     0.00160533
              3        2.54225        2.52181      0.0102606
              4        2.51564        2.52027     0.00741726
              5        2.49556        2.51533     0.00757766
              6        2.65876        2.53923      0.0246929
              7        2.38894        2.51776      0.0299417
              8        2.51575        2.51751      0.0259315
              9        2.58371        2.52486      0.0240231
             10        2.47029        2.51941      0.0221691
             11        2.48553        2.51633      0.0202878
             12        2.59587        2.52296      0.0196705
             13        2.60972        2.52963      0.0192858
             14         2.6007        2.53471      0.0185629
             15        2.54018        2.53507       0.017285
             16        2.51402        2.53376      0.0162221
             17        2.60207        2.53777       0.015759
             18        2.55479        2.53872      0.0148878
             19        2.64003        2.54405      0.0150581
             20        2.47041        2.54037      0.0147524
              1        2.12878        2.12878              0
              2        2.17025        2.14952      0.0207325
              3        2.19669        2.16524      0.0197618
              4        2.18819        2.17098       0.015106
              5        2.13327        2.16344      0.0139206
              6        2.20296        2.17003      0.0131363
              7        2.07427        2.15635      0.0176182
              8          2.157        2.15643      0.0152581
              9        2.24591        2.16637      0.0167307
             10        2.13376        2.16311      0.0153156
             11        2.17928        2.16458      0.0139312
             12        2.21213        2.16854      0.0133206
             13        2.17491        2.16903       0.012263
             14        2.29192        2.17781      0.0143509
             15        2.21263        2.18013      0.0135602
             16        2.13149        2.17709      0.0130436
             17        2.27399        2.18279      0.0135134
             18        2.18614        2.18298      0.0127419
             19        2.24235         2.1861      0.0124512
             20        2.15884        2.18474      0.0118906
              1        1.89557        1.89557              0
              2        1.90977        1.90267     0.00710118
              3        1.89062        1.89866     0.00573997
              4        1.93471        1.90767     0.00988431
              5        1.89515        1.90516     0.00805542
              6        1.92392        1.90829     0.00728261
              7        1.85471        1.90064     0.00982202
              8        1.88683        1.89891     0.00867936
              9        1.93511        1.90293     0.00864665
             10        1.93003        1.90564     0.00819486
             11        1.86254        1.90172     0.00838465
             12        1.92355        1.90354     0.00786729
             13         1.9137        1.90432      0.0072789
             14        1.95211        1.90774     0.00755416
             15        1.92128        1.90864     0.00709029
             16        1.85618        1.90536      0.0073986
             17        1.94754        1.90784     0.00737943
             18        1.96279         1.9109     0.00759752
             19         1.9346        1.91214     0.00729404
             20        1.85301        1.90919      0.0075249
              1        1.65648        1.65648              0
              2        1.68081        1.66865      0.0121667
              3        1.63592        1.65774      0.0129736
              4        1.68474        1.66449      0.0113899
              5        1.70011        1.67161      0.0113399
              6        1.67312        1.67187     0.00926237
              7        1.63008         1.6659     0.00984486
              8        1.68592         1.6684     0.00888587
              9        1.70074        1.67199     0.00862129
             10         1.7274        1.67753     0.00949503
             11        1.67116        1.67695     0.00860813
             12        1.68713         1.6778     0.00790373
             13        1.69732         1.6793     0.00742379
             14        1.77302          1.686     0.00959438
             15        1.66728        1.68475     0.00901866
             16        1.66008        1.68321     0.00857587
             17        1.71897        1.68531     0.00832577
             18        1.71519        1.68697     0.00802321
             19        1.69548        1.68742     0.00760239
             20        1.63393        1.68474      0.0076921
              1        1.47701        1.47701              0
              2        1.48915        1.48308     0.00606947
              3        1.47624         1.4808     0.00418219
              4        1.50177        1.48604     0.00601933
              5        1.49148        1.48713     0.00478753
              6         1.4854        1.48684     0.00391966
              7        1.44027        1.48019     0.00743233
              8        1.52517        1.48581     0.00854661
              9        1.52497        1.49016     0.00870296
             10        1.53216        1.49436     0.00884504
             11        1.49656        1.49456     0.00800313
             12        1.50612        1.49553     0.00736906
             13          1.511        1.49672      0.0068823
             14        1.57446        1.50227       0.008452
             15        1.48171         1.5009     0.00798682
             16        1.50811        1.50135     0.00748458
             17        1.55023        1.50422     0.00759582
             18        1.53895        1.50615     0.00741667
             19        1.52317        1.50705     0.00707243
             20        1.48015         1.5057       0.006843
              1        1.33208        1.33208              0
              2        1.35719        1.34464       0.012554
              3        1.32358        1.33762      0.0100889
              4        1.36464        1.34437     0.00982394
              5        1.35756        1.34701     0.00805362
              6        1.35615        1.34853     0.00674992
              7        1.29517        1.34091     0.00952189
              8        1.36529        1.34396     0.00879135
              9        1.37293        1.34718     0.00839486
             10        1.39263        1.35172     0.00877705
             11        1.32413        1.34921     0.00832593
             12        1.33053        1.34766     0.00775838
             13        1.36808        1.34923     0.00730753
             14         1.4071        1.35336     0.00792822
             15        1.33812        1.35235     0.00745039
             16        1.34239        1.35172     0.00699693
             17        1.40897        1.35509     0.00738488
             18        1.38008        1.35648     0.00709964
             19        1.37131        1.35726     0.00676079
             20        1.33322        1.35606     0.00652546
