              1       0.280925       0.280925              0
              2       0.298447       0.289686       0.000996
              3       0.282317        0.28723    0.000783388
              4       0.298543       0.290058    0.000746222
              5       0.338271       0.299701     0.00119193
              6       0.336575       0.305846     0.00149102
              7       0.259508       0.299227     0.00138554
              8       0.283187       0.297222     0.00123589
              9       0.294548       0.296925     0.00109308
             10       0.280064       0.295239     0.00101735
             11       0.331595       0.298544     0.00104938
             12        0.31792       0.300158    0.000959038
             13       0.333062       0.302689    0.000953922
             14        0.34259       0.305539     0.00100202
             15         0.3682       0.309717      0.0010506
             16         0.2972       0.308935    0.000997105
             17       0.277657       0.307095    0.000941823
             18       0.336169        0.30871    0.000904064
             19       0.288432       0.307643    0.000861872
             20       0.232597        0.30389    0.000888711
              1       0.429617       0.429617              0
              2       0.437712       0.433665       0.001436
              3       0.408106       0.425145     0.00325277
              4       0.411911       0.421837     0.00233333
              5       0.452777       0.428025     0.00195226
              6       0.392345       0.422078     0.00168558
              7       0.390838       0.417615     0.00142593
              8       0.436629       0.419992     0.00133595
              9       0.446078        0.42289     0.00117869
             10       0.430293       0.423631     0.00105686
             11       0.420752       0.423369     0.00101833
             12       0.427166       0.423685     0.00100045
             13        0.40258       0.422062    0.000968722
             14        0.41711       0.421708     0.00107424
             15       0.430861       0.422318     0.00100099
             16        0.43275        0.42297    0.000949376
             17       0.392806       0.421196    0.000910007
             18       0.419448       0.421099    0.000900912
             19       0.450487       0.422646    0.000881982
             20       0.403649       0.421696     0.00085426
              1        0.40453        0.40453              0
              2       0.435624       0.420077       0.001512
              3       0.431696        0.42395     0.00161382
              4       0.403295       0.418786     0.00114345
              5       0.414923       0.418014     0.00118684
              6       0.442221       0.422048     0.00138772
              7       0.435166       0.423922     0.00117285
              8       0.472312       0.429971     0.00101692
              9       0.426696       0.429607    0.000906088
             10       0.421461       0.428792    0.000819252
             11       0.430739       0.428969    0.000742783
             12       0.445395       0.430338    0.000694537
             13       0.397858        0.42784    0.000639143
             14        0.43564       0.428397    0.000606219
             15       0.440755       0.429221    0.000716621
             16       0.425848        0.42901    0.000677167
             17       0.423392       0.428679    0.000682404
             18       0.430929       0.428804    0.000695563
             19       0.448476        0.42984    0.000674214
             20       0.438952       0.430295    0.000718573
              1       0.413619       0.413619              0
              2       0.447654       0.430637        0.00118
              3       0.437247        0.43284    0.000743331
              4       0.464503       0.440756     0.00120051
              5       0.423255       0.437256    0.000957361
              6       0.414689       0.433495    0.000811404
              7       0.438953       0.434274    0.000829915
              8       0.453908       0.436729    0.000906589
              9       0.463224       0.439673    0.000879234
             10       0.426179       0.438323    0.000809657
             11       0.446883       0.439101    0.000767206
             12       0.430266       0.438365    0.000828625
             13       0.427393       0.437521    0.000777727
             14       0.440629       0.437743    0.000722937
             15       0.439237       0.437843    0.000677873
             16       0.453009       0.438791    0.000634111
             17       0.428595       0.438191    0.000597495
             18       0.467932       0.439843     0.00056975
             19       0.457082       0.440751    0.000541904
             20       0.435778       0.440502    0.000544377
              1       0.427602       0.427602              0
              2       0.437488       0.432545       0.000716
              3       0.420562       0.428551    0.000414725
              4       0.441432       0.431771    0.000970055
              5        0.42254       0.429925     0.00125372
              6       0.428027       0.429608     0.00116124
              7       0.433921       0.430224     0.00099583
              8       0.437116       0.431086    0.000882123
              9       0.450804       0.433277    0.000779536
             10       0.445497       0.434499    0.000705621
             11       0.442592       0.435235      0.0006532
             12       0.445712       0.436108    0.000656607
             13       0.433768       0.435928    0.000629457
             14       0.428257        0.43538    0.000594291
             15       0.430811       0.435075     0.00055825
             16       0.414775       0.433807     0.00056092
             17       0.433439       0.433785    0.000527505
             18       0.445919       0.434459    0.000499272
             19       0.452198       0.435393    0.000508803
             20       0.429354       0.435091    0.000506421
              1       0.422847       0.422847              0
              2       0.428381       0.425614       0.000336
              3       0.416422        0.42255     0.00133946
              4       0.428012       0.423916     0.00142798
              5       0.418482       0.422829     0.00144204
              6       0.396188       0.418389     0.00130062
              7       0.409661       0.417142     0.00110973
              8       0.418648        0.41733    0.000961758
              9       0.428271       0.418546    0.000848249
             10       0.411151       0.417806    0.000765913
             11       0.447026       0.420463     0.00071644
             12       0.421298       0.420532    0.000701324
             13       0.413681       0.420005    0.000653733
             14       0.418248        0.41988    0.000618463
             15       0.418876       0.419813    0.000590197
             16       0.413211         0.4194    0.000564751
             17       0.417002       0.419259    0.000532103
             18       0.427364       0.419709    0.000501704
             19       0.448843       0.421243     0.00047579
             20       0.409593        0.42066    0.000451633
              1       0.395072       0.395072              0
              2       0.403064       0.399068       0.000496
              3       0.394055       0.397397     0.00122851
              4       0.399603       0.397949    0.000870849
              5       0.397882       0.397935    0.000983127
              6       0.387488       0.396194    0.000899492
              7       0.396871       0.396291    0.000805372
              8       0.398333       0.396546    0.000698372
              9       0.409228       0.397955    0.000616984
             10       0.390234       0.397183    0.000578136
             11       0.412502       0.398576    0.000536389
             12       0.391665          0.398    0.000499604
             13       0.390926       0.397456    0.000502086
             14       0.399542       0.397605    0.000502866
             15       0.399951       0.397761    0.000481443
             16       0.398453       0.397804    0.000474253
             17       0.403233       0.398124    0.000461393
             18       0.399042       0.398175     0.00043887
             19       0.406075        0.39859    0.000417281
             20       0.393876       0.398355    0.000407173
              1       0.374975       0.374975              0
              2       0.371886        0.37343       0.001008
              3       0.374159       0.373673     0.00154821
              4       0.376138        0.37429     0.00109592
              5       0.371464       0.373724    0.000869293
              6       0.361157        0.37163    0.000879403
              7       0.371637       0.371631    0.000743391
              8       0.370784       0.371525     0.00068184
              9        0.37283        0.37167    0.000641537
             10       0.366685       0.371172    0.000585328
             11        0.37835       0.371824    0.000546819
             12       0.359334       0.370783    0.000504542
             13       0.369005       0.370647    0.000472143
             14       0.382893       0.371521    0.000459355
             15       0.363871       0.371011    0.000455924
             16       0.367554       0.370795     0.00044532
             17        0.37577       0.371088    0.000418334
             18       0.364975       0.370748    0.000395202
             19       0.381541       0.371316    0.000373858
             20       0.362459       0.370873    0.000357569
              1        0.34833        0.34833              0
              2       0.343334       0.345832        0.00022
              3       0.346237       0.345967      0.0014788
              4       0.349635       0.346884     0.00105038
              5       0.343158       0.346139    0.000813689
              6       0.334688        0.34423    0.000965474
              7       0.354916       0.345757    0.000820484
              8       0.345183       0.345685    0.000798173
              9        0.34222         0.3453     0.00072627
             10       0.339025       0.344673    0.000690925
             11       0.351766       0.345317    0.000625891
             12       0.343594       0.345174     0.00057351
             13        0.34718       0.345328    0.000527554
             14       0.351743       0.345786    0.000488442
             15       0.347158       0.345878     0.00049266
             16       0.334292       0.345154    0.000468238
             17       0.348166       0.345331    0.000460597
             18       0.349126       0.345542    0.000436367
             19       0.350443         0.3458    0.000412762
             20       0.343567       0.345688    0.000392724
              1        0.32089        0.32089              0
              2       0.322445       0.321667       0.000116
              3       0.317911       0.320415     0.00134966
              4       0.320895       0.320535    0.000955882
              5        0.31974       0.320376    0.000743014
              6       0.308617       0.318416    0.000976618
              7       0.321817       0.318902    0.000832014
              8       0.320806        0.31914    0.000743527
              9       0.321481         0.3194    0.000664277
             10       0.318825       0.319343    0.000596199
             11       0.325884       0.319937    0.000539869
             12       0.316752       0.319672    0.000495466
             13       0.321629       0.319822    0.000457071
             14       0.327066        0.32034    0.000426153
             15       0.314558       0.319954    0.000414193
             16       0.308646       0.319248    0.000391001
             17       0.324503       0.319557    0.000369572
             18       0.323532       0.319778    0.000349298
             19       0.324916       0.320048    0.000330479
             20       0.315011       0.319796    0.000317053
              1       0.292632       0.292632              0
              2       0.296875       0.294753       0.000168
              3       0.291962       0.293823     0.00186652
              4       0.289513       0.292745     0.00132102
              5        0.29312        0.29282     0.00102526
              6       0.285629       0.291622      0.0010433
              7       0.296799       0.292361    0.000884003
              8       0.298749        0.29316    0.000766355
              9       0.287789       0.292563     0.00068653
             10       0.295729        0.29288    0.000614175
             11       0.299235       0.293457     0.00055619
             12       0.290613        0.29322     0.00050819
             13       0.295556         0.2934    0.000485289
             14       0.302046       0.294018    0.000452665
             15       0.291954        0.29388    0.000431893
             16       0.290284       0.293655    0.000418515
             17       0.297492       0.293881    0.000394509
             18       0.291318       0.293739    0.000371959
             19       0.304296       0.294294    0.000364547
             20       0.287193       0.293939    0.000347115
              1       0.274374       0.274374              0
              2       0.270614       0.272494       0.000968
              3       0.269946       0.271644     0.00219759
              4       0.266642       0.270394     0.00157076
              5       0.274538       0.271223     0.00122697
              6       0.266771       0.270481     0.00109896
              7       0.276884       0.271395    0.000929024
              8       0.272573       0.271543    0.000821562
              9       0.269799       0.271349    0.000766831
             10       0.271253       0.271339    0.000686269
             11       0.274557       0.271632    0.000621016
             12       0.267313       0.271272    0.000567057
             13       0.271152       0.271263    0.000538452
             14       0.270553       0.271212    0.000499023
             15       0.270152       0.271141    0.000473048
             16       0.264391       0.270719    0.000446285
             17       0.273509       0.270883    0.000419431
             18       0.260305       0.270296    0.000397207
             19       0.278111       0.270707    0.000375849
             20       0.264757        0.27041     0.00035739
              1       0.252964       0.252964              0
              2       0.251777        0.25237        0.00056
              3       0.248486       0.251076     0.00129436
              4       0.247329       0.250139    0.000935865
              5       0.254227       0.250956    0.000738849
              6       0.249166       0.250658    0.000664856
              7         0.2578       0.251678     0.00056422
              8       0.246303       0.251006    0.000523445
              9       0.242352       0.250045    0.000550673
             10       0.245272       0.249568    0.000496297
             11        0.25113        0.24971    0.000471315
             12       0.248346       0.249596    0.000433027
             13        0.24976       0.249609    0.000414903
             14       0.249485         0.2496    0.000389983
             15       0.248758       0.249544    0.000363272
             16       0.246574       0.249358    0.000340588
             17       0.249641       0.249375    0.000323639
             18       0.243669       0.249058    0.000305931
             19       0.254511       0.249345    0.000289433
             20       0.246612       0.249208    0.000276565
              1       0.230269       0.230269              0
              2       0.231058       0.230663       0.001168
              3       0.226891       0.229406     0.00146331
              4       0.228502        0.22918     0.00104269
              5       0.236909       0.230726    0.000808132
              6        0.22879       0.230403    0.000683668
              7       0.233565       0.230855    0.000577972
              8       0.228522       0.230563     0.00051301
              9       0.224603       0.229901    0.000521874
             10       0.223084       0.229219    0.000471378
             11       0.229717       0.229264    0.000428189
             12       0.231508       0.229451    0.000407387
             13       0.230027       0.229496    0.000396232
             14       0.226895        0.22931    0.000372977
             15       0.228984       0.229288    0.000349738
             16       0.225819       0.229071    0.000332948
             17       0.230056       0.229129    0.000328134
             18       0.224235       0.228857    0.000319059
             19       0.233116       0.229081    0.000303808
             20       0.230204       0.229138    0.000288672
              1        0.21027        0.21027              0
              2       0.210349        0.21031       0.000852
              3       0.210821        0.21048     0.00131543
              4        0.20939       0.210208    0.000938119
              5       0.214771        0.21112    0.000727831
              6       0.212761       0.211394    0.000702804
              7       0.216334         0.2121    0.000637471
              8       0.212982        0.21221    0.000559609
              9        0.20889       0.211841    0.000600003
             10       0.203755       0.211032    0.000536789
             11       0.212347       0.211152    0.000485544
             12       0.214837       0.211459     0.00045625
             13       0.216048       0.211812    0.000433787
             14       0.209624       0.211656    0.000402769
             15       0.212716       0.211726    0.000374991
             16       0.212119       0.211751     0.00036235
             17       0.212291       0.211783    0.000342529
             18       0.208605       0.211606    0.000324931
             19       0.217638       0.211924    0.000308037
             20       0.213295       0.211992    0.000296416
              1       0.196281       0.196281              0
              2       0.192829       0.194555          0.001
              3       0.196326       0.195146     0.00153165
              4       0.194123        0.19489     0.00108705
              5       0.197508       0.195414    0.000878243
              6       0.200578       0.196274    0.000948996
              7       0.202112       0.197108     0.00082225
              8       0.197181       0.197117    0.000712801
              9       0.195762       0.196967    0.000700274
             10        0.19153       0.196423    0.000629901
             11       0.197652       0.196535    0.000570783
             12       0.198107       0.196666    0.000539974
             13       0.200431       0.196955    0.000498175
             14       0.191294       0.196551    0.000464446
             15       0.195929        0.19651    0.000433171
             16        0.19588        0.19647    0.000405305
             17       0.195321       0.196403    0.000381861
             18       0.194761       0.196311    0.000360626
             19       0.202112       0.196617    0.000344758
             20       0.198397       0.196706    0.000336844
