              1      -0.980416      -0.980416              0
              2      -0.978424       -0.97942       0.000996
              3      -0.977824      -0.978888    0.000783388
              4      -0.976888      -0.978388    0.000746222
              5      -0.973176      -0.977346     0.00119193
              6      -0.970568      -0.976216     0.00149102
              7      -0.980248      -0.976792     0.00138554
              8       -0.97916      -0.977088     0.00123589
              9      -0.977832      -0.977171     0.00109308
             10      -0.979984      -0.977452     0.00101735
             11      -0.971904      -0.976948     0.00104938
             12        -0.9764      -0.976902    0.000959038
             13      -0.972184      -0.976539    0.000953922
             14      -0.969912      -0.976066     0.00100202
             15      -0.968816      -0.975582      0.0010506
             16       -0.97828      -0.975751    0.000997105
             17      -0.977432       -0.97585    0.000941823
             18      -0.972792       -0.97568    0.000904064
             19       -0.97772      -0.975787    0.000861872
             20      -0.982752      -0.976136    0.000888711
              1       -0.93928       -0.93928              0
              2      -0.942152      -0.940716       0.001436
              3       -0.93128      -0.937571     0.00325277
              4         -0.936      -0.937178     0.00233333
              5      -0.933488       -0.93644     0.00195226
              6      -0.939728      -0.936988     0.00168558
              7      -0.936552      -0.936926     0.00142593
              8      -0.932848      -0.936416     0.00133595
              9      -0.936112      -0.936382     0.00117869
             10       -0.93564      -0.936308     0.00105686
             11      -0.940168      -0.936659     0.00101833
             12      -0.941096      -0.937029     0.00100045
             13      -0.933096      -0.936726    0.000968722
             14      -0.928448      -0.936135     0.00107424
             15      -0.935488      -0.936092     0.00100099
             16        -0.9386      -0.936248    0.000949376
             17      -0.933168      -0.936067    0.000910007
             18       -0.93112      -0.935792    0.000900912
             19      -0.940112       -0.93602    0.000881982
             20      -0.939464      -0.936192     0.00085426
              1      -0.891472      -0.891472              0
              2      -0.888448       -0.88996       0.001512
              3      -0.894032      -0.891317     0.00161382
              4      -0.891608       -0.89139     0.00114345
              5       -0.88744        -0.8906     0.00118684
              6       -0.89656      -0.891593     0.00138772
              7      -0.891552      -0.891587     0.00117285
              8      -0.891192      -0.891538     0.00101692
              9      -0.890376      -0.891409    0.000906088
             10      -0.892608      -0.891529    0.000819252
             11      -0.892088       -0.89158    0.000742783
             12      -0.893384       -0.89173    0.000694537
             13      -0.891968      -0.891748    0.000639143
             14      -0.889904      -0.891617    0.000606219
             15      -0.884992      -0.891175    0.000716621
             16       -0.88964      -0.891079    0.000677167
             17       -0.89528      -0.891326    0.000682404
             18      -0.886568      -0.891062    0.000695563
             19      -0.888264      -0.890915    0.000674214
             20      -0.897464      -0.891242    0.000718573
              1      -0.845912      -0.845912              0
              2      -0.848272      -0.847092        0.00118
              3        -0.8462      -0.846795    0.000743331
              4      -0.851112      -0.847874     0.00120051
              5      -0.846736      -0.847646    0.000957361
              6      -0.848952      -0.847864    0.000811404
              7      -0.844592      -0.847397    0.000829915
              8      -0.842976      -0.846844    0.000906589
              9      -0.850136       -0.84721    0.000879234
             10      -0.849136      -0.847402    0.000809657
             11      -0.844888      -0.847174    0.000767206
             12      -0.852488      -0.847617    0.000828625
             13      -0.845608      -0.847462    0.000777727
             14      -0.848368      -0.847527    0.000722937
             15      -0.846312      -0.847446    0.000677873
             16      -0.847368      -0.847441    0.000634111
             17       -0.84824      -0.847488    0.000597495
             18      -0.845952      -0.847403     0.00056975
             19       -0.84848      -0.847459    0.000541904
             20       -0.85104      -0.847638    0.000544377
              1      -0.802808      -0.802808              0
              2       -0.80424      -0.803524       0.000716
              3      -0.803624      -0.803557    0.000414725
              4      -0.807256      -0.804482    0.000970055
              5      -0.799464      -0.803478     0.00125372
              6      -0.806768      -0.804027     0.00116124
              7      -0.805208      -0.804195     0.00099583
              8      -0.802712       -0.80401    0.000882123
              9      -0.804456       -0.80406    0.000779536
             10      -0.805144      -0.804168    0.000705621
             11       -0.80264      -0.804029      0.0006532
             12      -0.807328      -0.804304    0.000656607
             13         -0.802      -0.804127    0.000629457
             14      -0.802496       -0.80401    0.000594291
             15      -0.805128      -0.804085     0.00055825
             16      -0.800808       -0.80388     0.00056092
             17      -0.803448      -0.803855    0.000527505
             18      -0.803064      -0.803811    0.000499272
             19      -0.807408         -0.804    0.000508803
             20      -0.807064      -0.804153    0.000506421
              1      -0.758864      -0.758864              0
              2      -0.758192      -0.758528       0.000336
              3      -0.762504      -0.759853     0.00133946
              4      -0.764128      -0.760922     0.00142798
              5      -0.756296      -0.759997     0.00144204
              6      -0.763312      -0.760549     0.00130062
              7      -0.761616      -0.760702     0.00110973
              8      -0.760408      -0.760665    0.000961758
              9      -0.760576      -0.760655    0.000848249
             10      -0.761704       -0.76076    0.000765913
             11      -0.758752      -0.760577     0.00071644
             12      -0.763616      -0.760831    0.000701324
             13      -0.759456      -0.760725    0.000653733
             14      -0.758944      -0.760598    0.000618463
             15      -0.762544      -0.760727    0.000590197
             16      -0.758824      -0.760609    0.000564751
             17      -0.761312       -0.76065    0.000532103
             18      -0.760752      -0.760656    0.000501704
             19      -0.761304       -0.76069     0.00047579
             20      -0.760384      -0.760674    0.000451633
              1      -0.718152      -0.718152              0
              2      -0.719144      -0.718648       0.000496
              3      -0.722232      -0.719843     0.00122851
              4      -0.720088      -0.719904    0.000870849
              5      -0.716328      -0.719189    0.000983127
              6      -0.721624      -0.719595    0.000899492
              7      -0.721456      -0.719861    0.000805372
              8      -0.720144      -0.719896    0.000698372
              9      -0.720224      -0.719932    0.000616984
             10      -0.721656      -0.720105    0.000578136
             11      -0.718792      -0.719985    0.000536389
             12      -0.721176      -0.720085    0.000499604
             13      -0.717456      -0.719882    0.000502086
             14      -0.722568      -0.720074    0.000502866
             15       -0.72176      -0.720187    0.000481443
             16      -0.717808      -0.720038    0.000474253
             17       -0.72208      -0.720158    0.000461393
             18      -0.719112        -0.7201     0.00043887
             19      -0.720904      -0.720142    0.000417281
             20      -0.722048      -0.720238    0.000407173
              1      -0.678832      -0.678832              0
              2      -0.680848       -0.67984       0.001008
              3      -0.684144      -0.681275     0.00154821
              4      -0.681072      -0.681224     0.00109592
              5      -0.680288      -0.681037    0.000869293
              6      -0.684152      -0.681556    0.000879403
              7      -0.681664      -0.681571    0.000743391
              8      -0.683368      -0.681796     0.00068184
              9      -0.683808       -0.68202    0.000641537
             10      -0.680864      -0.681904    0.000585328
             11        -0.6804      -0.681767    0.000546819
             12      -0.682648      -0.681841    0.000504542
             13      -0.682968      -0.681927    0.000472143
             14      -0.683904      -0.682069    0.000459355
             15       -0.68444      -0.682227    0.000455924
             16      -0.680176      -0.682098     0.00044532
             17      -0.682016      -0.682094    0.000418334
             18      -0.682544      -0.682119    0.000395202
             19      -0.682216      -0.682124    0.000373858
             20      -0.683032      -0.682169    0.000357569
              1      -0.644064      -0.644064              0
              2      -0.644504      -0.644284        0.00022
              3      -0.648704      -0.645757      0.0014788
              4       -0.64536      -0.645658     0.00105038
              5      -0.645712      -0.645669    0.000813689
              6      -0.649872      -0.646369    0.000965474
              7      -0.645768      -0.646283    0.000820484
              8      -0.649192      -0.646647    0.000798173
              9      -0.648256      -0.646826     0.00072627
             10      -0.644472       -0.64659    0.000690925
             11      -0.646216      -0.646556    0.000625891
             12      -0.647152      -0.646606     0.00057351
             13      -0.646624      -0.646607    0.000527554
             14      -0.646672      -0.646612    0.000488442
             15      -0.649456      -0.646802     0.00049266
             16      -0.648128      -0.646885    0.000468238
             17       -0.64456      -0.646748    0.000460597
             18      -0.645976      -0.646705    0.000436367
             19      -0.646704      -0.646705    0.000412762
             20      -0.647304      -0.646735    0.000392724
              1      -0.610568      -0.610568              0
              2        -0.6108      -0.610684       0.000116
              3      -0.614728      -0.612032     0.00134966
              4      -0.611816      -0.611978    0.000955882
              5      -0.612288       -0.61204    0.000743014
              6      -0.616632      -0.612805    0.000976618
              7      -0.612072      -0.612701    0.000832014
              8      -0.614168      -0.612884    0.000743527
              9       -0.61384       -0.61299    0.000664277
             10      -0.612496      -0.612941    0.000596199
             11      -0.612664      -0.612916    0.000539869
             12      -0.613528      -0.612967    0.000495466
             13      -0.613416      -0.613001    0.000457071
             14      -0.612296      -0.612951    0.000426153
             15      -0.614736       -0.61307    0.000414193
             16      -0.613912      -0.613123    0.000391001
             17      -0.612424      -0.613081    0.000369572
             18       -0.61264      -0.613057    0.000349298
             19      -0.613192      -0.613064    0.000330479
             20      -0.614008      -0.613111    0.000317053
              1      -0.579536      -0.579536              0
              2        -0.5792      -0.579368       0.000168
              3       -0.58496      -0.581232     0.00186652
              4      -0.581008      -0.581176     0.00132102
              5      -0.581496       -0.58124     0.00102526
              6      -0.584976      -0.581863      0.0010433
              7      -0.582304      -0.581926    0.000884003
              8      -0.581648      -0.581891    0.000766355
              9      -0.582976      -0.582012     0.00068653
             10      -0.581888      -0.581999    0.000614175
             11      -0.581704      -0.581972     0.00055619
             12      -0.582232      -0.581994     0.00050819
             13      -0.583688      -0.582124    0.000485289
             14      -0.581352      -0.582069    0.000452665
             15      -0.583488      -0.582164    0.000431893
             16      -0.583912      -0.582273    0.000418515
             17      -0.581712       -0.58224    0.000394509
             18      -0.582296      -0.582243    0.000371959
             19      -0.584056      -0.582339    0.000364547
             20      -0.581744      -0.582309    0.000347115
              1      -0.552576      -0.552576              0
              2       -0.55064      -0.551608       0.000968
              3      -0.557984      -0.553733     0.00219759
              4      -0.552816      -0.553504     0.00157076
              5      -0.552712      -0.553346     0.00122697
              6      -0.556056      -0.553797     0.00109896
              7      -0.553944      -0.553818    0.000929024
              8      -0.552488      -0.553652    0.000821562
              9      -0.555912      -0.553903    0.000766831
             10      -0.554136      -0.553926    0.000686269
             11      -0.553728      -0.553908    0.000621016
             12      -0.553752      -0.553895    0.000567057
             13      -0.555632      -0.554029    0.000538452
             14      -0.553712      -0.554006    0.000499023
             15      -0.555344      -0.554095    0.000473048
             16      -0.555024      -0.554154    0.000446285
             17      -0.554384      -0.554167    0.000419431
             18       -0.55484      -0.554204    0.000397207
             19      -0.554392      -0.554214    0.000375849
             20      -0.553728       -0.55419     0.00035739
              1       -0.52764       -0.52764              0
              2       -0.52652       -0.52708        0.00056
              3       -0.53084      -0.528333     0.00129436
              4      -0.527552      -0.528138    0.000935865
              5      -0.527424      -0.527995    0.000738849
              6      -0.529672      -0.528275    0.000664856
              7      -0.528632      -0.528326     0.00056422
              8      -0.526824      -0.528138    0.000523445
              9       -0.53084      -0.528438    0.000550673
             10      -0.529048      -0.528499    0.000496297
             11       -0.52692      -0.528356    0.000471315
             12      -0.527768      -0.528307    0.000433027
             13      -0.529816      -0.528423    0.000414903
             14       -0.52748      -0.528355    0.000389983
             15      -0.528544      -0.528368    0.000363272
             16      -0.528736      -0.528391    0.000340588
             17       -0.52756      -0.528342    0.000323639
             18      -0.527944       -0.52832    0.000305931
             19      -0.528216      -0.528315    0.000289433
             20      -0.528976      -0.528348    0.000276565
              1       -0.50444       -0.50444              0
              2      -0.502104      -0.503272       0.001168
              3      -0.507168      -0.504571     0.00146331
              4      -0.504056      -0.504442     0.00104269
              5      -0.504304      -0.504414    0.000808132
              6      -0.505488      -0.504593    0.000683668
              7      -0.504496      -0.504579    0.000577972
              8       -0.50368      -0.504467     0.00051301
              9      -0.506808      -0.504727    0.000521874
             10      -0.505384      -0.504793    0.000471378
             11       -0.50436      -0.504753    0.000428189
             12      -0.503376      -0.504639    0.000407387
             13      -0.506312      -0.504767    0.000396232
             14      -0.503824        -0.5047    0.000372977
             15      -0.504072      -0.504658    0.000349738
             16      -0.505648       -0.50472    0.000332948
             17      -0.503032      -0.504621    0.000328134
             18      -0.503216      -0.504543    0.000319059
             19       -0.50388      -0.504508    0.000303808
             20      -0.504184      -0.504492    0.000288672
              1      -0.481768      -0.481768              0
              2      -0.480064      -0.480916       0.000852
              3      -0.484576      -0.482136     0.00131543
              4      -0.481648      -0.482014    0.000938119
              5      -0.481808      -0.481973    0.000727831
              6      -0.484224      -0.482348    0.000702804
              7      -0.480728      -0.482117    0.000637471
              8      -0.481384      -0.482025    0.000559609
              9      -0.485096      -0.482366    0.000600003
             10      -0.482248      -0.482354    0.000536789
             11      -0.482352      -0.482354    0.000485544
             12      -0.481056      -0.482246     0.00045625
             13      -0.483672      -0.482356    0.000433787
             14      -0.481928      -0.482325    0.000402769
             15        -0.4824       -0.48233    0.000374991
             16      -0.483784      -0.482421     0.00036235
             17      -0.481768      -0.482383    0.000342529
             18      -0.481736      -0.482347    0.000324931
             19      -0.482736      -0.482367    0.000308037
             20       -0.48336      -0.482417    0.000296416
              1       -0.46092       -0.46092              0
              2       -0.45892       -0.45992          0.001
              3      -0.464176      -0.461339     0.00153165
              4      -0.461712      -0.461432     0.00108705
              5      -0.460184      -0.461182    0.000878243
              6      -0.464912      -0.461804    0.000948996
              7      -0.460536      -0.461623     0.00082225
              8      -0.461368      -0.461591    0.000712801
              9      -0.464368        -0.4619    0.000700274
             10      -0.462568      -0.461966    0.000629901
             11      -0.461592      -0.461932    0.000570783
             12      -0.460232      -0.461791    0.000539974
             13      -0.462288      -0.461829    0.000498175
             14      -0.461064      -0.461774    0.000464446
             15      -0.462168      -0.461801    0.000433171
             16      -0.461952       -0.46181    0.000405305
             17      -0.462312       -0.46184    0.000381861
             18      -0.461464      -0.461819    0.000360626
             19      -0.462768      -0.461869    0.000344758
             20       -0.46348      -0.461949    0.000336844
