              1       0.929276       0.929276              0
              2       0.931744        0.93051       0.001234
              3        0.89766        0.91956      0.0109732
              4       0.874208       0.908222      0.0137388
              5       0.928376       0.912253      0.0113798
              6       0.885164       0.907738      0.0103304
              7        0.95762       0.914864      0.0112697
              8       0.913428       0.914684     0.00976151
              9       0.968112       0.920621      0.0104572
             10       0.871128       0.915672       0.010582
             11       0.943712       0.918221     0.00990536
             12       0.907972       0.917367     0.00908256
             13       0.912636       0.917003     0.00836266
             14       0.873456       0.913892     0.00834378
             15       0.885688       0.912012     0.00799197
             16       0.961204       0.915086     0.00808333
             17       0.804496       0.908581     0.00999862
             18       0.927276        0.90962     0.00948383
             19       0.885388       0.908344     0.00906101
             20        0.82746         0.9043     0.00949986
              1       0.726924       0.726924              0
              2       0.534052       0.630488       0.096436
              3       0.611996       0.624324      0.0560175
              4       0.626432       0.624851      0.0396139
              5       0.758196        0.65152      0.0406545
              6       0.552544       0.635024      0.0370672
              7        0.72952       0.648523      0.0341123
              8       0.621728       0.645174      0.0297314
              9       0.737184       0.655397      0.0281431
             10       0.760612       0.665919      0.0272824
             11       0.694644        0.66853      0.0248157
             12       0.680748       0.669548      0.0226764
             13        0.49826       0.656372      0.0246721
             14       0.739856       0.662335      0.0236075
             15       0.651648       0.661623      0.0219889
             16       0.679684       0.662752      0.0205997
             17       0.597936       0.658939      0.0197221
             18       0.752056       0.664112      0.0193004
             19       0.657116       0.663744      0.0182601
             20        0.68408       0.664761      0.0173528
              1       0.414776       0.414776              0
              2       0.417288       0.416032       0.001256
              3       0.354728       0.395597      0.0204475
              4       0.439612       0.406601      0.0181695
              5       0.431028       0.411486      0.0148979
              6       0.485152       0.423764       0.017283
              7       0.452912       0.427928      0.0151888
              8        0.49346       0.436119       0.015496
              9       0.463372       0.439148      0.0139976
             10       0.532352       0.448468      0.0156082
             11       0.471644       0.450575      0.0142745
             12       0.430024       0.448862      0.0131429
             13       0.400468        0.44514      0.0126498
             14        0.49574       0.448754      0.0122565
             15       0.377516       0.444005      0.0123591
             16       0.482312       0.446399      0.0118062
             17       0.304672       0.438062      0.0138741
             18       0.467912        0.43972      0.0131853
             19       0.485268       0.442118      0.0127004
             20       0.399764           0.44      0.0122333
              1         0.3096         0.3096              0
              2       0.292368       0.300984       0.008616
              3       0.292364       0.298111     0.00574467
              4        0.32162       0.303988     0.00714448
              5       0.273404       0.297871     0.00824872
              6       0.330988       0.303391     0.00870778
              7       0.307004       0.303907      0.0073775
              8       0.332216       0.307445      0.0073036
              9       0.268072       0.303071     0.00778639
             10       0.371508       0.309914     0.00976417
             11         0.2668       0.305995     0.00966266
             12       0.298844       0.305399     0.00884087
             13       0.315584       0.306182     0.00817007
             14        0.32038       0.307197     0.00763169
             15       0.249276       0.303335     0.00808624
             16       0.307844       0.303617     0.00756923
             17       0.254476       0.300726      0.0076752
             18       0.271984        0.29913     0.00741033
             19         0.2763       0.297928     0.00711171
             20        0.23462       0.294763     0.00745242
              1       0.225532       0.225532              0
              2       0.206508        0.21602       0.009512
              3       0.209172       0.213737     0.00594726
              4       0.181932       0.205786     0.00899493
              5       0.190468       0.202722     0.00761123
              6        0.21194       0.204259     0.00640162
              7       0.210248       0.205114     0.00547759
              8       0.229176       0.208122     0.00561688
              9       0.233684       0.210962      0.0057101
             10       0.233028       0.213169     0.00556356
             11        0.19632       0.211637     0.00526037
             12       0.218452       0.212205      0.0048355
             13       0.192308       0.210674     0.00470397
             14        0.22294       0.211551     0.00444228
             15       0.146972       0.207245     0.00596974
             16       0.233436       0.208882     0.00581915
             17       0.168016       0.206478     0.00597139
             18       0.189596        0.20554     0.00570747
             19       0.173576       0.203858     0.00565477
             20       0.171216       0.202226     0.00560737
              1       0.161028       0.161028              0
              2       0.178268       0.169648        0.00862
              3       0.167708       0.169001      0.0050186
              4        0.14522       0.163056     0.00692388
              5       0.128056       0.156056     0.00881839
              6       0.169124       0.158234     0.00752239
              7       0.154708        0.15773     0.00637751
              8       0.174148       0.159783     0.00589203
              9       0.152176       0.158937     0.00526457
             10        0.16098       0.159142      0.0047132
             11       0.134708        0.15692      0.0048072
             12       0.170712        0.15807     0.00453636
             13       0.157328       0.158013     0.00417323
             14        0.16368       0.158417     0.00388481
             15       0.104496       0.154823      0.0050992
             16       0.145904       0.154265     0.00480233
             17        0.11932        0.15221     0.00495728
             18       0.126672       0.150791     0.00488436
             19       0.113144       0.148809      0.0050271
             20       0.098644       0.146301     0.00538851
              1       0.127836       0.127836              0
              2        0.11304       0.120438       0.007398
              3       0.119804       0.120227     0.00427646
              4        0.10248        0.11579     0.00536918
              5        0.09656       0.111944     0.00566468
              6       0.102996       0.110453     0.00485968
              7       0.113724        0.11092     0.00413368
              8        0.13682       0.114157     0.00482668
              9       0.113916       0.114131     0.00425682
             10        0.13854       0.116572     0.00452267
             11       0.096672       0.114763     0.00447306
             12       0.115812        0.11485     0.00408426
             13       0.125576       0.115675      0.0038465
             14       0.111532       0.115379     0.00357345
             15       0.103088        0.11456     0.00342613
             16       0.123296       0.115106     0.00325103
             17       0.092276       0.113763     0.00333605
             18       0.097896       0.112881     0.00326644
             19       0.097436       0.112068      0.0031949
             20       0.087428       0.110836     0.00327177
              1       0.090476       0.090476              0
              2       0.093628       0.092052       0.001576
              3         0.0977      0.0939347     0.00209102
              4       0.071972       0.088444     0.00568626
              5        0.07682      0.0861192     0.00498045
              6        0.09676      0.0878927     0.00443641
              7       0.081484      0.0869771     0.00385961
              8        0.09076        0.08745      0.0033758
              9       0.086704      0.0873671     0.00297833
             10       0.101552      0.0887856     0.00301802
             11       0.086764      0.0886018     0.00273608
             12       0.093852      0.0890393     0.00253572
             13       0.101456      0.0899945      0.0025205
             14       0.078064      0.0891423     0.00248427
             15       0.087096      0.0890059     0.00231675
             16       0.097564      0.0895407     0.00223215
             17        0.06884      0.0883231     0.00242468
             18       0.074076      0.0875316     0.00241916
             19        0.06924      0.0865688     0.00248256
             20       0.081144      0.0862976     0.00237073
              1       0.070352       0.070352              0
              2        0.07548       0.072916       0.002564
              3       0.087896      0.0779093     0.00520814
              4       0.067512        0.07531     0.00450765
              5       0.063768      0.0730016      0.0041857
              6       0.080216       0.074204     0.00362295
              7       0.078472      0.0748137     0.00312207
              8       0.071268      0.0743705     0.00273988
              9         0.0662      0.0734627     0.00258126
             10       0.077392      0.0738556     0.00234194
             11       0.075524      0.0740073     0.00212379
             12       0.067748      0.0734857     0.00200769
             13       0.073248      0.0734674      0.0018469
             14       0.072368      0.0733889      0.0017117
             15       0.072864      0.0733539     0.00159389
             16       0.070992      0.0732063     0.00149823
             17       0.065728      0.0727664     0.00147449
             18       0.053672      0.0717056     0.00174867
             19       0.059912      0.0710848     0.00176671
             20       0.068068       0.070934     0.00168282
              1       0.061836       0.061836              0
              2       0.061432       0.061634       0.000202
              3       0.068268      0.0638453     0.00221441
              4       0.060208       0.062936     0.00181071
              5         0.0533      0.0610088     0.00238355
              6        0.06564      0.0617807     0.00209364
              7       0.061024      0.0616726     0.00177275
              8       0.066332       0.062255     0.00164201
              9       0.052676      0.0611907     0.00179718
             10       0.066232      0.0616948     0.00168464
             11       0.055604      0.0611411      0.0016213
             12       0.054292      0.0605703     0.00158628
             13        0.05556      0.0601849      0.0015092
             14       0.063468      0.0604194     0.00141679
             15        0.06366      0.0606355     0.00133654
             16       0.062704      0.0607647     0.00125688
             17       0.051348      0.0602108     0.00130412
             18       0.049572      0.0596198     0.00136422
             19        0.04924      0.0590735      0.0014013
             20        0.06488      0.0593638     0.00136072
              1       0.052964       0.052964              0
              2         0.0522       0.052582       0.000382
              3       0.059748      0.0549707     0.00239883
              4       0.044044       0.052239     0.00321546
              5       0.041312      0.0500536     0.00331353
              6       0.061856      0.0520207       0.003345
              7       0.050864      0.0518554     0.00283186
              8         0.0561       0.052386      0.0025092
              9       0.047036      0.0517916     0.00229136
             10       0.062556       0.052868     0.00231495
             11       0.049884      0.0525967     0.00211145
             12       0.049536      0.0523417     0.00194428
             13        0.03698        0.05116      0.0021436
             14       0.052048      0.0512234      0.0019856
             15       0.045992      0.0508747      0.0018811
             16       0.051004      0.0508828     0.00175963
             17       0.046252      0.0506104     0.00167518
             18       0.040656      0.0500573      0.0016734
             19       0.045228      0.0498032     0.00160315
             20       0.049924      0.0498092      0.0015209
              1       0.044944       0.044944              0
              2       0.043496        0.04422       0.000724
              3       0.054032      0.0474907     0.00329727
              4       0.033212       0.043921     0.00426363
              5        0.03728      0.0425928     0.00355967
              6       0.061252      0.0457027     0.00425661
              7       0.042544      0.0452514     0.00362568
              8       0.045968       0.045341     0.00314121
              9       0.039756      0.0447204     0.00283894
             10       0.056796       0.045928     0.00281174
             11       0.041276      0.0455051     0.00257823
             12       0.045248      0.0454837     0.00235369
             13       0.034804      0.0446622      0.0023157
             14       0.046228       0.044774     0.00214684
             15       0.042196      0.0446021     0.00200597
             16       0.042476      0.0444693     0.00188111
             17       0.039476      0.0441755     0.00179124
             18       0.037108      0.0437829     0.00173384
             19       0.038308      0.0434947     0.00166517
             20       0.042952      0.0434676     0.00157996
              1       0.039468       0.039468              0
              2       0.036168       0.037818        0.00165
              3       0.045332      0.0403227     0.00267971
              4       0.028344       0.037328     0.00354379
              5       0.031516      0.0361656     0.00298098
              6       0.050488      0.0385527     0.00340914
              7       0.038192      0.0385011     0.00288171
              8       0.037548       0.038382     0.00249848
              9       0.036204        0.03814      0.0022167
             10       0.046296      0.0389556     0.00214388
             11       0.036316      0.0387156       0.001954
             12       0.039408      0.0387733     0.00178468
             13       0.029704      0.0380757     0.00178376
             14        0.04086      0.0382746     0.00166337
             15       0.039188      0.0383355     0.00154971
             16       0.036204      0.0382023     0.00145573
             17        0.03768      0.0381715     0.00136776
             18       0.035388      0.0380169     0.00129878
             19       0.031148      0.0376554     0.00128061
             20       0.038076      0.0376764     0.00121508
              1       0.034256       0.034256              0
              2       0.031484        0.03287       0.001386
              3       0.039416       0.035052      0.0023241
              4       0.028316       0.033368     0.00235299
              5        0.02702      0.0320984     0.00222122
              6       0.046308      0.0344667     0.00298294
              7       0.036948      0.0348211     0.00254584
              8       0.037596       0.035168     0.00223188
              9       0.034288      0.0350702     0.00197076
             10       0.039468        0.03551     0.00181673
             11       0.030808      0.0350825     0.00169798
             12       0.037472      0.0352817     0.00156278
             13        0.02908      0.0348046     0.00151463
             14       0.035128      0.0348277     0.00140247
             15       0.029984      0.0345048     0.00134497
             16       0.031008      0.0342862     0.00127694
             17       0.034576      0.0343033      0.0011996
             18       0.032936      0.0342273     0.00113354
             19       0.026556      0.0338236     0.00114572
             20       0.033032       0.033784     0.00108765
              1       0.030336       0.030336              0
              2       0.027568       0.028952       0.001384
              3       0.035044      0.0309827     0.00218222
              4       0.028248       0.030299     0.00168773
              5        0.02784      0.0298072     0.00139676
              6       0.040752      0.0316313      0.0021513
              7       0.031648      0.0316337     0.00181818
              8         0.0361       0.032192     0.00167063
              9       0.030684      0.0320244     0.00148286
             10        0.03576       0.032398     0.00137791
             11       0.028764      0.0320676     0.00128941
             12       0.031616        0.03203     0.00117766
             13       0.028532      0.0317609     0.00111621
             14       0.030748      0.0316886     0.00103594
             15        0.02576      0.0312933     0.00104225
             16       0.024916      0.0308948     0.00105327
             17         0.0342      0.0310892      0.0010083
             18       0.030124      0.0310356    0.000952143
             19       0.025216      0.0307293    0.000951295
             20       0.028356      0.0306106    0.000910246
              1       0.027224       0.027224              0
              2       0.024516        0.02587       0.001354
              3       0.031496      0.0277453     0.00203174
              4       0.025752       0.027247     0.00152063
              5       0.023948      0.0265872     0.00135009
              6       0.034024      0.0278267     0.00165874
              7       0.030488      0.0282069     0.00145253
              8       0.032396      0.0287305     0.00136257
              9       0.028348       0.028688     0.00120242
             10       0.032804      0.0290996     0.00115155
             11       0.026436      0.0288575     0.00106939
             12       0.031244      0.0290563    0.000996271
             13       0.026752      0.0288791    0.000933421
             14       0.027488      0.0287797    0.000869873
             15       0.020112      0.0282019    0.000994835
             16       0.022704      0.0278583    0.000991996
             17       0.030328      0.0280035    0.000943076
             18       0.027756      0.0279898    0.000889247
             19          0.023      0.0277272    0.000881187
             20       0.023452      0.0275134    0.000862864
