           0           0           0
   0.0230664           0           0
   0.0461329           0           0
   0.0691993           0           0
   0.0922657           0           0
    0.115332           0           0
    0.138399           0           0
    0.161465           0           0
    0.184531           0           0
    0.207598           0           0
    0.230664           0           0
    0.253731           0           0
    0.276797           0           0
    0.299864           0           0
     0.32293           0           0
    0.345996           0           0
    0.369063           0           0
    0.392129           0           0
    0.415196           0           0
    0.438262           0           0
    0.461329           0           0
    0.484395           0           0
    0.507461           0           0
    0.530528           0           0
    0.553594           0           0
    0.576661           0           0
    0.599727           0           0
    0.622794           0           0
     0.64586           0           0
    0.668926           0           0
    0.691993           0           0
    0.715059           0           0
    0.738126           0           0
    0.761192           0           0
    0.784259           0           0
    0.807325           0           0
    0.830391           0           0
    0.853458           0           0
    0.876524           0           0
    0.899591  0.00093279  0.00093279
    0.922657   0.0532378  0.00643063
    0.945724    0.338866   0.0154049
     0.96879     1.21025   0.0294216
    0.991856     2.90272   0.0457923
     1.01492     4.73901   0.0513301
     1.03799     6.32005   0.0583963
     1.06106     6.70406   0.0631857
     1.08412     6.10611   0.0630707
     1.10719      4.9845   0.0550631
     1.13026     3.53125   0.0442761
     1.15332     2.44201   0.0337803
     1.17639     1.52607    0.029305
     1.19945    0.790481   0.0171057
     1.22252    0.447978   0.0131429
     1.24559      0.2107   0.0111976
     1.26865   0.0968629  0.00760924
     1.29172   0.0537991  0.00486579
     1.31479   0.0462215  0.00498094
     1.33785   0.0667696  0.00513819
     1.36092    0.132377  0.00760925
     1.38399    0.240169  0.00930248
     1.40705    0.369029   0.0112235
     1.43012    0.593537   0.0138224
     1.45319    0.848589   0.0171424
     1.47625     1.07052    0.019239
     1.49932     1.23688   0.0188446
     1.52238     1.33128   0.0196101
     1.54545     1.27935   0.0186504
     1.56852      1.1182   0.0198312
     1.59158    0.841278   0.0147657
     1.61465    0.610844    0.012686
     1.63772    0.412525   0.0106254
     1.66078    0.289357   0.0096914
     1.68385    0.212298  0.00742802
     1.70692    0.317036   0.0110446
     1.72998    0.551257   0.0145892
     1.75305    0.968679     0.01601
     1.77612     1.59254   0.0198007
     1.79918     2.27094   0.0213227
     1.82225     3.00404   0.0242968
     1.84531       3.468    0.031982
     1.86838      3.7029   0.0335557
     1.89145     3.50825   0.0284565
     1.91451     2.94085   0.0237645
     1.93758     2.26524   0.0191669
     1.96065     1.56669   0.0169759
     1.98371     1.02687   0.0157963
     2.00678    0.698045   0.0119226
     2.02985    0.543174   0.0139207
     2.05291    0.602875   0.0122321
     2.07598    0.760222     0.01102
     2.09905     1.00411   0.0116029
     2.12211     1.22288   0.0135284
     2.14518     1.38299   0.0128071
     2.16824     1.38125   0.0157323
     2.19131     1.23167   0.0121162
     2.21438     1.05405   0.0121153
     2.23744    0.886782  0.00951964
     2.26051    0.722306   0.0109996
     2.28358    0.733441   0.0138397
