           1     0.47176     0.47176           0
           2    0.446804    0.459282   0.0124779
           3    0.444778    0.454447  0.00867597
           4    0.479677    0.460755  0.00879889
           5    0.440253    0.456654  0.00795389
           6    0.452304    0.455929  0.00653466
           7    0.482202    0.459683  0.00667744
           8    0.414406    0.454023  0.00809146
           9    0.451499    0.453743   0.0071415
          10    0.422811    0.450649  0.00709707
          11    0.426918    0.448492  0.00677236
          12    0.407668     0.44509  0.00705653
          13    0.453567    0.445742  0.00652373
          14    0.448313    0.445926  0.00604259
          15    0.429339     0.44482    0.005733
          16    0.445124    0.444839  0.00536276
          17    0.446498    0.444937  0.00503838
          18     0.49578    0.447761  0.00552659
          19    0.461429     0.44848  0.00527689
          20    0.458033    0.448958  0.00502883
          21    0.432931    0.448195  0.00484387
          22    0.418593    0.446849  0.00481046
          23    0.438572    0.446489  0.00461063
          24     0.48179     0.44796  0.00465293
          25     0.47171     0.44891  0.00456292
          26    0.439473    0.448547  0.00439892
          27    0.464969    0.449156  0.00427633
          28    0.462276    0.449624  0.00414733
          29    0.462161    0.450056  0.00402505
          30    0.428658    0.449343  0.00395345
          31    0.423787    0.448519  0.00391165
          32    0.397418    0.446922  0.00411033
          33    0.439465    0.446696  0.00399023
          34    0.486066    0.447854  0.00404057
          35    0.460711    0.448221  0.00394058
          36    0.417794    0.447376  0.00392172
          37    0.468777    0.447954  0.00385786
          38    0.459956     0.44827  0.00376823
          39    0.447329    0.448246  0.00367041
          40    0.442039    0.448091  0.00358084
          41    0.419303    0.447389   0.0035623
          42    0.455846     0.44759  0.00348227
          43    0.461157    0.447906  0.00341493
          44    0.464764    0.448289  0.00335835
          45     0.42875    0.447855  0.00331146
          46    0.396769    0.446744  0.00342378
          47    0.483567    0.447528  0.00344054
          48     0.44412    0.447457  0.00336884
          49    0.471509    0.447947  0.00333569
          50    0.429245    0.447573  0.00328963
          51    0.421478    0.447062  0.00326482
          52     0.44685    0.447058  0.00320143
          53    0.451795    0.447147  0.00314171
          54    0.441392     0.44704  0.00308483
          55    0.460492    0.447285  0.00303808
          56    0.455855    0.447438  0.00298726
          57    0.399415    0.446596  0.00305294
          58    0.421116    0.446156  0.00303183
          59    0.412976    0.445594   0.0030326
          60    0.479209    0.446154  0.00303381
          61    0.431531    0.445914  0.00299328
          62    0.474391    0.446374  0.00298021
          63    0.434657    0.446188  0.00293841
          64    0.444585    0.446163  0.00289224
          65    0.456629    0.446324  0.00285195
          66    0.453986     0.44644   0.0028108
          67    0.434238    0.446258  0.00277452
          68    0.466713    0.446558  0.00274991
          69     0.45213    0.446639  0.00271097
          70    0.474178    0.447033  0.00270077
          71     0.45473    0.447141  0.00266466
          72    0.446238    0.447129  0.00262742
          73    0.449331    0.447159  0.00259136
          74    0.397693     0.44649  0.00264206
          75    0.443826    0.446455  0.00260684
          76    0.475501    0.446837  0.00260054
          77    0.468642     0.44712  0.00258212
          78    0.435211    0.446967  0.00255337
          79    0.490062    0.447513  0.00257919
          80    0.471172    0.447809  0.00256386
          81    0.427171    0.447554   0.0025448
          82    0.472742    0.447861  0.00253227
          83    0.410589    0.447412  0.00254156
          84    0.430705    0.447213  0.00251899
          85    0.430673    0.447018  0.00249677
          86    0.432555     0.44685  0.00247329
          87    0.464811    0.447057   0.0024534
          88    0.479388    0.447424  0.00245303
          89    0.460677    0.447573  0.00242988
          90    0.457809    0.447687  0.00240542
          91    0.436751    0.447567  0.00238187
          92    0.421508    0.447283   0.0023728
          93    0.462903    0.447451  0.00235315
          94    0.464894    0.447637  0.00233537
          95    0.446742    0.447627  0.00231067
          96    0.461087    0.447768  0.00229077
          97    0.423865    0.447521  0.00228039
          98    0.440401    0.447449  0.00225817
          99    0.440876    0.447382  0.00223623
         100    0.442366    0.447332  0.00221432
