           1    -5.04017    -5.04017           0
           2    -5.00393    -5.02205   0.0181196
           3    -5.00317    -5.01575   0.0122078
           4    -5.04887    -5.02403     0.01196
           5    -4.99576    -5.01838   0.0108538
           6    -5.00895    -5.01681  0.00900034
           7    -5.05279    -5.02195  0.00918076
           8    -4.96079     -5.0143   0.0110298
           9    -5.00873    -5.01368  0.00974704
          10     -4.9706    -5.00937  0.00972444
          11    -4.97662     -5.0064  0.00928653
          12    -4.95081    -5.00176  0.00966027
          13    -5.01226    -5.00257  0.00892276
          14      -5.008    -5.00296  0.00826998
          15    -4.98349    -5.00166  0.00780755
          16    -5.00162    -5.00166  0.00730329
          17    -5.00569     -5.0019  0.00686435
          18    -5.07019    -5.00569  0.00750189
          19    -5.02421    -5.00667  0.00716273
          20    -5.01645    -5.00716  0.00681276
          21    -4.98312    -5.00601  0.00658049
          22    -4.96608     -5.0042  0.00653151
          23    -4.99437    -5.00377  0.00625567
          24    -5.05281    -5.00581  0.00632829
          25    -5.03806     -5.0071  0.00620541
          26    -4.99413     -5.0066  0.00598282
          27    -5.02934    -5.00744  0.00581824
          28    -5.02631    -5.00812  0.00564692
          29    -5.02382    -5.00866  0.00547556
          30    -4.98032    -5.00772  0.00537357
          31    -4.96905    -5.00647  0.00534488
          32     -4.9385    -5.00434  0.00559405
          33    -4.99658    -5.00411  0.00542699
          34    -5.05909    -5.00573  0.00550771
          35    -5.02309    -5.00622    0.005371
          36    -4.96484    -5.00507  0.00534475
          37    -5.03325    -5.00583  0.00525377
          38    -5.02225    -5.00627  0.00513185
          39     -5.0085    -5.00632  0.00499886
          40    -4.99974    -5.00616  0.00487507
          41      -4.967     -5.0052  0.00484967
          42    -5.01845    -5.00552  0.00474329
          43    -5.02231    -5.00591   0.0046481
          44    -5.02791    -5.00641  0.00456868
          45    -4.97827    -5.00578  0.00450957
          46    -4.93401    -5.00422  0.00467829
          47    -5.05471     -5.0053  0.00470203
          48    -4.99909    -5.00517  0.00460484
          49    -5.03737    -5.00583  0.00455751
          50    -4.98212    -5.00535  0.00449054
          51    -4.96988    -5.00466  0.00445621
          52    -5.00361    -5.00464  0.00436972
          53     -5.0076    -5.00469  0.00428684
          54    -4.99681    -5.00455  0.00420924
          55    -5.02357    -5.00489  0.00414645
          56    -5.01612    -5.00509  0.00407667
          57    -4.94109    -5.00397  0.00415897
          58    -4.96713    -5.00333   0.0041357
          59    -4.96177    -5.00263  0.00412559
          60    -5.04986    -5.00342  0.00413193
          61     -4.9838     -5.0031  0.00407633
          62    -5.03894    -5.00367  0.00405151
          63    -4.98817    -5.00343  0.00399427
          64    -5.00126    -5.00339  0.00393151
          65    -5.02048    -5.00366  0.00387947
          66    -5.01273    -5.00379  0.00382271
          67     -4.9872    -5.00355  0.00377336
          68    -5.03139    -5.00396  0.00373994
          69    -5.01266    -5.00408   0.0036875
          70    -5.04182    -5.00462   0.0036742
          71    -5.01622    -5.00478  0.00362577
          72    -5.00292    -5.00476  0.00357515
          73    -5.00683    -5.00479  0.00352595
          74    -4.93672    -5.00387  0.00359755
          75    -4.99759    -5.00378  0.00355024
          76    -5.04493    -5.00433  0.00354481
          77    -5.03325     -5.0047  0.00351857
          78    -4.98555    -5.00446  0.00348184
          79    -5.06181    -5.00518  0.00351331
          80    -5.03449    -5.00555  0.00348841
          81    -4.97471    -5.00517  0.00346604
          82    -5.04143    -5.00561  0.00345195
          83    -4.95404    -5.00499  0.00346625
          84    -4.97946    -5.00468   0.0034382
          85    -4.98286    -5.00443   0.0034072
          86    -4.98571    -5.00421  0.00337437
          87     -5.0296     -5.0045   0.0033481
          88     -5.0496    -5.00501  0.00334927
          89    -5.02325    -5.00522  0.00331776
          90    -5.02006    -5.00538  0.00328483
          91    -4.99191    -5.00524  0.00325191
          92     -4.9676    -5.00483  0.00324227
          93    -5.02838    -5.00508   0.0032172
          94    -5.02736    -5.00532  0.00319161
          95    -5.00662    -5.00533  0.00315786
          96    -5.02447    -5.00553  0.00313115
          97    -4.97331     -5.0052  0.00311646
          98    -4.99675    -5.00511   0.0030857
          99     -4.9962    -5.00502   0.0030557
         100    -4.99722    -5.00494  0.00302599
