-0.194849   -0.27297   0.495679
-0.0934909   -0.0868484   -0.220116
0.192616   0.182469   -0.0625251
-0.384354   0.088699   0.354541
-0.328488   -0.210587   -0.26335
0.262408   -0.284226   0.391854
0.3259   -0.185647   -0.249049
-0.407791   -0.303709   -0.489221
-0.357963   0.4168   0.326815
0.445495   -0.226008   -0.203057
0.300466   0.342139   -0.498751
0.384377   -0.228369   -0.0636183
0.497208   0.48275   -0.11202
-0.0422807   0.186907   -0.0558765
0.0728351   -0.373955   0.464896
-0.44075   -0.324285   -0.168433
-0.18209   0.388512   -0.448444
-0.284956   0.331783   0.220925
0.231663   -0.0828903   0.110796
0.345281   0.219947   0.184203
0.351196   -0.0310303   -0.487038
0.163197   -0.087948   -0.351537
0.322188   -0.11955   0.0926444
-0.00865962   -0.140666   0.0352822
-0.271289   0.375297   0.312744
-0.272948   0.147496   -0.444331
-0.0208189   0.379106   0.0470495
-0.450198   -0.270908   -0.238945
-0.0494325   -0.142449   -0.158798
-0.217465   -0.243813   -0.113462
0.344354   0.325738   0.436593
0.0585944   0.426263   0.269129
-0.225116   -0.0167353   -0.307442
0.342258   -0.482236   -0.344969
0.273202   0.00208294   -0.34591
-0.436933   0.172377   0.319385
-0.279862   -0.319322   0.434623
0.385816   -0.445281   0.0302749
0.000720212   -0.38745   -0.0950237
-0.233981   0.383719   -0.378265
0.13885   0.14396   -0.128219
0.0676027   -0.197461   0.135844
0.0546093   -0.382399   0.333321
-0.124658   -0.335581   0.24738
0.276704   -0.485693   0.194072
0.147393   -0.243587   -0.0218047
0.127605   -0.416751   0.412533
-0.0102579   0.322463   -0.0215474
0.465382   -0.313696   0.168532
0.157163   -0.316213   -0.0702387
-0.266755   0.217047   -0.207532
0.0858859   -0.0975105   0.372984
0.199662   0.427423   0.388898
-0.0664749   0.00929131   -0.352259
0.493886   -0.358018   0.249864
0.237793   0.0655393   0.363
-0.20997   0.364562   0.242338
-0.105496   0.420018   0.322518
-0.454335   0.329878   -0.230371
0.422019   -0.2011   -0.318992
0.113184   -0.188023   -0.0832762
0.393954   0.399901   0.0818558
0.00679971   0.492484   -0.0547263
0.346447   0.182302   0.0849713
0.328697   0.255698   -0.379585
0.432433   -0.175204   -0.112767
0.151612   0.27952   -0.239492
-0.369349   0.00949361   0.499118
-0.217757   -0.4772   -0.313341
0.0942168   -0.0697647   0.0174866
0.24803   -0.355335   0.303957
-0.297029   0.466682   -0.0424263
0.0329812   0.347915   0.350874
-0.068635   -0.350219   -0.127231
-0.278717   -0.0726614   -0.455163
-0.376921   0.313491   0.244293
-0.219444   0.39897   -0.0371173
0.0708722   0.429096   -0.292371
-0.469276   -0.0990754   0.150303
0.211671   -0.428557   0.262404
-0.436519   0.0379119   0.428904
-0.261092   -0.00926692   -0.489975
-0.495347   -0.347939   -0.403279
-0.152862   -0.299881   0.10402
0.100255   0.40735   0.344918
0.495176   -0.025425   0.179032
-0.336694   -0.393601   -0.0124505
-0.358596   0.225083   -0.158882
-0.030374   -0.328706   0.361812
-0.369229   -0.0825551   0.140979
0.253531   -0.078017   0.244196
0.00864382   0.146532   0.374226
-0.0702266   -0.219218   0.0823533
0.494933   -0.0929024   0.0034008
0.499891   -0.0535008   -0.166045
0.209999   -0.314673   -0.310446
-0.0674628   -0.475011   -0.0421039
-0.169677   0.373929   0.396304
-0.482203   0.0494782   -0.0473192
0.495844   -0.148581   -0.412983
0.199511   -0.0310862   0.184399
-0.121229   -0.103484   -0.425658
0.125456   0.24224   -0.12126
0.40498   0.220092   -0.316657
-0.389147   -0.0169811   0.265107
0.155953   0.168459   -0.360362
0.31126   -0.0839314   0.334842
0.224847   0.396881   -0.447823
