-0.194834   -0.272971   0.495678
-0.0934826   -0.0868615   -0.220043
0.192639   0.182434   -0.0624588
-0.384342   0.0887437   0.354576
-0.328413   -0.210627   -0.263358
0.262336   -0.284226   0.391916
0.325917   -0.1856   -0.249038
-0.407772   -0.303744   -0.489261
-0.357908   0.416792   0.326847
0.445561   -0.226009   -0.202964
0.300479   0.342191   -0.498748
0.384323   -0.228424   -0.0636386
0.497211   0.482843   -0.111958
-0.0422934   0.186884   -0.055894
0.0728775   -0.373937   0.464861
-0.440709   -0.324291   -0.168485
-0.181976   0.388543   -0.448437
-0.284907   0.331768   0.22086
0.231613   -0.0828618   0.110751
0.345299   0.21989   0.184238
0.351142   -0.0309988   -0.487125
0.163126   -0.0879661   -0.3515
0.322177   -0.119527   0.092633
-0.00877585   -0.140719   0.0352092
-0.271336   0.375293   0.312698
-0.272972   0.147466   -0.4443
-0.0208209   0.379165   0.0470355
-0.450112   -0.270903   -0.238936
-0.0493773   -0.142444   -0.158791
-0.217459   -0.243827   -0.113452
0.344404   0.325816   0.436636
0.0586163   0.426206   0.269115
-0.225068   -0.0167456   -0.307477
0.342269   -0.482211   -0.34505
0.273098   0.00213213   -0.345904
-0.4369   0.172418   0.319415
-0.279851   -0.319367   0.434613
0.385792   -0.44529   0.0301887
0.000714923   -0.387444   -0.0949747
-0.23406   0.38363   -0.378283
0.138861   0.143927   -0.12823
0.0676199   -0.19752   0.135806
0.0546503   -0.382436   0.333299
-0.124697   -0.335616   0.247447
0.276707   -0.485709   0.194006
0.147389   -0.243495   -0.0218399
0.127617   -0.416795   0.412581
-0.0102473   0.322494   -0.0215295
0.465295   -0.313706   0.168532
0.157174   -0.316147   -0.0702191
-0.266776   0.217037   -0.207509
0.0858639   -0.097552   0.372988
0.199614   0.427484   0.38893
-0.0664322   0.0092636   -0.352254
0.493911   -0.358042   0.249806
0.237852   0.0655908   0.363065
-0.210023   0.364605   0.242321
-0.105442   0.420084   0.322533
-0.454305   0.329844   -0.230386
0.422027   -0.201055   -0.31904
0.113182   -0.188008   -0.0832956
0.393981   0.399887   0.0818241
0.00680905   0.492402   -0.0546442
0.346399   0.182341   0.0849985
0.328675   0.255721   -0.379563
0.432419   -0.175207   -0.112822
0.15169   0.279452   -0.239448
-0.36929   0.00952283   0.499102
-0.21774   -0.477246   -0.313381
0.0941259   -0.0697477   0.017538
0.248073   -0.35533   0.303939
-0.297028   0.46669   -0.0424752
0.0329758   0.347942   0.350817
-0.0686514   -0.350232   -0.127196
-0.278746   -0.072645   -0.455137
-0.376963   0.313614   0.24428
-0.219411   0.399052   -0.0370674
0.0708355   0.429134   -0.292319
-0.469242   -0.0990138   0.1503
0.211715   -0.428547   0.262443
-0.436593   0.0379451   0.428885
-0.261084   -0.00930087   -0.490049
-0.495382   -0.347982   -0.403316
-0.15283   -0.299875   0.104106
0.100232   0.407385   0.3449
0.495236   -0.025494   0.178988
-0.336695   -0.393593   -0.0124892
-0.358587   0.225046   -0.158858
-0.0303975   -0.328779   0.36178
-0.369237   -0.082565   0.141048
0.253541   -0.0780819   0.244185
0.00863895   0.146501   0.374199
-0.0701931   -0.219203   0.0823816
0.494932   -0.0929129   0.0034588
0.49985   -0.0535638   -0.166024
0.210029   -0.314656   -0.310446
-0.0674345   -0.474939   -0.0421415
-0.169712   0.373892   0.396324
-0.482283   0.0494656   -0.047372
0.495856   -0.148646   -0.413048
0.199461   -0.0310009   0.184367
-0.121234   -0.103452   -0.425574
0.125418   0.242243   -0.121286
0.404961   0.220082   -0.316675
-0.389127   -0.0170102   0.265058
0.15592   0.168427   -0.360324
0.311243   -0.0839227   0.334864
0.224821   0.396801   -0.447769
