109.039
108.689
104.919
106.812
80.6948
109.121
83.4654
85.3394
84.247
90.051
107.445
86.2506
95.5408
87.7264
75.5624
89.587
79.5742
96.0662
105.47
104.422
80.826
120.695
98.9114
95.9496
104.92
84.974
77.217
119.99
127.834
74.3308
113.769
98.2358
103.435
110.772
80.3956
83.794
76.546
120.495
82.8962
108.902
121.537
107.537
115.427
86.3772
100.665
89.132
80.0946
99.1926
110.687
109.787
104.458
82.2014
88.1718
110.921
95.62
111.591
102.479
80.216
113.498
71.281
68.565
107.233
109.554
69.6014
102.283
104.688
73.8284
107.682
119.445
116.389
85.4254
83.4776
77.838
116.705
99.0966
116.606
86.9864
88.9726
116.491
124.441
95.1712
104.35
81.927
89.4036
97.059
110.854
88.2386
90.3726
92.7424
78.6214
127.357
117.757
102.709
105.382
106.373
73.4366
89.4338
90.9082
113.058
93.7842
