           1   -0.432465           0         0.8         0.6
           2   -0.420499   0.0119662         0.8         0.6
           3   -0.442493   0.0230542         0.8         0.6
           4   -0.436868    0.017245         0.8         0.6
           5   -0.436626   0.0133601         0.8         0.6
           6   -0.438903   0.0111436         0.8         0.6
           7   -0.440833  0.00961379         0.8         0.6
           8    -0.44111  0.00833038         0.8         0.6
           9   -0.443817  0.00782967         0.8         0.6
          10   -0.438609   0.0087276         0.8         0.6
          11   -0.439389   0.0079329         0.8         0.6
          12    -0.43918  0.00724475         0.8         0.6
          13   -0.442161  0.00730072         0.8         0.6
          14     -0.4454  0.00749523         0.8         0.6
          15   -0.444861  0.00699849         0.8         0.6
          16   -0.446683  0.00679528         0.8         0.6
          17   -0.445636  0.00646825         0.8         0.6
          18   -0.443583   0.0064346         0.8         0.6
          19   -0.441118  0.00656691         0.8         0.6
          20   -0.442041  0.00629788         0.8         0.6
          21   -0.440785  0.00612075         0.8         0.6
          22   -0.442005  0.00596206         0.8         0.6
          23    -0.44053  0.00588477         0.8         0.6
          24   -0.441558  0.00572737         0.8         0.6
          25   -0.441996  0.00551089         0.8         0.6
          26   -0.442507  0.00531935         0.8         0.6
          27   -0.443706   0.0052571         0.8         0.6
          28   -0.443233  0.00508793         0.8         0.6
          29    -0.44403  0.00497368         0.8         0.6
          30   -0.444685   0.0048494         0.8         0.6
          31   -0.444722  0.00469051         0.8         0.6
          32   -0.445004  0.00455035         0.8         0.6
          33   -0.445085  0.00441105         0.8         0.6
          34   -0.444878  0.00428438         0.8         0.6
          35   -0.444181  0.00421811         0.8         0.6
          36   -0.445588  0.00433407         0.8         0.6
          37    -0.44596  0.00423171         0.8         0.6
          38    -0.44638   0.0041402         0.8         0.6
          39   -0.445773  0.00407804         0.8         0.6
          40   -0.446367  0.00401881         0.8         0.6
          41   -0.446854  0.00394971         0.8         0.6
          42   -0.447204  0.00387045         0.8         0.6
          43   -0.447142  0.00377988         0.8         0.6
          44   -0.447159  0.00369301         0.8         0.6
          45     -0.4474  0.00361806         0.8         0.6
          46   -0.446941   0.0035681         0.8         0.6
          47   -0.446421  0.00352988         0.8         0.6
          48   -0.445498   0.0035769         0.8         0.6
          49   -0.445255  0.00351155         0.8         0.6
          50    -0.44586  0.00349353         0.8         0.6
          51   -0.445893  0.00342449         0.8         0.6
          52   -0.445638  0.00336764         0.8         0.6
          53   -0.445581  0.00330398         0.8         0.6
          54   -0.445937  0.00326166         0.8         0.6
          55   -0.446209  0.00321333         0.8         0.6
          56   -0.446851  0.00322019         0.8         0.6
          57   -0.447059     0.00317         0.8         0.6
          58   -0.446799  0.00312568         0.8         0.6
          59   -0.446585  0.00307975         0.8         0.6
          60   -0.446761  0.00303312         0.8         0.6
          61   -0.446808  0.00298334         0.8         0.6
          62   -0.446571  0.00294436         0.8         0.6
          63   -0.447145  0.00295353         0.8         0.6
          64   -0.447268  0.00290964         0.8         0.6
          65   -0.447448  0.00287013         0.8         0.6
          66   -0.446969  0.00286658         0.8         0.6
          67   -0.447123  0.00282768         0.8         0.6
          68   -0.447294    0.002791         0.8         0.6
          69   -0.447539  0.00276117         0.8         0.6
          70   -0.446907  0.00279371         0.8         0.6
          71   -0.447403  0.00279836         0.8         0.6
          72    -0.44736  0.00275955         0.8         0.6
          73   -0.446408  0.00288328         0.8         0.6
          74   -0.446219  0.00285032         0.8         0.6
          75   -0.446207  0.00281209         0.8         0.6
          76   -0.446195  0.00277486         0.8         0.6
          77    -0.44666  0.00277779         0.8         0.6
          78   -0.446328  0.00276189         0.8         0.6
          79   -0.446852  0.00277659         0.8         0.6
          80   -0.446748  0.00274365         0.8         0.6
          81   -0.446759  0.00270959         0.8         0.6
          82   -0.446343   0.0027085         0.8         0.6
          83   -0.446053  0.00269129         0.8         0.6
          84   -0.446496  0.00269566         0.8         0.6
          85   -0.446448  0.00266419         0.8         0.6
          86    -0.44654  0.00263465         0.8         0.6
          87   -0.446716  0.00261012         0.8         0.6
          88   -0.446997  0.00259549         0.8         0.6
          89   -0.446961  0.00256642         0.8         0.6
          90   -0.446963  0.00253774         0.8         0.6
          91   -0.446982  0.00250977         0.8         0.6
          92   -0.447267  0.00249859         0.8         0.6
          93   -0.446517   0.0025827         0.8         0.6
          94   -0.446319  0.00256274         0.8         0.6
          95   -0.446353  0.00253585         0.8         0.6
          96   -0.446409  0.00250991         0.8         0.6
          97   -0.446223  0.00249084         0.8         0.6
          98    -0.44616   0.0024661         0.8         0.6
          99   -0.446212  0.00244162         0.8         0.6
         100   -0.446134  0.00241834         0.8         0.6
