              1       0.342116       0.342116              0
              2       0.289259       0.315688       0.002136
              3       0.284004       0.305126     0.00135441
              4       0.359942        0.31883     0.00250251
              5       0.307251       0.316514     0.00194414
              6       0.340552       0.320521     0.00161226
              7       0.340044        0.32331     0.00143061
              8        0.34457       0.325967      0.0013254
              9       0.335897       0.327071     0.00118528
             10       0.335763        0.32794     0.00106016
             11       0.347841       0.329749      0.0010053
             12       0.332088       0.329944    0.000953503
             13       0.299943       0.327636    0.000881509
             14        0.38192       0.331514    0.000965513
             15       0.350489       0.332779    0.000901569
             16       0.278334       0.329376    0.000949012
             17       0.351201        0.33066    0.000891447
             18        0.38254       0.333542    0.000871474
             19       0.224936       0.327826    0.000995702
             20       0.336953       0.328282    0.000944804
              1       0.423618       0.423618              0
              2       0.383287       0.403452       0.002932
              3       0.434074       0.413659     0.00209443
              4       0.396584       0.409391     0.00297774
              5       0.449468       0.417406      0.0029538
              6       0.448395       0.422571     0.00242102
              7       0.468424       0.429121     0.00226348
              8       0.409848       0.426712     0.00208041
              9        0.44466       0.428706      0.0018565
             10       0.390119       0.424848     0.00172526
             11       0.463432       0.428355      0.0016319
             12       0.389098       0.425084      0.0015499
             13       0.371899       0.420993     0.00164024
             14       0.431127       0.421717     0.00155812
             15        0.42796       0.422133     0.00145054
             16       0.440926       0.423307     0.00140809
             17       0.426888       0.423518     0.00133047
             18       0.417993       0.423211       0.001286
             19       0.437718       0.423975     0.00123348
             20       0.419458       0.423749     0.00120493
              1       0.445234       0.445234              0
              2       0.427581       0.436408       0.003332
              3       0.470207       0.447674     0.00192901
              4       0.451933       0.448739     0.00137784
              5       0.431844        0.44536      0.0015298
              6       0.433378       0.443363      0.0012652
              7       0.436861       0.442434     0.00112675
              8       0.435635       0.441584    0.000995595
              9       0.449347       0.442447    0.000927117
             10       0.406703       0.438872    0.000946991
             11       0.457433        0.44056    0.000860623
             12        0.45655       0.441892    0.000854187
             13       0.398788       0.438576    0.000946318
             14       0.448596       0.439292    0.000931157
             15       0.435855       0.439063      0.0008869
             16       0.419639       0.437849    0.000836679
             17       0.459565       0.439126    0.000790608
             18       0.421882       0.438168    0.000745394
             19       0.422498       0.437344    0.000708254
             20       0.423742       0.436663    0.000674759
              1       0.433333       0.433333              0
              2       0.463584       0.448459       0.002868
              3       0.437541       0.444819     0.00183608
              4       0.436285       0.442686      0.0013524
              5       0.474772       0.449103     0.00164537
              6        0.44425       0.448294     0.00135222
              7       0.425179       0.444992     0.00115218
              8       0.435891       0.443854    0.000999754
              9        0.41313       0.440441    0.000918766
             10       0.443798       0.440776    0.000832219
             11       0.427517       0.439571    0.000768122
             12       0.395494       0.435898    0.000702534
             13       0.435949       0.435902    0.000647568
             14       0.437962       0.436049    0.000627936
             15       0.417858       0.434836    0.000622183
             16       0.430148       0.434543    0.000649847
             17       0.445455       0.435185      0.0006712
             18       0.455178       0.436296     0.00066038
             19       0.451599       0.437101    0.000626286
             20       0.426158       0.436554    0.000594229
              1        0.42683        0.42683              0
              2       0.432193       0.429511       0.002728
              3       0.432524       0.430515     0.00228346
              4         0.4448       0.434087      0.0017015
              5       0.469534       0.441176     0.00131852
              6       0.420795       0.437779     0.00108369
              7        0.41632       0.434714    0.000926521
              8       0.428431       0.433928    0.000807422
              9       0.419786       0.432357      0.0007261
             10       0.440399       0.433161    0.000658895
             11       0.439068       0.433698    0.000639529
             12       0.431083        0.43348    0.000650954
             13        0.44702       0.434522    0.000633101
             14       0.415888       0.433191     0.00058643
             15       0.432085       0.433117    0.000550452
             16       0.468982       0.435359    0.000521457
             17       0.423236       0.434646    0.000493721
             18       0.435592       0.434698    0.000470674
             19       0.420759       0.433965    0.000446653
             20       0.431966       0.433865    0.000503657
              1       0.424192       0.424192              0
              2       0.416544       0.420368        5.2e-05
              3       0.424048       0.421595    0.000892505
              4       0.429504       0.423572     0.00064131
              5       0.437866       0.426431    0.000828934
              6       0.419071       0.425204    0.000810778
              7       0.409982        0.42303     0.00071101
              8       0.440418       0.425203    0.000722894
              9       0.428051        0.42552    0.000734624
             10        0.40151       0.423119    0.000710227
             11       0.431614       0.423891    0.000743379
             12       0.402575       0.422115    0.000717269
             13       0.418092       0.421805    0.000665833
             14       0.421113       0.421756    0.000714217
             15       0.410086       0.420978    0.000667306
             16       0.426984       0.421353    0.000668208
             17       0.419103       0.421221    0.000646725
             18       0.411549       0.420683    0.000619201
             19       0.425994       0.420963    0.000650806
             20       0.428598       0.421345    0.000641964
              1       0.390692       0.390692              0
              2        0.40076       0.395726        0.00166
              3       0.382956       0.391469     0.00115616
              4       0.396036       0.392611     0.00112534
              5       0.383627       0.390814    0.000970039
              6        0.39997        0.39234    0.000892291
              7       0.388175       0.391745    0.000759807
              8       0.396936       0.392394    0.000667548
              9        0.39677        0.39288    0.000610164
             10       0.397585       0.393351    0.000550134
             11       0.407633       0.394649    0.000555666
             12       0.392873       0.394501    0.000518357
             13       0.394525       0.394503    0.000487161
             14       0.393263       0.394414    0.000451412
             15        0.39412       0.394395     0.00045885
             16       0.390436       0.394147    0.000488236
             17       0.402524        0.39464    0.000486714
             18         0.3968        0.39476    0.000460428
             19       0.403354       0.395212      0.0004899
             20        0.40532       0.395718       0.000486
              1       0.370132       0.370132              0
              2       0.372261       0.371197         0.0009
              3       0.364679       0.369024     0.00059604
              4       0.366263       0.368334     0.00132862
              5       0.374064        0.36948     0.00103054
              6       0.382732       0.371688     0.00104661
              7       0.360111       0.370035    0.000930605
              8       0.380703       0.371368    0.000869418
              9       0.358743       0.369965    0.000781268
             10       0.373422       0.370311    0.000700495
             11       0.389549        0.37206    0.000634976
             12       0.361655       0.371193    0.000606331
             13       0.379883       0.371861    0.000561879
             14       0.351465       0.370404    0.000528682
             15       0.366784       0.370163    0.000493157
             16       0.373106       0.370347    0.000581602
             17       0.376212       0.370692    0.000552929
             18       0.358478       0.370013    0.000554544
             19       0.370699        0.37005    0.000525054
             20       0.376329       0.370363    0.000498151
              1       0.340731       0.340731              0
              2        0.33772       0.339225       0.002332
              3       0.337346       0.338599     0.00134686
              4       0.355857       0.342914    0.000998508
              5       0.339845         0.3423    0.000779278
              6       0.346467       0.342994    0.000687552
              7       0.338003       0.342281    0.000591108
              8       0.343644       0.342452    0.000590974
              9       0.332893        0.34139    0.000573654
             10       0.340005       0.341251    0.000518967
             11       0.337715        0.34093    0.000469454
             12       0.340134       0.340863    0.000442488
             13       0.352416       0.341752    0.000471118
             14       0.352811       0.342542    0.000463644
             15       0.347773       0.342891    0.000432092
             16       0.341465       0.342802    0.000468545
             17       0.337231       0.342474    0.000455499
             18       0.337012        0.34217    0.000440608
             19       0.350888       0.342629    0.000416782
             20       0.340702       0.342533    0.000406298
              1       0.310353       0.310353              0
              2       0.319559       0.314956       0.001508
              3        0.31933       0.316414    0.000896718
              4       0.314987       0.316057    0.000857534
              5       0.322164       0.317279    0.000733529
              6       0.321085       0.317913    0.000654205
              7       0.310049        0.31679     0.00101376
              8       0.316089       0.316702    0.000879526
              9       0.318067       0.316854     0.00081218
             10       0.324712       0.317639    0.000754705
             11       0.328672       0.318642    0.000695621
             12       0.311104       0.318014    0.000700355
             13       0.312885        0.31762    0.000653189
             14       0.319744       0.317771    0.000615944
             15        0.31678       0.317705    0.000595163
             16       0.322763       0.318021    0.000700405
             17       0.318025       0.318022    0.000657976
             18       0.317401       0.317987    0.000625726
             19       0.320098       0.318098    0.000627642
             20       0.322735        0.31833    0.000596108
              1       0.297716       0.297716              0
              2       0.293658       0.295687       0.003104
              3       0.291904       0.294426     0.00182949
              4       0.293554       0.294208     0.00132031
              5       0.291905       0.293747     0.00105349
              6       0.294924       0.293943    0.000920393
              7       0.288458        0.29316    0.000854125
              8       0.294838        0.29337    0.000752535
              9       0.290092       0.293005    0.000667677
             10       0.296807       0.293386    0.000607897
             11       0.289971       0.293075     0.00054993
             12        0.30086       0.293724    0.000547644
             13       0.292645       0.293641    0.000526029
             14       0.290907       0.293446    0.000492801
             15       0.297932       0.293745    0.000484903
             16       0.297226       0.293962    0.000505262
             17       0.292096       0.293853    0.000479252
             18       0.296646       0.294008    0.000490954
             19       0.288033       0.293693    0.000495436
             20       0.289757       0.293496    0.000471462
              1       0.271604       0.271604              0
              2       0.270301       0.270953       0.001772
              3       0.267979       0.269962     0.00127526
              4        0.27532       0.271301    0.000902952
              5       0.274276       0.271896    0.000702722
              6        0.27418       0.272277    0.000578958
              7       0.269417       0.271868     0.00081047
              8       0.271914       0.271874    0.000706481
              9       0.269952       0.271661    0.000691569
             10       0.267546       0.271249     0.00065469
             11        0.27828       0.271888    0.000597935
             12       0.268193        0.27158    0.000620181
             13       0.267707       0.271282    0.000571592
             14       0.268727         0.2711    0.000531489
             15       0.272997       0.271226     0.00050675
             16       0.272805       0.271325    0.000531421
             17       0.276235       0.271614    0.000499416
             18        0.27348       0.271718    0.000470892
             19       0.268055       0.271525    0.000462901
             20       0.271942       0.271546    0.000451997
              1       0.247918       0.247918              0
              2       0.252219       0.250069        0.00032
              3       0.252439       0.250859    0.000993332
              4       0.250074       0.250662    0.000702737
              5       0.246604       0.249851    0.000695676
              6       0.244889       0.249024    0.000761686
              7       0.251719       0.249409    0.000648439
              8       0.244324       0.248773    0.000574969
              9        0.24767       0.248651    0.000528859
             10       0.259995       0.249785    0.000633759
             11       0.252696        0.25005    0.000573317
             12       0.248851        0.24995    0.000533657
             13       0.247766       0.249782    0.000650434
             14        0.25305       0.250015    0.000635787
             15       0.252044       0.250151    0.000612655
             16       0.245526       0.249862    0.000577333
             17       0.247877       0.249745    0.000547712
             18       0.241788       0.249303    0.000520761
             19       0.249338       0.249305    0.000493716
             20       0.249727       0.249326     0.00046843
              1       0.230774       0.230774              0
              2       0.229995       0.230385       0.001076
              3       0.237775       0.232848     0.00105013
              4       0.234939       0.233371    0.000887823
              5       0.224755       0.231648    0.000697419
              6       0.228582       0.231137    0.000633385
              7         0.2314       0.231174    0.000854391
              8       0.224684       0.230363    0.000739984
              9       0.226961       0.229985    0.000653871
             10       0.228454       0.229832     0.00059271
             11       0.232274       0.230054    0.000543622
             12       0.229708       0.230025    0.000505782
             13       0.229462       0.229982    0.000474043
             14       0.231796       0.230111    0.000440385
             15       0.229037        0.23004    0.000410334
             16       0.226819       0.229838    0.000418389
             17       0.233417       0.230049    0.000403241
             18       0.231795       0.230146    0.000469939
             19       0.222948       0.229767    0.000498718
             20       0.228783       0.229718    0.000477105
              1       0.211164       0.211164              0
              2       0.210207       0.210685          4e-05
              3       0.212375       0.211249     0.00123222
              4       0.212895        0.21166     0.00103145
              5       0.209897       0.211308    0.000825185
              6       0.215589       0.212021    0.000727696
              7       0.209396       0.211646    0.000713693
              8       0.214586       0.212014    0.000763614
              9       0.210704       0.211868    0.000863833
             10       0.218512       0.212533    0.000772717
             11       0.214845       0.212743    0.000705872
             12       0.217889       0.213172     0.00066008
             13       0.208566       0.212817    0.000611897
             14       0.213112       0.212838    0.000567337
             15       0.215887       0.213042    0.000528179
             16         0.2119        0.21297    0.000506786
             17       0.212441       0.212939    0.000476043
             18       0.214916       0.213049    0.000459569
             19       0.211052       0.212944    0.000446491
             20       0.218795       0.213236    0.000431311
              1        0.20419        0.20419              0
              2       0.197563       0.200876       0.000336
              3       0.195934       0.199229    0.000459008
              4        0.19813       0.198954    0.000561345
              5       0.195264       0.198216    0.000548289
              6       0.192252       0.197222    0.000707614
              7       0.199038       0.197481    0.000684573
              8       0.198394       0.197595    0.000693007
              9       0.195128       0.197321    0.000674124
             10       0.198687       0.197458    0.000630535
             11        0.19306       0.197058    0.000589597
             12       0.198415       0.197171    0.000582676
             13       0.200246       0.197408    0.000597451
             14       0.196404       0.197336    0.000555409
             15       0.200854       0.197571    0.000550019
             16       0.198146       0.197607    0.000517416
             17       0.197584       0.197605    0.000491056
             18       0.196815       0.197561    0.000463684
             19       0.199263       0.197651     0.00044085
             20       0.204782       0.198007     0.00045407
              1       0.342116       0.342116              0
              2       0.289259       0.315688       0.002136
              3       0.284004       0.305126     0.00135441
              4       0.359942        0.31883     0.00250251
              5       0.307251       0.316514     0.00194414
              6       0.340552       0.320521     0.00161226
              7       0.340044        0.32331     0.00143061
              8        0.34457       0.325967      0.0013254
              9       0.335897       0.327071     0.00118528
             10       0.335763        0.32794     0.00106016
             11       0.347841       0.329749      0.0010053
             12       0.332088       0.329944    0.000953503
             13       0.299943       0.327636    0.000881509
             14        0.38192       0.331514    0.000965513
             15       0.350489       0.332779    0.000901569
             16       0.278334       0.329376    0.000949012
             17       0.351201        0.33066    0.000891447
             18        0.38254       0.333542    0.000871474
             19       0.224936       0.327826    0.000995702
             20       0.336953       0.328282    0.000944804
              1       0.423618       0.423618              0
              2       0.383287       0.403452       0.002932
              3       0.434074       0.413659     0.00209443
              4       0.396584       0.409391     0.00297774
              5       0.449468       0.417406      0.0029538
              6       0.448395       0.422571     0.00242102
              7       0.468424       0.429121     0.00226348
              8       0.409848       0.426712     0.00208041
              9        0.44466       0.428706      0.0018565
             10       0.390119       0.424848     0.00172526
             11       0.463432       0.428355      0.0016319
             12       0.389098       0.425084      0.0015499
             13       0.371899       0.420993     0.00164024
             14       0.431127       0.421717     0.00155812
             15        0.42796       0.422133     0.00145054
             16       0.440926       0.423307     0.00140809
             17       0.426888       0.423518     0.00133047
             18       0.417993       0.423211       0.001286
             19       0.437718       0.423975     0.00123348
             20       0.419458       0.423749     0.00120493
              1       0.445234       0.445234              0
              2       0.427581       0.436408       0.003332
              3       0.470207       0.447674     0.00192901
              4       0.451933       0.448739     0.00137784
              5       0.431844        0.44536      0.0015298
              6       0.433378       0.443363      0.0012652
              7       0.436861       0.442434     0.00112675
              8       0.435635       0.441584    0.000995595
              9       0.449347       0.442447    0.000927117
             10       0.406703       0.438872    0.000946991
             11       0.457433        0.44056    0.000860623
             12        0.45655       0.441892    0.000854187
             13       0.398788       0.438576    0.000946318
             14       0.448596       0.439292    0.000931157
             15       0.435855       0.439063      0.0008869
             16       0.419639       0.437849    0.000836679
             17       0.459565       0.439126    0.000790608
             18       0.421882       0.438168    0.000745394
             19       0.422498       0.437344    0.000708254
             20       0.423742       0.436663    0.000674759
              1       0.433333       0.433333              0
              2       0.463584       0.448459       0.002868
              3       0.437541       0.444819     0.00183608
              4       0.436285       0.442686      0.0013524
              5       0.474772       0.449103     0.00164537
              6        0.44425       0.448294     0.00135222
              7       0.425179       0.444992     0.00115218
              8       0.435891       0.443854    0.000999754
              9        0.41313       0.440441    0.000918766
             10       0.443798       0.440776    0.000832219
             11       0.427517       0.439571    0.000768122
             12       0.395494       0.435898    0.000702534
             13       0.435949       0.435902    0.000647568
             14       0.437962       0.436049    0.000627936
             15       0.417858       0.434836    0.000622183
             16       0.430148       0.434543    0.000649847
             17       0.445455       0.435185      0.0006712
             18       0.455178       0.436296     0.00066038
             19       0.451599       0.437101    0.000626286
             20       0.426158       0.436554    0.000594229
              1        0.42683        0.42683              0
              2       0.432193       0.429511       0.002728
              3       0.432524       0.430515     0.00228346
              4         0.4448       0.434087      0.0017015
              5       0.469534       0.441176     0.00131852
              6       0.420795       0.437779     0.00108369
              7        0.41632       0.434714    0.000926521
              8       0.428431       0.433928    0.000807422
              9       0.419786       0.432357      0.0007261
             10       0.440399       0.433161    0.000658895
             11       0.439068       0.433698    0.000639529
             12       0.431083        0.43348    0.000650954
             13        0.44702       0.434522    0.000633101
             14       0.415888       0.433191     0.00058643
             15       0.432085       0.433117    0.000550452
             16       0.468982       0.435359    0.000521457
             17       0.423236       0.434646    0.000493721
             18       0.435592       0.434698    0.000470674
             19       0.420759       0.433965    0.000446653
             20       0.431966       0.433865    0.000503657
              1       0.424192       0.424192              0
              2       0.416544       0.420368        5.2e-05
              3       0.424048       0.421595    0.000892505
              4       0.429504       0.423572     0.00064131
              5       0.437866       0.426431    0.000828934
              6       0.419071       0.425204    0.000810778
              7       0.409982        0.42303     0.00071101
              8       0.440418       0.425203    0.000722894
              9       0.428051        0.42552    0.000734624
             10        0.40151       0.423119    0.000710227
             11       0.431614       0.423891    0.000743379
             12       0.402575       0.422115    0.000717269
             13       0.418092       0.421805    0.000665833
             14       0.421113       0.421756    0.000714217
             15       0.410086       0.420978    0.000667306
             16       0.426984       0.421353    0.000668208
             17       0.419103       0.421221    0.000646725
             18       0.411549       0.420683    0.000619201
             19       0.425994       0.420963    0.000650806
             20       0.428598       0.421345    0.000641964
              1       0.390692       0.390692              0
              2        0.40076       0.395726        0.00166
              3       0.382956       0.391469     0.00115616
              4       0.396036       0.392611     0.00112534
              5       0.383627       0.390814    0.000970039
              6        0.39997        0.39234    0.000892291
              7       0.388175       0.391745    0.000759807
              8       0.396936       0.392394    0.000667548
              9        0.39677        0.39288    0.000610164
             10       0.397585       0.393351    0.000550134
             11       0.407633       0.394649    0.000555666
             12       0.392873       0.394501    0.000518357
             13       0.394525       0.394503    0.000487161
             14       0.393263       0.394414    0.000451412
             15        0.39412       0.394395     0.00045885
             16       0.390436       0.394147    0.000488236
             17       0.402524        0.39464    0.000486714
             18         0.3968        0.39476    0.000460428
             19       0.403354       0.395212      0.0004899
             20        0.40532       0.395718       0.000486
              1       0.370132       0.370132              0
              2       0.372261       0.371197         0.0009
              3       0.364679       0.369024     0.00059604
              4       0.366263       0.368334     0.00132862
              5       0.374064        0.36948     0.00103054
              6       0.382732       0.371688     0.00104661
              7       0.360111       0.370035    0.000930605
              8       0.380703       0.371368    0.000869418
              9       0.358743       0.369965    0.000781268
             10       0.373422       0.370311    0.000700495
             11       0.389549        0.37206    0.000634976
             12       0.361655       0.371193    0.000606331
             13       0.379883       0.371861    0.000561879
             14       0.351465       0.370404    0.000528682
             15       0.366784       0.370163    0.000493157
             16       0.373106       0.370347    0.000581602
             17       0.376212       0.370692    0.000552929
             18       0.358478       0.370013    0.000554544
             19       0.370699        0.37005    0.000525054
             20       0.376329       0.370363    0.000498151
              1       0.340731       0.340731              0
              2        0.33772       0.339225       0.002332
              3       0.337346       0.338599     0.00134686
              4       0.355857       0.342914    0.000998508
              5       0.339845         0.3423    0.000779278
              6       0.346467       0.342994    0.000687552
              7       0.338003       0.342281    0.000591108
              8       0.343644       0.342452    0.000590974
              9       0.332893        0.34139    0.000573654
             10       0.340005       0.341251    0.000518967
             11       0.337715        0.34093    0.000469454
             12       0.340134       0.340863    0.000442488
             13       0.352416       0.341752    0.000471118
             14       0.352811       0.342542    0.000463644
             15       0.347773       0.342891    0.000432092
             16       0.341465       0.342802    0.000468545
             17       0.337231       0.342474    0.000455499
             18       0.337012        0.34217    0.000440608
             19       0.350888       0.342629    0.000416782
             20       0.340702       0.342533    0.000406298
              1       0.310353       0.310353              0
              2       0.319559       0.314956       0.001508
              3        0.31933       0.316414    0.000896718
              4       0.314987       0.316057    0.000857534
              5       0.322164       0.317279    0.000733529
              6       0.321085       0.317913    0.000654205
              7       0.310049        0.31679     0.00101376
              8       0.316089       0.316702    0.000879526
              9       0.318067       0.316854     0.00081218
             10       0.324712       0.317639    0.000754705
             11       0.328672       0.318642    0.000695621
             12       0.311104       0.318014    0.000700355
             13       0.312885        0.31762    0.000653189
             14       0.319744       0.317771    0.000615944
             15        0.31678       0.317705    0.000595163
             16       0.322763       0.318021    0.000700405
             17       0.318025       0.318022    0.000657976
             18       0.317401       0.317987    0.000625726
             19       0.320098       0.318098    0.000627642
             20       0.322735        0.31833    0.000596108
              1       0.297716       0.297716              0
              2       0.293658       0.295687       0.003104
              3       0.291904       0.294426     0.00182949
              4       0.293554       0.294208     0.00132031
              5       0.291905       0.293747     0.00105349
              6       0.294924       0.293943    0.000920393
              7       0.288458        0.29316    0.000854125
              8       0.294838        0.29337    0.000752535
              9       0.290092       0.293005    0.000667677
             10       0.296807       0.293386    0.000607897
             11       0.289971       0.293075     0.00054993
             12        0.30086       0.293724    0.000547644
             13       0.292645       0.293641    0.000526029
             14       0.290907       0.293446    0.000492801
             15       0.297932       0.293745    0.000484903
             16       0.297226       0.293962    0.000505262
             17       0.292096       0.293853    0.000479252
             18       0.296646       0.294008    0.000490954
             19       0.288033       0.293693    0.000495436
             20       0.289757       0.293496    0.000471462
              1       0.271604       0.271604              0
              2       0.270301       0.270953       0.001772
              3       0.267979       0.269962     0.00127526
              4        0.27532       0.271301    0.000902952
              5       0.274276       0.271896    0.000702722
              6        0.27418       0.272277    0.000578958
              7       0.269417       0.271868     0.00081047
              8       0.271914       0.271874    0.000706481
              9       0.269952       0.271661    0.000691569
             10       0.267546       0.271249     0.00065469
             11        0.27828       0.271888    0.000597935
             12       0.268193        0.27158    0.000620181
             13       0.267707       0.271282    0.000571592
             14       0.268727         0.2711    0.000531489
             15       0.272997       0.271226     0.00050675
             16       0.272805       0.271325    0.000531421
             17       0.276235       0.271614    0.000499416
             18        0.27348       0.271718    0.000470892
             19       0.268055       0.271525    0.000462901
             20       0.271942       0.271546    0.000451997
              1       0.247918       0.247918              0
              2       0.252219       0.250069        0.00032
              3       0.252439       0.250859    0.000993332
              4       0.250074       0.250662    0.000702737
              5       0.246604       0.249851    0.000695676
              6       0.244889       0.249024    0.000761686
              7       0.251719       0.249409    0.000648439
              8       0.244324       0.248773    0.000574969
              9        0.24767       0.248651    0.000528859
             10       0.259995       0.249785    0.000633759
             11       0.252696        0.25005    0.000573317
             12       0.248851        0.24995    0.000533657
             13       0.247766       0.249782    0.000650434
             14        0.25305       0.250015    0.000635787
             15       0.252044       0.250151    0.000612655
             16       0.245526       0.249862    0.000577333
             17       0.247877       0.249745    0.000547712
             18       0.241788       0.249303    0.000520761
             19       0.249338       0.249305    0.000493716
             20       0.249727       0.249326     0.00046843
              1       0.230774       0.230774              0
              2       0.229995       0.230385       0.001076
              3       0.237775       0.232848     0.00105013
              4       0.234939       0.233371    0.000887823
              5       0.224755       0.231648    0.000697419
              6       0.228582       0.231137    0.000633385
              7         0.2314       0.231174    0.000854391
              8       0.224684       0.230363    0.000739984
              9       0.226961       0.229985    0.000653871
             10       0.228454       0.229832     0.00059271
             11       0.232274       0.230054    0.000543622
             12       0.229708       0.230025    0.000505782
             13       0.229462       0.229982    0.000474043
             14       0.231796       0.230111    0.000440385
             15       0.229037        0.23004    0.000410334
             16       0.226819       0.229838    0.000418389
             17       0.233417       0.230049    0.000403241
             18       0.231795       0.230146    0.000469939
             19       0.222948       0.229767    0.000498718
             20       0.228783       0.229718    0.000477105
              1       0.211164       0.211164              0
              2       0.210207       0.210685          4e-05
              3       0.212375       0.211249     0.00123222
              4       0.212895        0.21166     0.00103145
              5       0.209897       0.211308    0.000825185
              6       0.215589       0.212021    0.000727696
              7       0.209396       0.211646    0.000713693
              8       0.214586       0.212014    0.000763614
              9       0.210704       0.211868    0.000863833
             10       0.218512       0.212533    0.000772717
             11       0.214845       0.212743    0.000705872
             12       0.217889       0.213172     0.00066008
             13       0.208566       0.212817    0.000611897
             14       0.213112       0.212838    0.000567337
             15       0.215887       0.213042    0.000528179
             16         0.2119        0.21297    0.000506786
             17       0.212441       0.212939    0.000476043
             18       0.214916       0.213049    0.000459569
             19       0.211052       0.212944    0.000446491
             20       0.218795       0.213236    0.000431311
              1        0.20419        0.20419              0
              2       0.197563       0.200876       0.000336
              3       0.195934       0.199229    0.000459008
              4        0.19813       0.198954    0.000561345
              5       0.195264       0.198216    0.000548289
              6       0.192252       0.197222    0.000707614
              7       0.199038       0.197481    0.000684573
              8       0.198394       0.197595    0.000693007
              9       0.195128       0.197321    0.000674124
             10       0.198687       0.197458    0.000630535
             11        0.19306       0.197058    0.000589597
             12       0.198415       0.197171    0.000582676
             13       0.200246       0.197408    0.000597451
             14       0.196404       0.197336    0.000555409
             15       0.200854       0.197571    0.000550019
             16       0.198146       0.197607    0.000517416
             17       0.197584       0.197605    0.000491056
             18       0.196815       0.197561    0.000463684
             19       0.199263       0.197651     0.00044085
             20       0.204782       0.198007     0.00045407
