              1      -0.974864      -0.974864              0
              2      -0.979136         -0.977       0.002136
              3       -0.97868       -0.97756     0.00135441
              4      -0.968312      -0.975248     0.00250251
              5      -0.975992      -0.975397     0.00194414
              6      -0.973704      -0.975115     0.00161226
              7      -0.972064      -0.974679     0.00143061
              8      -0.970912      -0.974208      0.0013254
              9       -0.97244      -0.974012     0.00118528
             10      -0.973968      -0.974007     0.00106016
             11      -0.970688      -0.973705      0.0010053
             12        -0.9706      -0.973447    0.000953503
             13      -0.974592      -0.973535    0.000881509
             14      -0.966312      -0.973019    0.000965513
             15      -0.971968      -0.972949    0.000901569
             16      -0.979912      -0.973384    0.000949012
             17       -0.97344      -0.973387    0.000891447
             18       -0.96924      -0.973157    0.000871474
             19      -0.983768      -0.973715    0.000995702
             20      -0.973328      -0.973696    0.000944804
              1      -0.934024      -0.934024              0
              2      -0.939888      -0.936956       0.002932
              3      -0.940656      -0.938189     0.00209443
              4      -0.927856      -0.935606     0.00297774
              5      -0.944832      -0.937451      0.0029538
              6       -0.93872      -0.937663     0.00242102
              7      -0.930888      -0.936695     0.00226348
              8       -0.93112      -0.935998     0.00208041
              9      -0.933448      -0.935715      0.0018565
             10      -0.931032      -0.935246     0.00172526
             11      -0.940496      -0.935724      0.0016319
             12      -0.940856      -0.936151      0.0015499
             13      -0.925608       -0.93534     0.00164024
             14      -0.930456      -0.934991     0.00155812
             15      -0.934912      -0.934986     0.00145054
             16      -0.941008      -0.935362     0.00140809
             17      -0.937808      -0.935506     0.00133047
             18      -0.940608       -0.93579       0.001286
             19      -0.939672      -0.935994     0.00123348
             20      -0.930248      -0.935707     0.00120493
              1      -0.889744      -0.889744              0
              2      -0.896408      -0.893076       0.003332
              3      -0.892648      -0.892933     0.00192901
              4      -0.893712      -0.893128     0.00137784
              5      -0.887648      -0.892032      0.0015298
              6       -0.89324      -0.892233      0.0012652
              7       -0.89472      -0.892589     0.00112675
              8      -0.891008      -0.892391    0.000995595
              9      -0.889712      -0.892093    0.000927117
             10       -0.88752      -0.891636    0.000946991
             11       -0.89072      -0.891553    0.000860623
             12      -0.895576      -0.891888    0.000854187
             13      -0.885032      -0.891361    0.000946318
             14      -0.895776      -0.891676    0.000931157
             15      -0.894488      -0.891863      0.0008869
             16      -0.890128      -0.891755    0.000836679
             17      -0.893216      -0.891841    0.000790608
             18      -0.891864      -0.891842    0.000745394
             19      -0.890568      -0.891775    0.000708254
             20      -0.890536      -0.891713    0.000674759
              1      -0.854584      -0.854584              0
              2      -0.848848      -0.851716       0.002868
              3      -0.849336      -0.850923     0.00183608
              4      -0.849408      -0.850544      0.0013524
              5        -0.8442      -0.849275     0.00164537
              6      -0.848352      -0.849121     0.00135222
              7      -0.848096      -0.848975     0.00115218
              8      -0.849472      -0.849037    0.000999754
              9      -0.846712      -0.848779    0.000918766
             10      -0.847464      -0.848647    0.000832219
             11      -0.850328        -0.8488    0.000768122
             12       -0.84828      -0.848757    0.000702534
             13      -0.849296      -0.848798    0.000647568
             14      -0.846184      -0.848611    0.000627936
             15      -0.845416      -0.848398    0.000622183
             16      -0.853024      -0.848688    0.000649847
             17      -0.853432      -0.848967      0.0006712
             18      -0.845568      -0.848778     0.00066038
             19       -0.84792      -0.848733    0.000626286
             20      -0.848536      -0.848723    0.000594229
              1      -0.805176      -0.805176              0
              2       -0.79972      -0.802448       0.002728
              3      -0.807408      -0.804101     0.00228346
              4      -0.806248      -0.804638      0.0017015
              5      -0.804448        -0.8046     0.00131852
              6      -0.805344      -0.804724     0.00108369
              7      -0.803744      -0.804584    0.000926521
              8      -0.803864      -0.804494    0.000807422
              9      -0.803216      -0.804352      0.0007261
             10       -0.80324      -0.804241    0.000658895
             11      -0.806792      -0.804473    0.000639529
             12      -0.807928      -0.804761    0.000650954
             13      -0.802088      -0.804555    0.000633101
             14      -0.804296      -0.804537     0.00058643
             15      -0.805592      -0.804607    0.000550452
             16      -0.803288      -0.804524    0.000521457
             17      -0.803472      -0.804463    0.000493721
             18      -0.803208      -0.804393    0.000470674
             19      -0.803712      -0.804357    0.000446653
             20      -0.798912      -0.804085    0.000503657
              1      -0.759984      -0.759984              0
              2      -0.760088      -0.760036        5.2e-05
              3      -0.762712      -0.760928    0.000892505
              4      -0.761384      -0.761042     0.00064131
              5       -0.76436      -0.761706    0.000828934
              6      -0.764384      -0.762152    0.000810778
              7      -0.760824      -0.761962     0.00071101
              8      -0.764992      -0.762341    0.000722894
              9      -0.759056      -0.761976    0.000734624
             10       -0.75928      -0.761706    0.000710227
             11      -0.757592      -0.761332    0.000743379
             12       -0.76412      -0.761565    0.000717269
             13      -0.762728      -0.761654    0.000665833
             14      -0.766704      -0.762015    0.000714217
             15      -0.762864      -0.762071    0.000667306
             16      -0.758256      -0.761833    0.000668208
             17      -0.759184      -0.761677    0.000646725
             18      -0.759736      -0.761569    0.000619201
             19       -0.76696      -0.761853    0.000650806
             20      -0.758336      -0.761677    0.000641964
              1      -0.717888      -0.717888              0
              2      -0.721208      -0.719548        0.00166
              3      -0.721488      -0.720195     0.00115616
              4      -0.723288      -0.720968     0.00112534
              5       -0.71884      -0.720542    0.000970039
              6      -0.723008      -0.720953    0.000892291
              7      -0.720304      -0.720861    0.000759807
              8       -0.72176      -0.720973    0.000667548
              9      -0.722416      -0.721133    0.000610164
             10       -0.72044      -0.721064    0.000550134
             11      -0.723784      -0.721311    0.000555666
             12      -0.722592      -0.721418    0.000518357
             13       -0.72012      -0.721318    0.000487161
             14      -0.721056      -0.721299    0.000451412
             15      -0.718536      -0.721115     0.00045885
             16      -0.717392      -0.720883    0.000488236
             17      -0.718112       -0.72072    0.000486714
             18       -0.72004      -0.720682    0.000460428
             19      -0.724944      -0.720906      0.0004899
             20      -0.718064      -0.720764       0.000486
              1        -0.6846        -0.6846              0
              2        -0.6828        -0.6837         0.0009
              3      -0.682824      -0.683408     0.00059604
              4      -0.678368      -0.682148     0.00132862
              5      -0.682416      -0.682202     0.00103054
              6      -0.685936      -0.682824     0.00104661
              7        -0.6808      -0.682535    0.000930605
              8      -0.685144      -0.682861    0.000869418
              9      -0.681512      -0.682711    0.000781268
             10        -0.6832       -0.68276    0.000700495
             11      -0.682304      -0.682719    0.000634976
             12      -0.680584      -0.682541    0.000606331
             13      -0.681656      -0.682473    0.000561879
             14      -0.681152      -0.682378    0.000528682
             15      -0.681912      -0.682347    0.000493157
             16       -0.67668      -0.681993    0.000581602
             17      -0.680544      -0.681908    0.000552929
             18      -0.678504      -0.681719    0.000554544
             19       -0.68128      -0.681696    0.000525054
             20      -0.681824      -0.681702    0.000498151
              1      -0.644464      -0.644464              0
              2      -0.649128      -0.646796       0.002332
              3      -0.646688       -0.64676     0.00134686
              4       -0.64556       -0.64646    0.000998508
              5      -0.645984      -0.646365    0.000779278
              6      -0.647928      -0.646625    0.000687552
              7      -0.647384      -0.646734    0.000591108
              8      -0.649096      -0.647029    0.000590974
              9      -0.644872      -0.646789    0.000573654
             10      -0.647568      -0.646867    0.000518967
             11      -0.646808      -0.646862    0.000469454
             12      -0.648184      -0.646972    0.000442488
             13      -0.650056      -0.647209    0.000471118
             14      -0.645008      -0.647052    0.000463644
             15      -0.646752      -0.647032    0.000432092
             16       -0.64324      -0.646795    0.000468545
             17        -0.6448      -0.646678    0.000455499
             18      -0.644904      -0.646579    0.000440608
             19      -0.646632      -0.646582    0.000416782
             20      -0.644712      -0.646488    0.000406298
              1      -0.615176      -0.615176              0
              2       -0.61216      -0.613668       0.001508
              3      -0.613024      -0.613453    0.000896718
              4      -0.611144      -0.612876    0.000857534
              5      -0.614432      -0.613187    0.000733529
              6      -0.611608      -0.612924    0.000654205
              7      -0.618872      -0.613774     0.00101376
              8      -0.613352      -0.613721    0.000879526
              9      -0.615888      -0.613962     0.00081218
             10      -0.616008      -0.614166    0.000754705
             11      -0.612696      -0.614033    0.000695621
             12      -0.610488      -0.613737    0.000700355
             13      -0.612336       -0.61363    0.000653189
             14      -0.611992      -0.613513    0.000615944
             15      -0.615904      -0.613672    0.000595163
             16      -0.606872      -0.613247    0.000700405
             17      -0.613096      -0.613238    0.000657976
             18      -0.614712       -0.61332    0.000625726
             19      -0.617288      -0.613529    0.000627642
             20      -0.614096      -0.613557    0.000596108
              1      -0.579544      -0.579544              0
              2      -0.585752      -0.582648       0.003104
              3      -0.583752      -0.583016     0.00182949
              4       -0.58196      -0.582752     0.00132031
              5      -0.581488      -0.582499     0.00105349
              6      -0.584464      -0.582827    0.000920393
              7      -0.585296      -0.583179    0.000854125
              8      -0.582072      -0.583041    0.000752535
              9      -0.582384      -0.582968    0.000667677
             10      -0.581832      -0.582854    0.000607897
             11       -0.58276      -0.582846     0.00054993
             12      -0.585472      -0.583065    0.000547644
             13      -0.581096      -0.582913    0.000526029
             14      -0.583968      -0.582989    0.000492801
             15      -0.585344      -0.583146    0.000484903
             16      -0.579584      -0.582923    0.000505262
             17      -0.581792      -0.582856    0.000479252
             18        -0.5794      -0.582664    0.000490954
             19      -0.585944      -0.582837    0.000495436
             20      -0.583576      -0.582874    0.000471462
              1      -0.554712      -0.554712              0
              2      -0.551168       -0.55294       0.001772
              3      -0.555224      -0.553701     0.00127526
              4      -0.553888      -0.553748    0.000902952
              5      -0.553408       -0.55368    0.000702722
              6      -0.554144      -0.553757    0.000578958
              7       -0.55828      -0.554403     0.00081047
              8       -0.55376      -0.554323    0.000706481
              9      -0.557024      -0.554623    0.000691569
             10      -0.556768      -0.554838     0.00065469
             11      -0.553928      -0.554755    0.000597935
             12      -0.558288      -0.555049    0.000620181
             13      -0.555512      -0.555085    0.000571592
             14      -0.555776      -0.555134    0.000531489
             15      -0.556776      -0.555244     0.00050675
             16        -0.5514      -0.555003    0.000531421
             17      -0.554744      -0.554988    0.000499416
             18      -0.555096      -0.554994    0.000470892
             19        -0.5526      -0.554868    0.000462901
             20      -0.552728      -0.554761    0.000451997
              1      -0.525536      -0.525536              0
              2      -0.524896      -0.525216        0.00032
              3      -0.528144      -0.526192    0.000993332
              4      -0.526104       -0.52617    0.000702737
              5      -0.528336      -0.526603    0.000695676
              6      -0.529648      -0.527111    0.000761686
              7      -0.527656      -0.527189    0.000648439
              8      -0.528176      -0.527312    0.000574969
              9      -0.528664      -0.527462    0.000528859
             10       -0.53168      -0.527884    0.000633759
             11      -0.527976      -0.527892    0.000573317
             12      -0.529144      -0.527997    0.000533657
             13      -0.533544      -0.528423    0.000650434
             14      -0.525568      -0.528219    0.000635787
             15      -0.530592      -0.528378    0.000612655
             16      -0.529496      -0.528447    0.000577333
             17      -0.529752      -0.528524    0.000547712
             18      -0.527312      -0.528457    0.000520761
             19      -0.527824      -0.528424    0.000493716
             20       -0.52856       -0.52843     0.00046843
              1      -0.502544      -0.502544              0
              2      -0.504696       -0.50362       0.001076
              3       -0.50616      -0.504467     0.00105013
              4       -0.50252       -0.50398    0.000887823
              5        -0.5034      -0.503864    0.000697419
              6        -0.5022      -0.503587    0.000633385
              7      -0.508248      -0.504253    0.000854391
              8      -0.504328      -0.504262    0.000739984
              9      -0.503896      -0.504221    0.000653871
             10      -0.505184      -0.504318     0.00059271
             11      -0.503328      -0.504228    0.000543622
             12        -0.5054      -0.504325    0.000505782
             13      -0.503144      -0.504234    0.000474043
             14      -0.504744      -0.504271    0.000440385
             15      -0.504528      -0.504288    0.000410334
             16      -0.501624      -0.504122    0.000418389
             17      -0.505656      -0.504212    0.000403241
             18      -0.509184      -0.504488    0.000469939
             19      -0.508784      -0.504714    0.000498718
             20      -0.505944      -0.504776    0.000477105
              1      -0.479872      -0.479872              0
              2      -0.479792      -0.479832          4e-05
              3      -0.483528      -0.481064     0.00123222
              4      -0.483272      -0.481616     0.00103145
              5      -0.482648      -0.481822    0.000825185
              6      -0.483472      -0.482097    0.000727696
              7      -0.484632      -0.482459    0.000713693
              8      -0.478872      -0.482011    0.000763614
              9       -0.48688      -0.482552    0.000863833
             10      -0.482664      -0.482563    0.000772717
             11      -0.483648      -0.482662    0.000705872
             12      -0.480944      -0.482519     0.00066008
             13      -0.483504      -0.482594    0.000611897
             14      -0.483024      -0.482625    0.000567337
             15      -0.482688      -0.482629    0.000528179
             16      -0.480824      -0.482517    0.000506786
             17      -0.482528      -0.482517    0.000476043
             18      -0.484296      -0.482616    0.000459569
             19       -0.48068      -0.482514    0.000446491
             20      -0.480888      -0.482433    0.000431311
              1      -0.463024      -0.463024              0
              2      -0.462352      -0.462688       0.000336
              3       -0.46144      -0.462272    0.000459008
              4       -0.46044      -0.461814    0.000561345
              5      -0.460144       -0.46148    0.000548289
              6      -0.464768      -0.462028    0.000707614
              7       -0.46436      -0.462361    0.000684573
              8      -0.465232       -0.46272    0.000693007
              9       -0.46016      -0.462436    0.000674124
             10       -0.46428       -0.46262    0.000630535
             11      -0.460976      -0.462471    0.000589597
             12      -0.459792      -0.462247    0.000582676
             13      -0.458816      -0.461983    0.000597451
             14       -0.46128      -0.461933    0.000555409
             15       -0.45912      -0.461746    0.000550019
             16      -0.462624        -0.4618    0.000517416
             17      -0.462992      -0.461871    0.000491056
             18      -0.461408      -0.461845    0.000463684
             19         -0.461        -0.4618     0.00044085
             20      -0.458264      -0.461624     0.00045407
              1      -0.974864      -0.974864              0
              2      -0.979136         -0.977       0.002136
              3       -0.97868       -0.97756     0.00135441
              4      -0.968312      -0.975248     0.00250251
              5      -0.975992      -0.975397     0.00194414
              6      -0.973704      -0.975115     0.00161226
              7      -0.972064      -0.974679     0.00143061
              8      -0.970912      -0.974208      0.0013254
              9       -0.97244      -0.974012     0.00118528
             10      -0.973968      -0.974007     0.00106016
             11      -0.970688      -0.973705      0.0010053
             12        -0.9706      -0.973447    0.000953503
             13      -0.974592      -0.973535    0.000881509
             14      -0.966312      -0.973019    0.000965513
             15      -0.971968      -0.972949    0.000901569
             16      -0.979912      -0.973384    0.000949012
             17       -0.97344      -0.973387    0.000891447
             18       -0.96924      -0.973157    0.000871474
             19      -0.983768      -0.973715    0.000995702
             20      -0.973328      -0.973696    0.000944804
              1      -0.934024      -0.934024              0
              2      -0.939888      -0.936956       0.002932
              3      -0.940656      -0.938189     0.00209443
              4      -0.927856      -0.935606     0.00297774
              5      -0.944832      -0.937451      0.0029538
              6       -0.93872      -0.937663     0.00242102
              7      -0.930888      -0.936695     0.00226348
              8       -0.93112      -0.935998     0.00208041
              9      -0.933448      -0.935715      0.0018565
             10      -0.931032      -0.935246     0.00172526
             11      -0.940496      -0.935724      0.0016319
             12      -0.940856      -0.936151      0.0015499
             13      -0.925608       -0.93534     0.00164024
             14      -0.930456      -0.934991     0.00155812
             15      -0.934912      -0.934986     0.00145054
             16      -0.941008      -0.935362     0.00140809
             17      -0.937808      -0.935506     0.00133047
             18      -0.940608       -0.93579       0.001286
             19      -0.939672      -0.935994     0.00123348
             20      -0.930248      -0.935707     0.00120493
              1      -0.889744      -0.889744              0
              2      -0.896408      -0.893076       0.003332
              3      -0.892648      -0.892933     0.00192901
              4      -0.893712      -0.893128     0.00137784
              5      -0.887648      -0.892032      0.0015298
              6       -0.89324      -0.892233      0.0012652
              7       -0.89472      -0.892589     0.00112675
              8      -0.891008      -0.892391    0.000995595
              9      -0.889712      -0.892093    0.000927117
             10       -0.88752      -0.891636    0.000946991
             11       -0.89072      -0.891553    0.000860623
             12      -0.895576      -0.891888    0.000854187
             13      -0.885032      -0.891361    0.000946318
             14      -0.895776      -0.891676    0.000931157
             15      -0.894488      -0.891863      0.0008869
             16      -0.890128      -0.891755    0.000836679
             17      -0.893216      -0.891841    0.000790608
             18      -0.891864      -0.891842    0.000745394
             19      -0.890568      -0.891775    0.000708254
             20      -0.890536      -0.891713    0.000674759
              1      -0.854584      -0.854584              0
              2      -0.848848      -0.851716       0.002868
              3      -0.849336      -0.850923     0.00183608
              4      -0.849408      -0.850544      0.0013524
              5        -0.8442      -0.849275     0.00164537
              6      -0.848352      -0.849121     0.00135222
              7      -0.848096      -0.848975     0.00115218
              8      -0.849472      -0.849037    0.000999754
              9      -0.846712      -0.848779    0.000918766
             10      -0.847464      -0.848647    0.000832219
             11      -0.850328        -0.8488    0.000768122
             12       -0.84828      -0.848757    0.000702534
             13      -0.849296      -0.848798    0.000647568
             14      -0.846184      -0.848611    0.000627936
             15      -0.845416      -0.848398    0.000622183
             16      -0.853024      -0.848688    0.000649847
             17      -0.853432      -0.848967      0.0006712
             18      -0.845568      -0.848778     0.00066038
             19       -0.84792      -0.848733    0.000626286
             20      -0.848536      -0.848723    0.000594229
              1      -0.805176      -0.805176              0
              2       -0.79972      -0.802448       0.002728
              3      -0.807408      -0.804101     0.00228346
              4      -0.806248      -0.804638      0.0017015
              5      -0.804448        -0.8046     0.00131852
              6      -0.805344      -0.804724     0.00108369
              7      -0.803744      -0.804584    0.000926521
              8      -0.803864      -0.804494    0.000807422
              9      -0.803216      -0.804352      0.0007261
             10       -0.80324      -0.804241    0.000658895
             11      -0.806792      -0.804473    0.000639529
             12      -0.807928      -0.804761    0.000650954
             13      -0.802088      -0.804555    0.000633101
             14      -0.804296      -0.804537     0.00058643
             15      -0.805592      -0.804607    0.000550452
             16      -0.803288      -0.804524    0.000521457
             17      -0.803472      -0.804463    0.000493721
             18      -0.803208      -0.804393    0.000470674
             19      -0.803712      -0.804357    0.000446653
             20      -0.798912      -0.804085    0.000503657
              1      -0.759984      -0.759984              0
              2      -0.760088      -0.760036        5.2e-05
              3      -0.762712      -0.760928    0.000892505
              4      -0.761384      -0.761042     0.00064131
              5       -0.76436      -0.761706    0.000828934
              6      -0.764384      -0.762152    0.000810778
              7      -0.760824      -0.761962     0.00071101
              8      -0.764992      -0.762341    0.000722894
              9      -0.759056      -0.761976    0.000734624
             10       -0.75928      -0.761706    0.000710227
             11      -0.757592      -0.761332    0.000743379
             12       -0.76412      -0.761565    0.000717269
             13      -0.762728      -0.761654    0.000665833
             14      -0.766704      -0.762015    0.000714217
             15      -0.762864      -0.762071    0.000667306
             16      -0.758256      -0.761833    0.000668208
             17      -0.759184      -0.761677    0.000646725
             18      -0.759736      -0.761569    0.000619201
             19       -0.76696      -0.761853    0.000650806
             20      -0.758336      -0.761677    0.000641964
              1      -0.717888      -0.717888              0
              2      -0.721208      -0.719548        0.00166
              3      -0.721488      -0.720195     0.00115616
              4      -0.723288      -0.720968     0.00112534
              5       -0.71884      -0.720542    0.000970039
              6      -0.723008      -0.720953    0.000892291
              7      -0.720304      -0.720861    0.000759807
              8       -0.72176      -0.720973    0.000667548
              9      -0.722416      -0.721133    0.000610164
             10       -0.72044      -0.721064    0.000550134
             11      -0.723784      -0.721311    0.000555666
             12      -0.722592      -0.721418    0.000518357
             13       -0.72012      -0.721318    0.000487161
             14      -0.721056      -0.721299    0.000451412
             15      -0.718536      -0.721115     0.00045885
             16      -0.717392      -0.720883    0.000488236
             17      -0.718112       -0.72072    0.000486714
             18       -0.72004      -0.720682    0.000460428
             19      -0.724944      -0.720906      0.0004899
             20      -0.718064      -0.720764       0.000486
              1        -0.6846        -0.6846              0
              2        -0.6828        -0.6837         0.0009
              3      -0.682824      -0.683408     0.00059604
              4      -0.678368      -0.682148     0.00132862
              5      -0.682416      -0.682202     0.00103054
              6      -0.685936      -0.682824     0.00104661
              7        -0.6808      -0.682535    0.000930605
              8      -0.685144      -0.682861    0.000869418
              9      -0.681512      -0.682711    0.000781268
             10        -0.6832       -0.68276    0.000700495
             11      -0.682304      -0.682719    0.000634976
             12      -0.680584      -0.682541    0.000606331
             13      -0.681656      -0.682473    0.000561879
             14      -0.681152      -0.682378    0.000528682
             15      -0.681912      -0.682347    0.000493157
             16       -0.67668      -0.681993    0.000581602
             17      -0.680544      -0.681908    0.000552929
             18      -0.678504      -0.681719    0.000554544
             19       -0.68128      -0.681696    0.000525054
             20      -0.681824      -0.681702    0.000498151
              1      -0.644464      -0.644464              0
              2      -0.649128      -0.646796       0.002332
              3      -0.646688       -0.64676     0.00134686
              4       -0.64556       -0.64646    0.000998508
              5      -0.645984      -0.646365    0.000779278
              6      -0.647928      -0.646625    0.000687552
              7      -0.647384      -0.646734    0.000591108
              8      -0.649096      -0.647029    0.000590974
              9      -0.644872      -0.646789    0.000573654
             10      -0.647568      -0.646867    0.000518967
             11      -0.646808      -0.646862    0.000469454
             12      -0.648184      -0.646972    0.000442488
             13      -0.650056      -0.647209    0.000471118
             14      -0.645008      -0.647052    0.000463644
             15      -0.646752      -0.647032    0.000432092
             16       -0.64324      -0.646795    0.000468545
             17        -0.6448      -0.646678    0.000455499
             18      -0.644904      -0.646579    0.000440608
             19      -0.646632      -0.646582    0.000416782
             20      -0.644712      -0.646488    0.000406298
              1      -0.615176      -0.615176              0
              2       -0.61216      -0.613668       0.001508
              3      -0.613024      -0.613453    0.000896718
              4      -0.611144      -0.612876    0.000857534
              5      -0.614432      -0.613187    0.000733529
              6      -0.611608      -0.612924    0.000654205
              7      -0.618872      -0.613774     0.00101376
              8      -0.613352      -0.613721    0.000879526
              9      -0.615888      -0.613962     0.00081218
             10      -0.616008      -0.614166    0.000754705
             11      -0.612696      -0.614033    0.000695621
             12      -0.610488      -0.613737    0.000700355
             13      -0.612336       -0.61363    0.000653189
             14      -0.611992      -0.613513    0.000615944
             15      -0.615904      -0.613672    0.000595163
             16      -0.606872      -0.613247    0.000700405
             17      -0.613096      -0.613238    0.000657976
             18      -0.614712       -0.61332    0.000625726
             19      -0.617288      -0.613529    0.000627642
             20      -0.614096      -0.613557    0.000596108
              1      -0.579544      -0.579544              0
              2      -0.585752      -0.582648       0.003104
              3      -0.583752      -0.583016     0.00182949
              4       -0.58196      -0.582752     0.00132031
              5      -0.581488      -0.582499     0.00105349
              6      -0.584464      -0.582827    0.000920393
              7      -0.585296      -0.583179    0.000854125
              8      -0.582072      -0.583041    0.000752535
              9      -0.582384      -0.582968    0.000667677
             10      -0.581832      -0.582854    0.000607897
             11       -0.58276      -0.582846     0.00054993
             12      -0.585472      -0.583065    0.000547644
             13      -0.581096      -0.582913    0.000526029
             14      -0.583968      -0.582989    0.000492801
             15      -0.585344      -0.583146    0.000484903
             16      -0.579584      -0.582923    0.000505262
             17      -0.581792      -0.582856    0.000479252
             18        -0.5794      -0.582664    0.000490954
             19      -0.585944      -0.582837    0.000495436
             20      -0.583576      -0.582874    0.000471462
              1      -0.554712      -0.554712              0
              2      -0.551168       -0.55294       0.001772
              3      -0.555224      -0.553701     0.00127526
              4      -0.553888      -0.553748    0.000902952
              5      -0.553408       -0.55368    0.000702722
              6      -0.554144      -0.553757    0.000578958
              7       -0.55828      -0.554403     0.00081047
              8       -0.55376      -0.554323    0.000706481
              9      -0.557024      -0.554623    0.000691569
             10      -0.556768      -0.554838     0.00065469
             11      -0.553928      -0.554755    0.000597935
             12      -0.558288      -0.555049    0.000620181
             13      -0.555512      -0.555085    0.000571592
             14      -0.555776      -0.555134    0.000531489
             15      -0.556776      -0.555244     0.00050675
             16        -0.5514      -0.555003    0.000531421
             17      -0.554744      -0.554988    0.000499416
             18      -0.555096      -0.554994    0.000470892
             19        -0.5526      -0.554868    0.000462901
             20      -0.552728      -0.554761    0.000451997
              1      -0.525536      -0.525536              0
              2      -0.524896      -0.525216        0.00032
              3      -0.528144      -0.526192    0.000993332
              4      -0.526104       -0.52617    0.000702737
              5      -0.528336      -0.526603    0.000695676
              6      -0.529648      -0.527111    0.000761686
              7      -0.527656      -0.527189    0.000648439
              8      -0.528176      -0.527312    0.000574969
              9      -0.528664      -0.527462    0.000528859
             10       -0.53168      -0.527884    0.000633759
             11      -0.527976      -0.527892    0.000573317
             12      -0.529144      -0.527997    0.000533657
             13      -0.533544      -0.528423    0.000650434
             14      -0.525568      -0.528219    0.000635787
             15      -0.530592      -0.528378    0.000612655
             16      -0.529496      -0.528447    0.000577333
             17      -0.529752      -0.528524    0.000547712
             18      -0.527312      -0.528457    0.000520761
             19      -0.527824      -0.528424    0.000493716
             20       -0.52856       -0.52843     0.00046843
              1      -0.502544      -0.502544              0
              2      -0.504696       -0.50362       0.001076
              3       -0.50616      -0.504467     0.00105013
              4       -0.50252       -0.50398    0.000887823
              5        -0.5034      -0.503864    0.000697419
              6        -0.5022      -0.503587    0.000633385
              7      -0.508248      -0.504253    0.000854391
              8      -0.504328      -0.504262    0.000739984
              9      -0.503896      -0.504221    0.000653871
             10      -0.505184      -0.504318     0.00059271
             11      -0.503328      -0.504228    0.000543622
             12        -0.5054      -0.504325    0.000505782
             13      -0.503144      -0.504234    0.000474043
             14      -0.504744      -0.504271    0.000440385
             15      -0.504528      -0.504288    0.000410334
             16      -0.501624      -0.504122    0.000418389
             17      -0.505656      -0.504212    0.000403241
             18      -0.509184      -0.504488    0.000469939
             19      -0.508784      -0.504714    0.000498718
             20      -0.505944      -0.504776    0.000477105
              1      -0.479872      -0.479872              0
              2      -0.479792      -0.479832          4e-05
              3      -0.483528      -0.481064     0.00123222
              4      -0.483272      -0.481616     0.00103145
              5      -0.482648      -0.481822    0.000825185
              6      -0.483472      -0.482097    0.000727696
              7      -0.484632      -0.482459    0.000713693
              8      -0.478872      -0.482011    0.000763614
              9       -0.48688      -0.482552    0.000863833
             10      -0.482664      -0.482563    0.000772717
             11      -0.483648      -0.482662    0.000705872
             12      -0.480944      -0.482519     0.00066008
             13      -0.483504      -0.482594    0.000611897
             14      -0.483024      -0.482625    0.000567337
             15      -0.482688      -0.482629    0.000528179
             16      -0.480824      -0.482517    0.000506786
             17      -0.482528      -0.482517    0.000476043
             18      -0.484296      -0.482616    0.000459569
             19       -0.48068      -0.482514    0.000446491
             20      -0.480888      -0.482433    0.000431311
              1      -0.463024      -0.463024              0
              2      -0.462352      -0.462688       0.000336
              3       -0.46144      -0.462272    0.000459008
              4       -0.46044      -0.461814    0.000561345
              5      -0.460144       -0.46148    0.000548289
              6      -0.464768      -0.462028    0.000707614
              7       -0.46436      -0.462361    0.000684573
              8      -0.465232       -0.46272    0.000693007
              9       -0.46016      -0.462436    0.000674124
             10       -0.46428       -0.46262    0.000630535
             11      -0.460976      -0.462471    0.000589597
             12      -0.459792      -0.462247    0.000582676
             13      -0.458816      -0.461983    0.000597451
             14       -0.46128      -0.461933    0.000555409
             15       -0.45912      -0.461746    0.000550019
             16      -0.462624        -0.4618    0.000517416
             17      -0.462992      -0.461871    0.000491056
             18      -0.461408      -0.461845    0.000463684
             19         -0.461        -0.4618     0.00044085
             20      -0.458264      -0.461624     0.00045407
