              1       0.906532       0.906532              0
              2       0.848304       0.877418       0.029114
              3       0.832584       0.862473      0.0224919
              4       0.936956       0.881094      0.0244882
              5       0.817344       0.868344      0.0228553
              6       0.955028       0.882791      0.0236002
              7       0.704756       0.857358      0.0323219
              8       0.940492       0.867749      0.0298583
              9       0.925024       0.874113      0.0270906
             10        0.86518        0.87322       0.024247
             11       0.747548       0.861795      0.0247295
             12       0.896512       0.864688      0.0227595
             13       0.942264       0.870656      0.0217695
             14        0.86338       0.870136      0.0201614
             15       0.923676       0.873705      0.0191056
             16       0.979252       0.880302      0.0190502
             17        0.78498       0.874695      0.0187525
             18       0.925444       0.877514      0.0179034
             19       0.958112       0.881756      0.0174581
             20       0.900556       0.882696      0.0165889
              1        0.70226        0.70226              0
              2       0.606208       0.654234       0.048026
              3       0.736796       0.681755      0.0390669
              4       0.621216        0.66662      0.0314987
              5       0.722616       0.677819      0.0268463
              6        0.71194       0.683506      0.0226456
              7       0.678184       0.682746      0.0191541
              8       0.617052       0.674534      0.0185092
              9       0.694612       0.676765      0.0164753
             10       0.599632       0.669052      0.0166326
             11       0.557704       0.658929      0.0181331
             12       0.778796       0.668918      0.0193336
             13       0.635744       0.666366      0.0179665
             14        0.66238       0.666081      0.0166361
             15        0.38236       0.647167      0.0244464
             16       0.728208       0.652232      0.0234218
             17         0.5527       0.646377      0.0227666
             18        0.74406       0.651804        0.02214
             19        0.70968        0.65485      0.0211627
             20       0.664512       0.655333      0.0200825
              1       0.444988       0.444988              0
              2        0.33056       0.387774       0.057214
              3        0.48592       0.420489      0.0464913
              4       0.540964       0.450608      0.0445854
              5       0.391732       0.438833      0.0364879
              6       0.400948       0.432519       0.030454
              7       0.371496       0.423801      0.0271746
              8        0.49264       0.432406      0.0250577
              9       0.397156       0.428489      0.0224432
             10       0.492828       0.434923      0.0210797
             11       0.447652        0.43608      0.0191023
             12       0.439884       0.436397      0.0174409
             13       0.471872       0.439126      0.0162737
             14       0.513168       0.444415      0.0159678
             15       0.474448       0.446417      0.0149994
             16       0.426752       0.445188      0.0140844
             17       0.451332       0.445549      0.0132349
             18       0.555652       0.451666      0.0138966
             19       0.548184       0.456746      0.0140923
             20       0.434216        0.45562      0.0134165
              1        0.33486        0.33486              0
              2       0.326696       0.330778       0.004082
              3       0.337532       0.333029     0.00325925
              4       0.285012       0.321025      0.0122236
              5       0.224068       0.301634      0.0215795
              6        0.26262       0.295131      0.0187811
              7       0.286936       0.293961       0.015916
              8        0.30316        0.29511      0.0138316
              9       0.278764       0.293294      0.0123328
             10       0.265732       0.290538      0.0113699
             11       0.294444       0.290893      0.0102906
             12       0.363892       0.296976      0.0111916
             13       0.317372       0.298545      0.0104137
             14       0.304664       0.298982     0.00965109
             15       0.330416       0.301078     0.00922583
             16       0.269588        0.29911     0.00885155
             17       0.289256        0.29853     0.00833476
             18       0.290912       0.298107     0.00786948
             19        0.31732       0.299118     0.00751215
             20       0.265216       0.297423     0.00732547
              1       0.158144       0.158144              0
              2       0.214672       0.186408       0.028264
              3       0.177744        0.18352      0.0165718
              4         0.1189       0.167365      0.0199574
              5       0.156532       0.165198        0.01561
              6       0.184756       0.168458      0.0131557
              7       0.153136       0.166269       0.011332
              8       0.268164       0.179006      0.0160791
              9       0.206824       0.182097      0.0145134
             10       0.221716       0.186059      0.0135723
             11       0.167792       0.184398      0.0123884
             12       0.208956       0.186445      0.0114927
             13       0.190452       0.186753      0.0105763
             14       0.195968       0.187411     0.00981381
             15       0.174436       0.186546     0.00917702
             16       0.159556       0.184859     0.00874849
             17       0.239012       0.188045     0.00881356
             18       0.207964       0.189151     0.00838287
             19       0.219636       0.190756      0.0080901
             20       0.163244        0.18938     0.00779724
              1       0.192756       0.192756              0
              2       0.136212       0.164484       0.028272
              3        0.17128       0.166749      0.0164793
              4       0.171572       0.167955      0.0117148
              5       0.164624       0.167289     0.00909869
              6       0.167232       0.167279     0.00742905
              7       0.137468       0.163021     0.00758677
              8        0.14174        0.16036     0.00708839
              9        0.15882       0.160189     0.00625372
             10        0.17448       0.161618     0.00577316
             11       0.176384       0.162961     0.00539179
             12       0.096908       0.157456     0.00738407
             13       0.163488        0.15792     0.00680818
             14       0.119572       0.155181     0.00687261
             15       0.130148       0.153512     0.00661213
             16       0.132568       0.152203     0.00632208
             17       0.114464       0.149983     0.00633993
             18       0.154856       0.150254     0.00598347
             19       0.117404       0.148525     0.00591799
             20       0.152416        0.14872     0.00561766
              1        0.10476        0.10476              0
              2       0.125988       0.115374       0.010614
              3       0.123972        0.11824     0.00676508
              4        0.09454       0.112315     0.00761504
              5       0.102612       0.110374      0.0062096
              6        0.10638       0.109709     0.00511364
              7       0.120292       0.111221     0.00457864
              8       0.084892       0.107929     0.00515307
              9       0.101268       0.107189     0.00460446
             10       0.108972       0.107368     0.00412221
             11       0.086268       0.105449     0.00419313
             12       0.137624       0.108131     0.00467342
             13        0.10758       0.108088     0.00429913
             14       0.143924       0.110648     0.00473225
             15       0.124124       0.111546     0.00449615
             16       0.128392       0.112599     0.00433555
             17        0.10366       0.112073     0.00410635
             18       0.116716       0.112331     0.00388008
             19       0.146608       0.114135      0.0040896
             20         0.1006       0.113459     0.00393832
              1       0.116888       0.116888              0
              2       0.075912         0.0964       0.020488
              3       0.094832      0.0958773      0.0118403
              4       0.086376       0.093502     0.00870279
              5       0.088192        0.09244     0.00682429
              6       0.084028       0.091038     0.00574568
              7       0.107712        0.09342     0.00540875
              8       0.099284       0.094153     0.00474112
              9       0.099716      0.0947711     0.00422671
             10        0.09118       0.094412     0.00379751
             11       0.084052      0.0934702     0.00356175
             12       0.054784      0.0902463     0.00457875
             13       0.071588      0.0888111     0.00444966
             14          0.086      0.0886103     0.00412448
             15       0.090352      0.0887264     0.00384144
             16       0.073736      0.0877895     0.00371347
             17       0.083636      0.0875452     0.00349674
             18       0.075088      0.0868531     0.00336862
             19       0.101252      0.0876109     0.00327527
             20         0.0742      0.0869404     0.00317873
              1        0.07432        0.07432              0
              2       0.063084       0.068702       0.005618
              3       0.076752      0.0713853     0.00420962
              4       0.057064       0.067805      0.0046561
              5       0.075636      0.0693712     0.00393199
              6       0.070396       0.069542     0.00321499
              7       0.057204      0.0677794     0.00323877
              8       0.078368       0.069103     0.00310146
              9        0.05948      0.0680338     0.00293679
             10       0.057656       0.066996     0.00282432
             11       0.090488      0.0691316     0.00332977
             12       0.070372       0.069235     0.00304141
             13       0.082884      0.0702849     0.00298821
             14       0.064596      0.0698786     0.00279623
             15       0.087384      0.0710456     0.00285278
             16        0.07346      0.0711965     0.00267279
             17       0.064048       0.070776     0.00254562
             18        0.09968      0.0723818     0.00288768
             19        0.07886      0.0727227     0.00275267
             20       0.085112      0.0733422     0.00268388
              1       0.061424       0.061424              0
              2       0.051284       0.056354        0.00507
              3       0.074972        0.06256     0.00686169
              4        0.06844        0.06403     0.00506974
              5       0.062532      0.0637304     0.00393842
              6       0.045116       0.060628     0.00446829
              7       0.055824      0.0599417     0.00383825
              8       0.052984       0.059072     0.00343592
              9       0.065488      0.0597849     0.00311292
             10       0.063328      0.0601392     0.00280673
             11       0.053996      0.0595807     0.00259949
             12       0.041516      0.0580753     0.00281022
             13        0.06108      0.0583065     0.00259534
             14       0.069364      0.0590963      0.0025293
             15       0.049592      0.0584627     0.00243841
             16       0.076452       0.059587     0.00254298
             17       0.061232      0.0596838     0.00239067
             18       0.068176      0.0601556     0.00230279
             19       0.056976      0.0599882     0.00218464
             20       0.072948      0.0606362     0.00217147
              1       0.062836       0.062836              0
              2        0.05442       0.058628       0.004208
              3       0.045556      0.0542707     0.00498887
              4       0.053728       0.054135     0.00353027
              5       0.057416      0.0547912     0.00281217
              6       0.053424      0.0545633      0.0023074
              7       0.047548      0.0535611     0.00219256
              8       0.039884      0.0518515     0.00255507
              9       0.052404      0.0519129     0.00225419
             10        0.05318      0.0520396     0.00202019
             11       0.051472       0.051988     0.00182806
             12       0.043356      0.0512687     0.00181722
             13       0.047832      0.0510043     0.00169237
             14        0.03672       0.049984     0.00186976
             15       0.053928      0.0502469     0.00176039
             16       0.047032       0.050046     0.00165891
             17       0.055668      0.0503767     0.00159298
             18       0.054676      0.0506156     0.00152075
             19       0.050664      0.0506181     0.00143849
             20       0.041472      0.0501608     0.00143925
              1        0.02952        0.02952              0
              2        0.03972        0.03462         0.0051
              3       0.046936      0.0387253      0.0050521
              4       0.049416       0.041398     0.00446151
              5        0.03616      0.0403504     0.00361116
              6       0.040524      0.0403793     0.00294864
              7        0.05428      0.0423651      0.0031865
              8       0.040528      0.0421355     0.00276913
              9       0.034136      0.0412467     0.00259886
             10        0.04618        0.04174     0.00237627
             11       0.057852      0.0432047     0.00260104
             12       0.043444      0.0432247      0.0023745
             13       0.043572      0.0432514     0.00218438
             14       0.044252      0.0433229     0.00202361
             15       0.056632      0.0442101     0.00208237
             16       0.046924      0.0443797     0.00195525
             17       0.043128      0.0443061     0.00183811
             18       0.025088      0.0432384     0.00203548
             19       0.044476      0.0433036     0.00192647
             20       0.053188      0.0437978     0.00189325
              1       0.045464       0.045464              0
              2       0.034204       0.039834        0.00563
              3       0.045152      0.0416067     0.00370243
              4       0.039672       0.041123     0.00266232
              5       0.034808        0.03986     0.00241825
              6       0.024996      0.0373827     0.00316793
              7       0.037984      0.0374686     0.00267877
              8       0.036688       0.037371     0.00232193
              9        0.03654      0.0372787     0.00204983
             10       0.037256      0.0372764     0.00183343
             11       0.039984      0.0375225     0.00167657
             12       0.043332      0.0380067     0.00160523
             13       0.037788      0.0379898     0.00147669
             14       0.051016      0.0389203     0.00165373
             15       0.043024      0.0391939     0.00156366
             16       0.034664      0.0389108     0.00148982
             17        0.03562      0.0387172     0.00141276
             18       0.040368      0.0388089     0.00133512
             19       0.040588      0.0389025     0.00126636
             20       0.031148      0.0385148     0.00126239
              1       0.027648       0.027648              0
              2       0.033244       0.030446       0.002798
              3       0.045616      0.0355027     0.00530843
              4       0.042876       0.037346     0.00418182
              5       0.025916        0.03506     0.00396464
              6       0.034924      0.0350373     0.00323719
              7       0.022472      0.0332423     0.00327223
              8       0.030268      0.0328705     0.00285812
              9       0.026184      0.0321276     0.00262783
             10       0.031412       0.032056      0.0023515
             11       0.029896      0.0318596     0.00213605
             12       0.029308       0.031647      0.0019615
             13       0.031368      0.0316255     0.00180445
             14       0.037352      0.0320346     0.00171994
             15       0.036724      0.0323472     0.00163141
             16       0.029736       0.032184     0.00153475
             17       0.037252      0.0324821     0.00147214
             18       0.039228      0.0328569     0.00143766
             19        0.03216      0.0328202     0.00136038
             20       0.027004      0.0325294     0.00132293
              1       0.026684       0.026684              0
              2       0.031928       0.029306       0.002622
              3       0.032404      0.0303387     0.00183249
              4       0.037612       0.032157     0.00223279
              5       0.033524      0.0324304     0.00175099
              6       0.042992      0.0341907     0.00226771
              7       0.027364      0.0332154     0.00215042
              8       0.039244       0.033969     0.00200901
              9       0.026056      0.0330898     0.00197793
             10         0.0293      0.0327108     0.00180925
             11       0.031784      0.0326265      0.0016387
             12       0.039444      0.0331947     0.00160017
             13       0.047364      0.0342846     0.00183156
             14       0.038968      0.0346191     0.00172838
             15       0.029416      0.0342723       0.001646
             16       0.032316        0.03415     0.00154453
             17        0.03122      0.0339776     0.00146104
             18       0.031556      0.0338431     0.00138404
             19       0.038672      0.0340973     0.00133361
             20       0.028532       0.033819     0.00129541
              1       0.032708       0.032708              0
              2       0.033104       0.032906       0.000198
              3       0.033344       0.033052    0.000185429
              4       0.026948       0.031526     0.00153162
              5       0.024308      0.0300824     0.00186856
              6       0.022432      0.0288073     0.00198833
              7       0.029136      0.0288543      0.0016811
              8       0.037572       0.029944     0.00181853
              9       0.026764      0.0295907     0.00164225
             10       0.017192      0.0283508      0.0019222
             11        0.03078      0.0285716     0.00175267
             12        0.02952      0.0286507     0.00160191
             13       0.025248      0.0283889     0.00149661
             14       0.031812      0.0286334       0.001407
             15       0.016724      0.0278395     0.00153169
             16       0.028952       0.027909     0.00143445
             17       0.033588      0.0282431     0.00138822
             18       0.025992       0.028118     0.00131479
             19       0.022124      0.0278025     0.00128306
             20       0.023916      0.0276082     0.00123263
