              1         79.807         79.807              0
              2        83.6825        81.7448        1.93774
              3        84.9248        82.8048        1.54119
              4        71.4858         79.975        3.03234
              5         80.345         80.049        2.35001
              6        79.1491         79.899        1.92463
              7        76.2622        79.3795        1.70756
              8        75.3268        78.8729        1.56315
              9        75.6371        78.5134        1.42468
             10        79.8087        78.6429        1.28084
             11        75.1675         78.327        1.20087
             12        75.1675        78.0637        1.12742
             13         78.729        78.1149        1.03834
             14        72.1756        77.6906        1.05076
             15        78.5564        77.7483       0.979904
             16         84.001        78.1391       0.996445
             17        78.8985        78.1838       0.937062
             18        74.8464        77.9984       0.902717
             19        88.3463         78.543        1.01279
             20        79.2749        78.5796       0.961512
              1        43.2394        43.2394              0
              2        47.1389        45.1892        1.94975
              3        47.3151        45.8978        1.33016
              4        37.7915        43.8713         2.2342
              5        52.0842        45.5138        2.38601
              6        47.6598        45.8715        1.98073
              7        42.6303        45.4085        1.73688
              8        39.3813        44.6551        1.68231
              9        44.5259        44.6407        1.48373
             10        39.2565        44.1023        1.43215
             11        47.9568        44.4527        1.34199
             12        47.8665        44.7372        1.25766
             13        36.3669        44.0933        1.32398
             14        40.8235        43.8598        1.24782
             15        45.4813        43.9679        1.16668
             16        49.8711        44.3368        1.15201
             17        46.1483        44.4434        1.08736
             18        47.6964        44.6241        1.04098
             19        47.7345        44.7878       0.998181
             20        40.9767        44.5973        0.96594
              1        22.3527        22.3527              0
              2        25.3078        23.8302        1.47758
              3        24.8634        24.1746       0.919969
              4        25.6295        24.5383        0.74529
              5        22.6491        24.1605       0.689956
              6        26.6667        24.5782       0.701314
              7        25.0047        24.6391       0.595843
              8        24.8339        24.6635       0.516589
              9        24.6428        24.6612       0.455595
             10        22.1089        24.4059       0.480825
             11        24.0932        24.3775       0.435851
             12        26.8913         24.587       0.449651
             13        19.9686        24.2317       0.545242
             14        28.2059        24.5156       0.579137
             15        26.7658        24.6656       0.559628
             16        23.6455        24.6019       0.527353
             17        26.0917        24.6895       0.503054
             18        24.4956        24.6787       0.474406
             19        24.2957        24.6586       0.449196
             20        24.4692        24.6491        0.42625
              1        16.0565        16.0565              0
              2        16.5382        16.2973        0.24082
              3        14.8187        15.8045       0.512122
              4        15.4513        15.7162       0.372734
              5        16.0164        15.7762       0.294895
              6        14.2263        15.5179       0.353135
              7        15.3582        15.4951       0.299325
              8         15.918        15.5479       0.264558
              9        14.2861        15.4077       0.272203
             10        14.8017        15.3471       0.250895
             11        16.4527        15.4476       0.248205
             12        14.0144        15.3282       0.256129
             13        15.6327        15.3516       0.236766
             14         14.794        15.3118       0.222792
             15        14.1869        15.2368       0.220549
             16        16.7807        15.3333       0.227756
             17        16.6339        15.4098       0.227207
             18        14.5968        15.3646       0.218923
             19        16.0154        15.3989       0.209894
             20        15.9882        15.4283       0.201291
              1        9.86939        9.86939              0
              2         8.7446          9.307       0.562391
              3        10.3934        9.66915       0.486396
              4        10.1674        9.79372       0.365798
              5         10.486        9.93216       0.315361
              6        10.6697        10.0551        0.28533
              7        10.1485        10.0684       0.241516
              8        10.5149        10.1242       0.216478
              9        10.3531        10.1497       0.192602
             10         9.8878        10.1235       0.174247
             11        11.0496        10.2077       0.178688
             12        11.2508        10.2946       0.184838
             13        9.03521        10.1977       0.195688
             14        10.1272        10.1927       0.181242
             15        10.5402        10.2159        0.17031
             16        11.0356        10.2671       0.167346
             17        10.6229         10.288       0.158582
             18        10.7197         10.312       0.151424
             19        10.6407        10.3293       0.144274
             20        9.39426        10.2826       0.144635
              1        7.59615        7.59615              0
              2        7.07981        7.33798       0.258172
              3        7.31232        7.32943       0.149301
              4        7.42316        7.35286       0.108141
              5        8.11226        7.50474       0.173447
              6        7.50325        7.50449       0.141619
              7        7.02446        7.43592       0.137943
              8        7.67745        7.46611       0.123218
              9        7.38025        7.45657       0.109086
             10        6.72179        7.38309       0.122143
             11        6.85596        7.33517       0.120427
             12        7.79346        7.37336       0.116379
             13        7.61582        7.39201       0.108666
             14        7.16394        7.37572       0.101916
             15        7.51808        7.38521      0.0953518
             16        7.32073        7.38118      0.0892845
             17        7.17596        7.36911      0.0847325
             18        7.33227        7.36706      0.0799128
             19        7.62344        7.38056      0.0767848
             20        7.76094        7.39957      0.0752864
              1        5.38743        5.38743              0
              2        5.49833        5.44288      0.0554509
              3        5.61579        5.50051       0.065932
              4        5.47327         5.4937       0.047116
              5        5.71787        5.53854      0.0578099
              6        6.05033        5.62384      0.0974888
              7        5.76825        5.64447      0.0849366
              8        5.57764        5.63611      0.0740301
              9        6.14439        5.69259      0.0863254
             10          5.413        5.66463       0.082118
             11        5.67703        5.66576      0.0742871
             12        6.24038        5.71364      0.0830169
             13        5.28249        5.68048      0.0832553
             14        5.81388        5.69001      0.0776663
             15        5.54065        5.68005      0.0729858
             16          5.181        5.64886      0.0750592
             17         5.1741        5.62093      0.0758353
             18        5.51116        5.61483      0.0717578
             19        6.30455        5.65113      0.0769734
             20        5.81393        5.65927      0.0734756
              1        4.40509        4.40509              0
              2        4.57825        4.49167        0.08658
              3        4.31791        4.43375      0.0765094
              4        4.25976        4.39025      0.0694183
              5        4.66257        4.44472      0.0765344
              6        4.71942         4.4905      0.0774673
              7        4.48423         4.4896       0.065478
              8        4.49984        4.49088        0.05672
              9        4.13579        4.45143      0.0637095
             10        4.52877        4.45916       0.057506
             11        4.75863        4.48639      0.0587099
             12        4.51406        4.48869      0.0536441
             13        4.17947        4.46491      0.0547794
             14        4.33115        4.45535       0.051608
             15         4.3226         4.4465      0.0488527
             16        4.44847        4.44663      0.0456977
             17        4.18123        4.43101      0.0456763
             18        4.10526        4.41292      0.0467122
             19        4.21889         4.4027        0.04535
             20        4.50764        4.40795      0.0433415
              1        3.58326        3.58326              0
              2        3.59311        3.58818     0.00492308
              3        3.55089        3.57575      0.0127536
              4        3.50089        3.55704      0.0207743
              5        3.48236         3.5421      0.0219551
              6        3.80417        3.58578      0.0472141
              7        3.62548        3.59145      0.0403042
              8        3.68543         3.6032      0.0368284
              9        3.52722        3.59476      0.0335588
             10        3.69677        3.60496      0.0317021
             11        3.51057        3.59638      0.0299319
             12        3.58396        3.59534      0.0273435
             13        3.81735        3.61242      0.0304022
             14        3.55994        3.60867      0.0283955
             15        3.72296        3.61629      0.0275109
             16        3.61583        3.61626      0.0257341
             17        3.54595        3.61213      0.0245242
             18        3.50599        3.60623      0.0238617
             19        3.59296        3.60553      0.0225817
             20        3.62558        3.60653      0.0214463
              1         2.9186         2.9186              0
              2        2.93615        2.92737     0.00877429
              3        2.92034        2.92503     0.00558257
              4        2.87751        2.91315      0.0125187
              5        2.96342         2.9232      0.0139681
              6        2.99305        2.93484      0.0162971
              7        3.06156        2.95295      0.0227466
              8        3.09374        2.97055      0.0264154
              9         2.9621        2.96961      0.0233151
             10        3.13055         2.9857      0.0263423
             11        2.90155        2.97805      0.0250255
             12        2.79331        2.96266      0.0275481
             13        2.88287        2.95652      0.0260731
             14        3.01961        2.96103      0.0245561
             15        2.80645        2.95072      0.0250757
             16        2.83778        2.94366      0.0244953
             17        2.96492        2.94491      0.0230433
             18        3.00193        2.94808      0.0219551
             19        3.05715        2.95382      0.0215463
             20        2.92625        2.95244      0.0204871
              1        2.42416        2.42416              0
              2        2.57437        2.49927      0.0751067
              3        2.58202        2.52685      0.0513923
              4         2.5162        2.52419      0.0364373
              5        2.58323          2.536      0.0305951
              6        2.43309        2.51885      0.0303014
              7        2.53038        2.52049      0.0256624
              8        2.54295         2.5233      0.0224008
              9        2.54566        2.52578      0.0199112
             10        2.64914        2.53812      0.0216638
             11        2.58724        2.54259       0.020098
             12        2.64362          2.551      0.0201866
             13        2.54289        2.55038      0.0185794
             14        2.58517        2.55287      0.0173798
             15        2.61303        2.55688      0.0166696
             16        2.58276        2.55849      0.0156767
             17        2.47444        2.55355      0.0155335
             18        2.62263        2.55739      0.0151397
             19        2.56875        2.55799      0.0143332
             20        2.54814        2.55749      0.0136066
              1        2.08664        2.08664              0
              2        2.21948        2.15306        0.06642
              3        2.25372        2.18661      0.0509534
              4        2.20527        2.19128      0.0363302
              5         2.2181        2.19664      0.0286481
              6        2.23922        2.20374      0.0244441
              7        2.23679        2.20846      0.0211917
              8        2.09017        2.19367      0.0235676
              9        2.24963        2.19989      0.0216948
             10        2.30639        2.21054       0.022135
             11        2.12683        2.20293      0.0214194
             12        2.21482        2.20392      0.0195783
             13        2.32604        2.21332      0.0203122
             14        2.22274        2.21399      0.0188175
             15        2.24338        2.21595      0.0176273
             16        2.12737        2.21041      0.0173934
             17        2.25545        2.21306      0.0165517
             18        2.17211        2.21079      0.0157701
             19        2.18042        2.20919      0.0150024
             20        2.16073        2.20677      0.0144373
              1        1.89078        1.89078              0
              2        1.90626        1.89852     0.00774118
              3        1.94568        1.91424      0.0163453
              4        1.94724        1.92249      0.0142006
              5        1.84504          1.907      0.0189984
              6        1.91591        1.90848      0.0155829
              7        1.87611        1.90386      0.0139585
              8        1.88059        1.90095      0.0124335
              9         1.9147        1.90248      0.0110713
             10        1.90264        1.90249     0.00990245
             11        1.95627        1.90738      0.0102045
             12        1.94978        1.91092     0.00996286
             13        1.87318        1.90801      0.0096132
             14        1.86914        1.90524      0.0093231
             15         1.9009        1.90495     0.00868414
             16        1.92269        1.90606     0.00819862
             17        1.93671        1.90786     0.00790947
             18        1.91159        1.90807        0.00746
             19          2.018        1.91385     0.00912543
             20        1.90691        1.91351      0.0086641
              1        1.60347        1.60347              0
              2        1.69753         1.6505      0.0470311
              3         1.6924        1.66447      0.0305359
              4        1.66876        1.66554      0.0216187
              5        1.64937        1.66231       0.017055
              6        1.66708         1.6631      0.0139481
              7        1.67488        1.66479      0.0119079
              8        1.69164        1.66814      0.0108451
              9        1.64307        1.66536     0.00996191
             10        1.68997        1.66782     0.00924388
             11        1.67736        1.66868     0.00840624
             12        1.71081         1.6722     0.00843875
             13        1.75741        1.67875      0.0101599
             14        1.67465        1.67846     0.00941078
             15        1.66806        1.67776     0.00878832
             16        1.69669        1.67895     0.00830542
             17        1.69744        1.68004     0.00787702
             18        1.76442        1.68472     0.00878236
             19        1.71295        1.68621     0.00843909
             20        1.71669        1.68773     0.00814983
              1        1.49157        1.49157              0
              2        1.50509        1.49833     0.00675579
              3        1.52542        1.50736     0.00983719
              4        1.52554        1.51191     0.00830854
              5        1.47688         1.5049     0.00951324
              6        1.49585        1.50339     0.00791251
              7         1.5182        1.50551     0.00701402
              8        1.51581        1.50679     0.00620924
              9        1.56576        1.51335     0.00853883
             10        1.48749        1.51076     0.00806303
             11        1.54488        1.51386     0.00792559
             12        1.56949         1.5185     0.00859289
             13        1.51812        1.51847     0.00790437
             14        1.51384        1.51814     0.00732549
             15        1.51491        1.51792     0.00682306
             16        1.46105        1.51437     0.00730555
             17        1.49798        1.51341     0.00692973
             18        1.49405        1.51233     0.00662127
             19        1.50706        1.51205     0.00626923
             20        1.53086        1.51299     0.00602139
              1        1.38881        1.38881              0
              2        1.34217        1.36549       0.023318
              3        1.35718        1.36272      0.0137449
              4        1.31439        1.35064      0.0155065
              5        1.34151        1.34881      0.0121493
              6        1.36772        1.35196      0.0104082
              7        1.34444        1.35089     0.00886201
              8        1.34907        1.35066     0.00767807
              9        1.33695        1.34914      0.0069406
             10        1.36657        1.35088     0.00644795
             11        1.34307        1.35017     0.00587542
             12        1.39156        1.35362     0.00637702
             13        1.34584        1.35302     0.00589648
             14        1.38573        1.35536     0.00593809
             15        1.34887        1.35492     0.00554494
             16        1.35321        1.35482     0.00518792
             17        1.38164         1.3564     0.00512226
             18         1.3467        1.35586     0.00485926
             19        1.37554        1.35689     0.00471175
             20        1.33517        1.35581     0.00460005
