           1    -0.42265    -0.42265           0
           2   -0.415808   -0.419229   0.0034212
           3    -0.41009   -0.416183  0.00363066
           4   -0.419827   -0.417094  0.00272418
           5   -0.422665   -0.418208   0.0023863
           6   -0.413362     -0.4174  0.00210919
           7   -0.412586   -0.416713  0.00191068
           8   -0.410283   -0.415909  0.00183956
           9   -0.404949   -0.414691  0.00202851
          10   -0.419455   -0.415168  0.00187585
          11   -0.417401   -0.415371  0.00170888
          12   -0.411638    -0.41506  0.00159069
          13   -0.424773   -0.415807  0.00164296
          14   -0.419911     -0.4161  0.00154909
          15   -0.414878   -0.416018  0.00144442
          16   -0.421978   -0.416391  0.00140152
          17    -0.40708   -0.415843   0.0014259
          18   -0.414543   -0.415771  0.00134629
          19   -0.417228   -0.415848  0.00127577
          20   -0.412515   -0.415681  0.00122172
          21   -0.414404    -0.41562  0.00116367
          22   -0.422929   -0.415952  0.00115819
          23    -0.42007   -0.416131  0.00112108
          24   -0.424515   -0.416481  0.00112876
          25   -0.418154   -0.416548  0.00108473
          26    -0.40905   -0.416259  0.00108134
          27   -0.407862   -0.415948    0.001086
          28   -0.413954   -0.415877  0.00104892
          29   -0.414895   -0.415843  0.00101267
          30    -0.41059   -0.415668 0.000993881
          31   -0.412542   -0.415567 0.000966561
          32   -0.415643    -0.41557 0.000935872
          33   -0.414304   -0.415531 0.000907879
          34   -0.416789   -0.415568 0.000881549
          35   -0.419473    -0.41568 0.000863232
          36   -0.411763   -0.415571 0.000845938
          37   -0.410542   -0.415435 0.000833909
          38   -0.411331   -0.415327 0.000818821
          39   -0.408402    -0.41515 0.000817076
          40   -0.403008   -0.414846 0.000852271
          41   -0.407982   -0.414679 0.000847915
          42   -0.424644   -0.414916 0.000860826
          43   -0.405726   -0.414702 0.000867311
          44   -0.410801   -0.414614 0.000851997
          45   -0.411239   -0.414539 0.000836218
          46   -0.413364   -0.414513 0.000818236
          47   -0.403083    -0.41427 0.000836759
          48   -0.407081    -0.41412  0.00083272
          49   -0.433582   -0.414517 0.000907124
          50   -0.419007   -0.414607  0.00089332
          51   -0.396752   -0.414257 0.000943023
          52   -0.413098   -0.414235 0.000924979
          53   -0.410511   -0.414164 0.000910074
          54   -0.415997   -0.414198 0.000893707
          55   -0.418973   -0.414285 0.000881592
          56   -0.427509   -0.414521 0.000897335
          57   -0.412633   -0.414488 0.000882074
          58   -0.406172   -0.414345 0.000878513
          59   -0.412652   -0.414316 0.000863971
          60   -0.421972   -0.414444  0.00085898
          61   -0.414673   -0.414447 0.000844789
          62   -0.422936   -0.414584 0.000842255
          63   -0.419715   -0.414666 0.000832769
          64   -0.415451   -0.414678 0.000819745
          65   -0.416146   -0.414701 0.000807351
          66    -0.41252   -0.414668  0.00079571
          67   -0.423673   -0.414802 0.000795185
          68   -0.401767    -0.41461 0.000806517
          69   -0.409158   -0.414531  0.00079866
          70   -0.412213   -0.414498 0.000787865
          71   -0.417159   -0.414536 0.000777592
          72   -0.415738   -0.414552 0.000766898
          73   -0.417236   -0.414589 0.000757213
          74   -0.413696   -0.414577 0.000747007
          75   -0.413269    -0.41456 0.000737186
          76   -0.416059   -0.414579 0.000727689
          77   -0.420331   -0.414654 0.000722051
          78   -0.421022   -0.414736 0.000717395
          79   -0.404212   -0.414602 0.000720674
          80   -0.399423   -0.414413 0.000736469
          81   -0.428224   -0.414583 0.000747039
          82   -0.414613   -0.414584 0.000737872
          83   -0.420885   -0.414659 0.000732871
          84   -0.425747   -0.414791 0.000736025
          85   -0.417197    -0.41482 0.000727865
          86   -0.416673   -0.414841 0.000719674
          87   -0.414202   -0.414834 0.000711392
          88   -0.409643   -0.414775 0.000705731
          89   -0.407532   -0.414694 0.000702487
          90   -0.403023   -0.414564 0.000706638
          91   -0.410113   -0.414515 0.000700539
          92   -0.416279   -0.414534 0.000693148
          93   -0.412878   -0.414516 0.000685885
          94   -0.408175   -0.414449 0.000681894
          95   -0.410203   -0.414404 0.000676157
          96   -0.423519   -0.414499  0.00067578
          97   -0.420957   -0.414566 0.000672082
          98   -0.420205   -0.414623 0.000667673
          99   -0.422365   -0.414702 0.000665504
         100   -0.410174   -0.414656  0.00066037
