           0           0           0
    0.064633           0           0
    0.129266           0           0
    0.193899           0           0
    0.258532           0           0
    0.323165           0           0
    0.387798           0           0
    0.452431           0           0
    0.517064           0           0
    0.581697           0           0
     0.64633           0           0
    0.710963           0           0
    0.775596           0           0
     0.84023           0           0
    0.904863    0.152235    0.030442
    0.969496     1.47767    0.103764
     1.03413     2.92874    0.135562
     1.09876      3.0503    0.117197
     1.16339     2.78905   0.0984316
     1.22803     2.57927   0.0961707
     1.29266     2.02565   0.0834314
     1.35729     1.99588   0.0780436
     1.42193     1.73908   0.0726714
     1.48656     1.57844   0.0650336
     1.55119     1.62437   0.0538822
     1.61583     1.56214   0.0573444
     1.68046     1.47342   0.0543035
     1.74509     1.42018   0.0550294
     1.80973     1.41366    0.050285
     1.87436      1.3529   0.0483101
     1.93899     1.38454   0.0456451
     2.00362     1.42711    0.046515
     2.06826       1.455   0.0470143
     2.13289     1.44855   0.0432295
     2.19752     1.38047   0.0440794
     2.26216      1.4135   0.0440163
     2.32679     1.40813   0.0449449
     2.39142     1.34231   0.0360154
     2.45606     1.37659   0.0328177
     2.52069     1.34415   0.0376888
     2.58532     1.38685   0.0347367
     2.64995     1.41715   0.0357085
     2.71459     1.33997   0.0318136
     2.77922     1.33368   0.0331084
     2.84385     1.31778    0.030639
     2.90849     1.36735   0.0364182
     2.97312      1.3812     0.02683
     3.03775     1.34623   0.0306787
     3.10239      1.4039   0.0284926
     3.16702     1.32281   0.0255916
     3.23165     1.34113   0.0244761
     3.29629     1.34827   0.0239544
     3.36092      1.3143    0.028051
     3.42555     1.31749   0.0249536
     3.49018     1.33574   0.0241121
     3.55482     1.35892    0.025228
     3.61945     1.31033   0.0279224
     3.68408      1.3347   0.0268597
     3.74872     1.35666   0.0259958
     3.81335     1.30979    0.023278
     3.87798     1.35513    0.025019
     3.94262     1.32643   0.0221862
     4.00725     1.32456   0.0205881
     4.07188     1.30158   0.0219695
     4.13651     1.28567   0.0215278
     4.20115      1.3261   0.0209517
     4.26578       1.327   0.0219654
     4.33041      1.3426   0.0185955
     4.39505     1.30896    0.020232
     4.45968     1.30742   0.0198855
     4.52431     1.32769   0.0208696
     4.58895     1.37594   0.0209836
     4.65358     1.33021   0.0208103
     4.71821     1.34222   0.0172291
     4.78285     1.32688    0.020611
     4.84748     1.33129     0.01848
     4.91211      1.3084   0.0172154
     4.97674     1.31411   0.0161652
     5.04138     1.32241   0.0149698
     5.10601     1.32758   0.0157121
     5.17064     1.31502   0.0181887
     5.23528     1.31888   0.0184665
     5.29991     1.30036     0.01768
     5.36454     1.31115   0.0155102
     5.42918     1.27602   0.0157599
     5.49381     1.27979   0.0167537
     5.55844     1.31418    0.014047
     5.62307     1.31416   0.0176759
     5.68771     1.32588   0.0146187
     5.75234     1.31768   0.0159314
     5.81697     1.32372   0.0153565
     5.88161     1.29895   0.0153495
     5.94624     1.32068   0.0144227
     6.01087     1.33421   0.0154682
     6.07551      1.3234   0.0156822
     6.14014     1.29152   0.0132187
     6.20477     1.29709   0.0134843
      6.2694     1.33033   0.0142946
     6.33404     1.30165   0.0136607
     6.39867     1.31472   0.0139127
