-0.123537
-0.158475
-0.255152
-0.25739
-0.251952
-0.335542
-0.385114
-0.398724
-0.362363
-0.416688
-0.36187
-0.395975
-0.369988
-0.356662
-0.406744
-0.394528
-0.410762
-0.389174
-0.400885
-0.471564
-0.404256
-0.489536
-0.448033
-0.46859
-0.449807
-0.440315
-0.388089
-0.373081
-0.374692
-0.362779
-0.36346
-0.360895
-0.330482
-0.34781
-0.345288
-0.307026
-0.348742
-0.355602
-0.345616
-0.364847
-0.393962
-0.402212
-0.327737
-0.329972
-0.316814
-0.288672
-0.265603
-0.311227
-0.295058
-0.339939
-0.358284
-0.383401
-0.343977
-0.332832
-0.383062
-0.373177
-0.390199
-0.347956
-0.417672
-0.383851
-0.36876
-0.39239
-0.420701
-0.382601
-0.388911
-0.405715
-0.437554
-0.428882
-0.442297
-0.416879
-0.386663
-0.402481
-0.384832
-0.381278
-0.428161
-0.456794
-0.442388
-0.471556
-0.445514
-0.426084
-0.391725
-0.395753
-0.411706
-0.368372
-0.372272
-0.470812
-0.419662
-0.417152
-0.374482
-0.421034
-0.418624
-0.407264
-0.418928
-0.403055
-0.375119
-0.42752
-0.408739
-0.411191
-0.404788
-0.390858
-0.434793
-0.445801
-0.436883
-0.39627
-0.382906
-0.369426
-0.35702
-0.399919
-0.354184
-0.385386
-0.448668
-0.40414
-0.43312
-0.45203
-0.463886
-0.351223
-0.271272
-0.318862
-0.291133
-0.27713
-0.310598
-0.319466
-0.356969
-0.411265
-0.361798
-0.363204
-0.375814
-0.371073
-0.382108
-0.417406
-0.343346
-0.375635
-0.373849
-0.3791
-0.390978
-0.4163
-0.373686
-0.343478
-0.359683
-0.387629
-0.373343
-0.36138
-0.365365
-0.421155
-0.367039
-0.417787
-0.390755
-0.387396
-0.395165
-0.413285
-0.461603
-0.43497
-0.421319
-0.439692
-0.411874
-0.463868
-0.435924
-0.406618
-0.344886
-0.400552
-0.452832
-0.448506
-0.401531
-0.376693
-0.415805
-0.418164
-0.435514
-0.482952
-0.577429
-0.525327
-0.4515
-0.403728
-0.397702
-0.358457
-0.362331
-0.396594
-0.397796
-0.350094
-0.412148
-0.425667
-0.368257
-0.368349
-0.35172
-0.396344
-0.394322
-0.399946
-0.434964
-0.407755
-0.439623
-0.417055
-0.394517
-0.377426
-0.383963
-0.363869
-0.397543
-0.414963
-0.366575
-0.373077
-0.360533
-0.357596
-0.387211
-0.37031
-0.386977
-0.390238
-0.382313
-0.358953
-0.349792
-0.374725
-0.412597
-0.395524
-0.382345
-0.407322
-0.356243
-0.346907
-0.408487
-0.439069
-0.408471
-0.424553
-0.411405
-0.391947
-0.403447
-0.358179
-0.412961
-0.425618
-0.401266
-0.448388
-0.453076
-0.369712
-0.398038
-0.393301
-0.374141
-0.371959
-0.366643
-0.386599
-0.409779
-0.345233
-0.350234
-0.36552
-0.332104
-0.336131
-0.318543
-0.335393
-0.341732
-0.382417
-0.406419
-0.356125
-0.34202
-0.395272
-0.386579
-0.417378
-0.397709
-0.32552
-0.318372
-0.32374
-0.351766
-0.394669
-0.388346
-0.361205
-0.335971
-0.322369
-0.334204
-0.389421
-0.373495
-0.350842
-0.336794
-0.357148
-0.360003
-0.334371
-0.346418
-0.386514
-0.399137
-0.402258
-0.358194
-0.33191
-0.408136
-0.528221
-0.521817
-0.496824
-0.468154
-0.499919
-0.471713
-0.502966
-0.472994
-0.508905
-0.403645
-0.47788
-0.467407
-0.391768
-0.46829
-0.459124
-0.386406
-0.384769
-0.331472
-0.347701
-0.309061
-0.322954
-0.342415
-0.373392
-0.415509
-0.409928
-0.411031
-0.469123
-0.489879
-0.467528
-0.474867
-0.492538
-0.456501
-0.391575
-0.40234
-0.40589
-0.443275
-0.462413
-0.472325
-0.369883
-0.430808
-0.404204
-0.436821
-0.400666
-0.347351
-0.442647
-0.390136
-0.431544
-0.427386
-0.450382
-0.401575
-0.451415
-0.424595
-0.465023
-0.474943
-0.462311
-0.455744
-0.438026
-0.409863
-0.408358
-0.384965
-0.392945
-0.405119
-0.388806
-0.373269
-0.39557
-0.355132
-0.354157
-0.394076
-0.40551
-0.450741
-0.425393
-0.449574
-0.445766
-0.454824
-0.433431
-0.431893
-0.451948
-0.425861
-0.420873
-0.462693
-0.431021
-0.430924
-0.412816
-0.429006
-0.430007
-0.457335
-0.436064
-0.4629
-0.432178
-0.401226
-0.334016
-0.337124
-0.369726
-0.399396
-0.400089
-0.341991
-0.312531
-0.330733
-0.330152
-0.327262
-0.376587
-0.386603
-0.464339
-0.432864
-0.408895
-0.405931
-0.406244
-0.418753
-0.478662
-0.46725
-0.366488
-0.396883
-0.398542
-0.414283
-0.409083
-0.432928
-0.445627
-0.462746
-0.433247
-0.39956
-0.383147
-0.43008
-0.383287
-0.380496
-0.404815
-0.416567
-0.407429
-0.413211
-0.412451
-0.393259
-0.386389
-0.38348
-0.424996
-0.387134
-0.455178
-0.423077
-0.38993
-0.344933
-0.349613
-0.346077
-0.387957
-0.41583
-0.362762
-0.377195
-0.438774
-0.443208
-0.405104
-0.374149
-0.431804
-0.401239
-0.403117
-0.373851
-0.395466
-0.36348
-0.373251
-0.380857
-0.417546
-0.409224
-0.3582
-0.332502
-0.287522
-0.278867
-0.310294
-0.336842
-0.358759
-0.376843
-0.318428
-0.308268
-0.363224
-0.314062
-0.341403
-0.288456
-0.330534
-0.326141
-0.392017
-0.416678
-0.36677
-0.399935
-0.344461
-0.355673
-0.385938
-0.40661
-0.369729
-0.385854
-0.420831
-0.438601
-0.389666
-0.386456
-0.37326
-0.395448
-0.428348
-0.45007
-0.454561
-0.455728
-0.444045
-0.41534
-0.504907
-0.421829
-0.397916
-0.413708
-0.338027
-0.328766
-0.426793
-0.445609
-0.381825
-0.358698
-0.394348
-0.440537
-0.466229
-0.385832
-0.36286
-0.370475
-0.375334
-0.396222
-0.414818
-0.455947
-0.454756
-0.402273
-0.387065
-0.468758
-0.464935
-0.514816
-0.466759
-0.489357
-0.463124
