0.0526554
0.0477636
0.042285
0.053782
0.0601418
0.0524506
0.0585555
0.0472824
0.0459168
0.044874
0.0575604
0.0430495
0.0445676
0.0510542
0.0437954
0.0505494
0.0567522
0.0509538
0.0490286
0.0552932
0.0540349
0.044024
0.056136
0.0499094
0.051044
0.0501774
0.0506353
0.0434344
0.0504417
0.0513256
0.0560344
0.0478091
0.0598376
0.0536576
0.0498136
0.0605689
0.0467239
0.0447639
0.0484493
0.0557662
0.0477766
0.0602177
0.0529373
0.0429202
0.0427678
0.0513101
0.0495494
0.0539095
0.0557856
0.0501522
0.0547196
0.0506136
0.0572651
0.0445948
0.0425247
0.0513481
0.0562567
0.0526185
0.0527394
0.0474179
0.0602429
0.0522561
0.0514939
0.0431487
0.0569457
0.0506093
0.0451251
0.0405479
0.0384976
0.0316129
0.0408676
0.0385686
0.0406492
0.0461488
0.0392435
0.0374355
0.0444502
0.0421945
0.0450694
0.0439091
0.0518458
0.0482891
0.04501
0.0658043
0.0677658
0.0392336
0.0429023
0.0550482
0.0528196
0.0527041
0.0463792
0.0529056
0.0482193
0.0479407
0.0500091
0.0387187
0.0410523
0.0504962
0.0521069
0.0412808
0.0555212
0.0408025
0.0455671
0.0435395
0.0442063
0.0517713
0.0542726
0.0424731
0.0526099
0.06509
0.0451859
0.0396625
0.0511942
0.0430398
0.037982
0.0398542
0.10157
0.0682309
0.0626617
0.0618871
0.0527104
0.0562361
0.047741
0.0510458
0.0573277
0.0524855
0.0486799
0.0584097
0.0628371
0.0492028
0.0494305
0.0461636
0.0578555
0.0586595
0.0540004
0.0549853
0.046288
0.0490059
0.0536769
0.0515062
0.0484153
0.0539401
0.0506116
0.036761
0.0665209
0.0479785
0.0441666
0.0428853
0.0430153
0.0693264
0.0491216
0.0462528
0.0404301
0.0385363
0.0532135
0.0377516
0.0382896
0.0507388
0.0606983
0.0424642
0.034493
0.053453
0.0610124
0.0643447
0.0587772
0.0555028
0.053218
0.046455
0.0414999
0.0426863
0.0386523
0.0546818
0.042109
0.0539166
0.0478794
0.03717
0.0382176
0.0480658
0.037353
0.0319723
0.0477464
0.0591246
0.0571924
0.0519229
0.0514692
0.0445971
0.0520645
0.0460211
0.0451475
0.0500521
0.0513667
0.0471788
0.0603453
0.0674032
0.0500109
0.0513398
0.0422173
0.0406364
0.0497851
0.0512107
0.0472135
0.0469831
0.0415367
0.0496634
0.0580569
0.0630505
0.0509214
0.0514526
0.055464
0.0432686
0.0374539
0.050723
0.0575912
0.0553067
0.0411375
0.0396874
0.0510046
0.0366034
0.0474012
0.0574553
0.0539598
0.0697198
0.0429958
0.0455749
0.0552985
0.0556592
0.0601031
0.0592284
0.0477939
0.0513552
0.0529135
0.0507304
0.0349246
0.0381659
0.0409875
0.0469165
0.0460058
0.0424485
0.052389
0.0472699
0.0413101
0.0458363
0.0401265
0.0427889
0.0374164
0.0467683
0.0542436
0.0423816
0.0460257
0.0418247
0.0365972
0.0605999
0.0485284
0.047238
0.0604422
0.0452802
0.0561669
0.0547974
0.0445104
0.0429609
0.0505678
0.0565725
0.0629701
0.0568162
0.0550822
0.0504193
0.0530061
0.0467526
0.0475929
0.0424877
0.0420044
0.0411937
0.0567422
0.0687244
0.0509231
0.0405384
0.0485407
0.0454766
0.046587
0.0388463
0.0527665
0.0413615
0.0453606
0.0418415
0.0429437
0.038175
0.0385285
0.0674156
0.051986
0.0468478
0.0412092
0.039578
0.0369572
0.0396344
0.0593887
0.0534642
0.0550784
0.0539545
0.0466939
0.0532244
0.042897
0.0484558
0.0500483
0.0526836
0.0532455
0.0485828
0.0466993
0.0360982
0.0439974
0.0497221
0.0563993
0.0443952
0.0545942
0.0844796
0.0624566
0.0541568
0.0565292
0.0411721
0.0424775
0.0382395
0.0530993
0.0410581
0.052328
0.0552463
0.0505486
0.048898
0.0498488
0.0475174
0.0588605
0.0623895
0.0486772
0.0464923
0.045173
0.0444048
0.0382843
0.0487608
0.0454174
0.0429503
0.0405626
0.0424535
0.0386814
0.0449066
0.045601
0.038073
0.042905
0.0580543
0.0516089
0.0509894
0.0531574
0.0576469
0.0525062
0.0433659
0.0522557
0.0506746
0.048459
0.0581999
0.0655647
0.055391
0.0555222
0.0412681
0.0365522
0.035917
0.0418047
0.0403704
0.0437768
0.042106
0.0515432
0.0467374
0.0485432
0.0407193
0.0636181
0.0549392
0.0413905
0.0434769
0.0561384
0.0392846
0.0419241
0.0409234
0.041865
0.0561361
0.0515186
0.0498931
0.0508615
0.0472171
0.0438296
0.0586861
0.0503636
0.0365943
0.0470961
0.0653718
0.0558941
0.0545883
0.0508086
0.0525424
0.0540753
0.0565266
0.0544261
0.0504861
0.0483439
0.0520297
0.0416882
0.0492499
0.0459945
0.0424103
0.0499625
0.0511516
0.0574259
0.0500937
0.048842
0.0428928
0.0550905
0.065371
0.0510259
0.0519046
0.0541303
0.0441847
0.0447178
0.0453269
0.0408515
0.0451108
0.0457782
0.0442547
0.0554685
0.0468895
0.0477284
0.0440104
0.0424477
0.0438726
0.0400697
0.0404193
0.0450131
0.0404791
0.0461383
0.0463808
0.0442974
0.0402006
0.0471316
0.0453477
0.04732
0.0553261
0.0514744
0.0552974
0.0459367
0.0430425
0.0444589
0.0469352
0.0634453
0.0580293
0.0573586
0.0469921
0.0454208
0.0652914
0.0500843
0.0458567
0.040386
0.0464638
0.0433577
0.0584731
0.0628417
0.0573518
0.0514214
0.0551785
0.0461866
0.0518007
0.0471635
0.0412498
0.0478463
0.0469219
0.0382819
0.0407422
0.063086
0.0489424
0.0542909
0.0534632
0.0541385
0.0505499
0.0642516
0.0419448
0.0405719
0.0414462
0.0558201
0.0613168
0.0534563
0.0473291
0.0560495
0.0522591
0.050228
0.0476691
0.0450146
0.0347629
0.0417359
0.0449732
0.0565114
0.0497219
0.0371756
0.0510092
0.0504126
0.0575979
0.0629504
0.0502435
