           1   0.0486641   0.0486641           0
           2    0.049621   0.0491425 0.000478456
           3   0.0485804   0.0489551 0.000333792
           4   0.0488836   0.0489373 0.000236703
           5   0.0491954   0.0489889  0.00019048
           6   0.0489885   0.0489888 0.000155526
           7   0.0487071   0.0489486 0.000137466
           8   0.0484869   0.0488909 0.000132301
           9   0.0492325   0.0489288 0.000122697
          10   0.0488536   0.0489213 0.000110001
          11   0.0489242   0.0489216    9.95e-05
          12   0.0494099   0.0489623 9.95315e-05
          13   0.0487757   0.0489479 9.26737e-05
          14   0.0494126   0.0489811  9.1997e-05
          15    0.048438   0.0489449 9.29844e-05
          16   0.0489731   0.0489467 8.69967e-05
          17   0.0490546    0.048953 8.19653e-05
          18   0.0492503   0.0489695  7.9023e-05
          19    0.049116   0.0489772 7.51447e-05
          20   0.0490426   0.0489805 7.13634e-05
          21   0.0486767    0.048966 6.94044e-05
          22   0.0487806   0.0489576 6.67092e-05
          23   0.0483061   0.0489293 6.97541e-05
          24   0.0491429   0.0489382  6.7375e-05
          25   0.0483436   0.0489144 6.88606e-05
          26   0.0488677   0.0489126 6.61834e-05
          27   0.0494415   0.0489322   6.663e-05
          28   0.0490231   0.0489354 6.42882e-05
          29   0.0494581   0.0489535 6.45971e-05
          30   0.0484149   0.0489355 6.49372e-05
          31   0.0494231   0.0489512 6.47471e-05
          32   0.0495071   0.0489686 6.50536e-05
          33    0.049439   0.0489829 6.46429e-05
          34   0.0485433   0.0489699 6.40313e-05
          35   0.0484611   0.0489554  6.3852e-05
          36     0.04897   0.0489558 6.20543e-05
          37   0.0494621   0.0489695 6.18855e-05
          38   0.0488197   0.0489655 6.03638e-05
          39   0.0496144   0.0489822 6.11045e-05
          40   0.0497546   0.0490015 6.26092e-05
          41   0.0489114   0.0489993 6.11026e-05
          42   0.0487624   0.0489937 5.98961e-05
          43    0.049101   0.0489962 5.85398e-05
          44   0.0491809   0.0490004 5.73479e-05
          45   0.0491767   0.0490043 5.61958e-05
          46   0.0485253   0.0489939 5.59382e-05
          47   0.0492495   0.0489993 5.50046e-05
          48   0.0495333   0.0490104 5.49838e-05
          49   0.0481214   0.0489923 5.68245e-05
          50   0.0491409   0.0489952 5.57557e-05
          51   0.0494201   0.0490036 5.52827e-05
          52   0.0486989   0.0489977 5.45248e-05
          53   0.0492629   0.0490027 5.37197e-05
          54   0.0484842   0.0489931  5.3583e-05
          55   0.0487209   0.0489882  5.2832e-05
          56   0.0491541   0.0489911 5.19646e-05
          57   0.0489559   0.0489905 5.10486e-05
          58   0.0493343   0.0489964 5.05096e-05
          59   0.0497943     0.04901 5.14549e-05
          60    0.049047   0.0490106 5.05938e-05
          61   0.0492861   0.0490151 4.99621e-05
          62    0.048706   0.0490101 4.94018e-05
          63   0.0491173   0.0490118 4.86411e-05
          64   0.0486286   0.0490058 4.82481e-05
          65   0.0482344    0.048994 4.89601e-05
          66   0.0491517   0.0489964 4.82718e-05
          67   0.0488731   0.0489945 4.75814e-05
          68   0.0492949   0.0489989 4.70842e-05
          69   0.0492193   0.0490021 4.65066e-05
          70   0.0482866   0.0489919 4.69633e-05
          71    0.049255   0.0489956 4.64452e-05
          72   0.0492585   0.0489993 4.59409e-05
          73   0.0482515    0.048989 4.64508e-05
          74   0.0494904   0.0489958  4.6317e-05
          75   0.0491485   0.0489978 4.57407e-05
          76   0.0488554    0.048996 4.51737e-05
          77    0.049183   0.0489984 4.46493e-05
          78   0.0488317   0.0489962 4.41249e-05
          79   0.0494077   0.0490015 4.38731e-05
          80   0.0489668    0.049001 4.33233e-05
          81   0.0494909   0.0490071 4.32105e-05
          82    0.049449   0.0490125 4.30193e-05
          83   0.0490174   0.0490125 4.24978e-05
          84   0.0484752   0.0490061 4.24733e-05
          85   0.0482338    0.048997  4.2943e-05
          86   0.0486253   0.0489927 4.26602e-05
          87   0.0490143    0.048993 4.21677e-05
          88   0.0495849   0.0489997 4.22251e-05
          89   0.0492413   0.0490024 4.18361e-05
          90    0.048956   0.0490019 4.13719e-05
          91    0.048399   0.0489953 4.14476e-05
          92    0.048708   0.0489921 4.11134e-05
          93   0.0488442   0.0489905    4.07e-05
          94   0.0497338   0.0489985 4.10337e-05
          95   0.0489165   0.0489976 4.06087e-05
          96   0.0485228   0.0489926 4.04866e-05
          97   0.0491103   0.0489939 4.00854e-05
          98   0.0490675   0.0489946 3.96814e-05
          99   0.0488942   0.0489936 3.92916e-05
         100   0.0487972   0.0489916 3.89463e-05
