           1   -0.283174   -0.283174           0
           2   -0.308766    -0.29597   0.0127963
           3   -0.308651   -0.300197  0.00851176
           4    -0.28737    -0.29699  0.00681973
           5   -0.284173   -0.294427  0.00587168
           6   -0.325019   -0.299525  0.00699866
           7   -0.366124   -0.309039   0.0112028
           8   -0.405107   -0.321048   0.0154379
           9   -0.388993   -0.328597    0.015568
          10   -0.341663   -0.329904   0.0139856
          11   -0.320298   -0.329031   0.0126805
          12   -0.406946   -0.335524   0.0132723
          13   -0.385337   -0.339355    0.012796
          14   -0.379901   -0.342252   0.0121956
          15    -0.38648     -0.3452   0.0117301
          16   -0.395833   -0.348365   0.0114198
          17   -0.424541   -0.352846   0.0116253
          18   -0.449025   -0.358189   0.0121935
          19   -0.446742    -0.36285     0.01244
          20   -0.438296   -0.366622   0.0123899
          21   -0.441593   -0.370192    0.012314
          22    -0.43093   -0.372953   0.0120611
          23   -0.417767   -0.374901   0.0116884
          24   -0.431149   -0.377245   0.0114335
          25   -0.418874    -0.37891   0.0110924
          26   -0.462744   -0.382134   0.0111343
          27   -0.418902   -0.383496   0.0108002
          28   -0.461265   -0.386274   0.0107716
          29   -0.449624   -0.388458   0.0106206
          30   -0.462817   -0.390937   0.0105556
          31   -0.428358   -0.392144   0.0102805
          32   -0.413712   -0.392818  0.00997686
          33   -0.368101   -0.392069  0.00969877
          34   -0.405259   -0.392457  0.00941718
          35   -0.367556   -0.391745   0.0091718
          36   -0.424464   -0.392654   0.0089596
          37   -0.405466   -0.393001  0.00872096
          38   -0.343342   -0.391694  0.00858836
          39    -0.37219   -0.391194  0.00838019
          40   -0.361358   -0.390448  0.00820198
          41   -0.368241   -0.389906  0.00801775
          42   -0.388761   -0.389879  0.00782457
          43    -0.42697   -0.390741  0.00768897
          44    -0.41684   -0.391335  0.00753557
          45   -0.411613   -0.391785  0.00737998
          46   -0.395335   -0.391862  0.00721818
          47   -0.415443   -0.392364  0.00708073
          48   -0.488532   -0.394368  0.00721538
          49   -0.472484   -0.395962  0.00724419
          50   -0.448394    -0.39701  0.00717487
          51   -0.458212    -0.39821  0.00713443
          52   -0.432709   -0.398874  0.00702727
          53   -0.434131   -0.399539  0.00692543
          54   -0.438201   -0.400255  0.00683358
          55   -0.460526   -0.401351   0.0067971
          56   -0.457604   -0.402355  0.00674979
          57   -0.437126   -0.402965  0.00665831
          58   -0.392722   -0.402789  0.00654489
          59   -0.399061   -0.402726  0.00643332
          60   -0.396282   -0.402618   0.0063261
          61   -0.413571   -0.402798  0.00622412
          62   -0.403041   -0.402802  0.00612291
          63   -0.369523   -0.402274  0.00604805
          64   -0.374008   -0.401832  0.00596916
          65   -0.381948   -0.401526  0.00588456
          66   -0.353582     -0.4008  0.00584007
          67   -0.382402   -0.400525   0.0057588
          68   -0.402792   -0.400558  0.00567357
          69   -0.348098   -0.399798   0.0056422
          70   -0.371109   -0.399388   0.0055761
          71   -0.360085   -0.398835   0.0055248
          72   -0.310759   -0.397611  0.00558319
          73   -0.307206   -0.396373  0.00564373
          74   -0.335903   -0.395556  0.00562659
          75   -0.319689   -0.394544  0.00564248
          76   -0.306875   -0.393391  0.00568598
          77   -0.333597   -0.392614  0.00566513
          78   -0.345176   -0.392006    0.005625
          79   -0.374437   -0.391784  0.00555779
          80   -0.423667   -0.392182  0.00550233
          81   -0.354224   -0.391713  0.00545415
          82   -0.306095   -0.390669  0.00548747
          83   -0.317978   -0.389794  0.00549125
          84   -0.324229   -0.389013  0.00548134
          85   -0.319253   -0.388192  0.00547829
          86   -0.333529   -0.387557   0.0054514
          87   -0.365216     -0.3873  0.00539449
          88   -0.373236    -0.38714  0.00533523
          89   -0.363078    -0.38687  0.00528187
          90   -0.415161   -0.387184   0.0052323
          91   -0.448889   -0.387862  0.00521872
          92   -0.380833   -0.387786  0.00516225
          93    -0.33641   -0.387233  0.00513624
          94   -0.362048   -0.386965  0.00508836
          95   -0.370437   -0.386791  0.00503752
          96   -0.354773   -0.386458  0.00499592
          97   -0.357927   -0.386164  0.00495288
          98   -0.356201   -0.385858  0.00491161
          99    -0.34081   -0.385403  0.00488299
         100     -0.3475   -0.385024  0.00484875
