           1   -0.435746   -0.435746           0
           2   -0.717465   -0.576606    0.140859
           3    -1.05454   -0.735916    0.178868
           4   -0.862945   -0.767673    0.130405
           5   -0.679351   -0.750009    0.102544
           6   -0.929978   -0.780004   0.0889374
           7      -1.093   -0.824718   0.0874598
           8   -0.747573   -0.815074   0.0763538
           9   -0.530047   -0.783405   0.0744133
          10    -1.02703   -0.807767   0.0708758
          11    -1.39577   -0.861221   0.0834712
          12   -0.449256   -0.826891    0.083575
          13   -0.938916   -0.835508   0.0773593
          14   -0.851588   -0.836657     0.07163
          15    -1.41189   -0.875005   0.0769243
          16    -1.05791   -0.886437   0.0728585
          17    -1.21923   -0.906013   0.0711834
          18    -1.13159   -0.918545   0.0682724
          19    -1.17244   -0.931908   0.0659472
          20   -0.555102   -0.913068   0.0653383
          21    -1.48978    -0.94053   0.0679464
          22   -0.697122   -0.929466   0.0657223
          23   -0.958161   -0.930714   0.0628122
          24    -1.18031   -0.941114   0.0610308
          25    -1.54183   -0.965142   0.0632783
          26   -0.881601   -0.961929   0.0608807
          27    -1.46345   -0.980504   0.0614568
          28    -1.58252      -1.002   0.0630034
          29     -1.3634    -1.01447   0.0620563
          30     -1.3087    -1.02427    0.060749
          31    -1.51631    -1.04015   0.0608627
          32   -0.750373    -1.03109   0.0596218
          33     -0.8388    -1.02526   0.0580799
          34    -0.74816    -1.01711   0.0569321
          35    -1.02306    -1.01728   0.0552818
          36   -0.378067   -0.999528   0.0565825
          37     -1.3347    -1.00859   0.0557726
          38    -1.29971    -1.01625    0.054823
          39    -1.13878    -1.01939   0.0534911
          40    -1.36819    -1.02811   0.0528609
          41   -0.943563    -1.02605   0.0515967
          42    -1.57314    -1.03907   0.0520108
          43   -0.932033    -1.03658   0.0508478
          44    -1.11668     -1.0384   0.0497121
          45    -1.04737     -1.0386   0.0485952
          46   -0.734139    -1.03199   0.0479857
          47    -1.35139    -1.03878   0.0474429
          48    -1.19705    -1.04208   0.0465609
          49     -1.2018    -1.04534   0.0457171
          50    -1.69171    -1.05827   0.0466216
          51   -0.735537    -1.05194   0.0461343
          52    -1.57977    -1.06209   0.0463633
          53    -1.48775    -1.07012   0.0461838
          54    -1.27925    -1.07399   0.0454856
          55     -1.2465    -1.07713    0.044761
          56    -1.68645    -1.08801   0.0452811
          57   -0.967327    -1.08589     0.04453
          58    -1.49278    -1.09291   0.0443143
          59    -1.34963    -1.09726   0.0437735
          60    -1.07735    -1.09693   0.0430391
          61   -0.971341    -1.09487   0.0423777
          62   -0.629863    -1.08737   0.0423578
          63    -1.33607    -1.09132   0.0418666
          64   -0.605449    -1.08372   0.0419007
          65   -0.866899    -1.08039   0.0413857
          66   -0.677532    -1.07428   0.0412084
          67    -1.03692    -1.07373   0.0405925
          68    -1.25183    -1.07635   0.0400768
          69    -1.41344    -1.08123   0.0397927
          70    -1.24201    -1.08353   0.0392873
          71   -0.855375    -1.08031   0.0388631
          72    -1.03714    -1.07972   0.0383243
          73    -1.06156    -1.07947   0.0377964
          74    -1.11414    -1.07994   0.0372851
          75   -0.391345    -1.07075   0.0379131
          76   -0.369204    -1.06152   0.0385329
          77   -0.941227    -1.05996   0.0380613
          78   -0.640149    -1.05458   0.0379537
          79    -1.28086    -1.05744   0.0375795
          80   -0.625641    -1.05205   0.0374973
          81    -1.19709    -1.05384   0.0370748
          82   -0.954494    -1.05262   0.0366399
          83    -1.12018    -1.05344   0.0362049
          84     -1.3037    -1.05642   0.0358951
          85    -1.19389    -1.05804   0.0355072
          86   -0.380663    -1.05016    0.035965
          87   -0.963941    -1.04917    0.035563
          88    -1.22789     -1.0512   0.0352151
          89    -1.02827    -1.05094   0.0348182
          90    -0.71167    -1.04717   0.0346349
          91   -0.728465    -1.04367   0.0344308
          92    -1.18645    -1.04522   0.0340898
          93   -0.966722    -1.04438   0.0337318
          94   -0.471166    -1.03828   0.0339236
          95    -1.00331    -1.03791   0.0335666
          96     -1.2637    -1.04026   0.0332983
          97    -0.81096     -1.0379   0.0330379
          98    -1.03115    -1.03783   0.0326991
          99    -1.13813    -1.03884    0.032383
         100   -0.982848    -1.03828   0.0320624
