           0           0           0
    0.064633           0           0
    0.129266           0           0
    0.193899           0           0
    0.258532           0           0
    0.323165           0           0
    0.387798           0           0
    0.452431           0           0
    0.517064           0           0
    0.581697           0           0
     0.64633           0           0
    0.710963           0           0
    0.775596           0           0
     0.84023  0.00798243  0.00798243
    0.904863    0.193754   0.0369056
    0.969496     1.32627    0.085513
     1.03413     2.35689    0.105008
     1.09876     2.82699    0.122374
     1.16339     2.29161    0.104997
     1.22803     2.33053   0.0946943
     1.29266     2.11221   0.0865835
     1.35729     1.84163   0.0785748
     1.42193     1.62985   0.0673892
     1.48656      1.6733   0.0656647
     1.55119     1.69225   0.0625965
     1.61583     1.37639   0.0553141
     1.68046     1.48379   0.0526672
     1.74509     1.49908   0.0465217
     1.80973     1.41724   0.0506832
     1.87436     1.45491   0.0555659
     1.93899      1.4612   0.0502764
     2.00362     1.34937   0.0457208
     2.06826     1.36682   0.0400239
     2.13289     1.36166    0.041195
     2.19752     1.35479   0.0421309
     2.26216     1.36616   0.0394296
     2.32679     1.40157   0.0421251
     2.39142     1.38888   0.0400202
     2.45606     1.37757    0.037459
     2.52069      1.3796   0.0357304
     2.58532     1.32651   0.0409315
     2.64995     1.31321   0.0323055
     2.71459     1.34722   0.0387034
     2.77922     1.37906   0.0353268
     2.84385     1.31117   0.0332598
     2.90849     1.37368   0.0280211
     2.97312     1.35091   0.0317627
     3.03775     1.30043   0.0292202
     3.10239     1.38534   0.0268462
     3.16702     1.31211   0.0309174
     3.23165     1.27893   0.0274368
     3.29629     1.28023   0.0277631
     3.36092     1.35813   0.0297959
     3.42555     1.32207   0.0255014
     3.49018     1.34505   0.0238466
     3.55482     1.33293   0.0228368
     3.61945     1.34042   0.0205332
     3.68408     1.37212    0.020629
     3.74872     1.37112   0.0246215
     3.81335      1.3398   0.0225257
     3.87798     1.26964   0.0229312
     3.94262     1.34567   0.0223407
     4.00725     1.31226   0.0222774
     4.07188     1.33912   0.0216052
     4.13651     1.31926   0.0203949
     4.20115     1.32746   0.0211756
     4.26578     1.30824   0.0222991
     4.33041     1.31257   0.0191129
     4.39505     1.29469   0.0200856
     4.45968      1.3032   0.0205231
     4.52431     1.31861   0.0198975
     4.58895     1.31359   0.0196246
     4.65358     1.33132   0.0190449
     4.71821     1.31716    0.019123
     4.78285     1.31194   0.0176223
     4.84748      1.3198   0.0184966
     4.91211     1.32506   0.0195955
     4.97674     1.27873   0.0178895
     5.04138     1.29832   0.0153083
     5.10601     1.28498    0.017705
     5.17064      1.3121   0.0162968
     5.23528     1.32063   0.0170409
     5.29991     1.27427   0.0169064
     5.36454     1.31532    0.016822
     5.42918     1.29701   0.0150478
     5.49381     1.28099   0.0177474
     5.55844     1.31671   0.0131689
     5.62307     1.29895    0.015517
     5.68771     1.31975   0.0172854
     5.75234     1.31677    0.014035
     5.81697     1.29867   0.0133883
     5.88161     1.30016    0.015006
     5.94624     1.33838   0.0149722
     6.01087      1.3099   0.0141502
     6.07551      1.3159   0.0140976
     6.14014     1.31067   0.0138913
     6.20477     1.31584   0.0145021
      6.2694     1.31303   0.0150013
     6.33404     1.31605    0.011777
     6.39867     1.32105   0.0142778
