           1     1.24874     1.24874           0
           2     1.26577     1.25725  0.00851679
           3     1.26567     1.26006  0.00566105
           4     1.25144      1.2579  0.00454639
           5     1.24929     1.25618  0.00392053
           6     1.27656     1.25958  0.00466732
           7       1.304     1.26592  0.00747176
           8        1.33     1.27393    0.010297
           9     1.31922     1.27896    0.010382
          10     1.28767     1.27983  0.00932665
          11     1.27345     1.27925  0.00845621
          12     1.33123     1.28359   0.0088516
          13      1.3168     1.28614  0.00853364
          14     1.31314     1.28807  0.00813267
          15     1.31753     1.29003  0.00782167
          16     1.32375     1.29214  0.00761401
          17     1.34287     1.29512  0.00774967
          18     1.35912     1.29868  0.00812557
          19     1.35756     1.30178  0.00828723
          20     1.35194     1.30429  0.00825233
          21     1.35413     1.30666  0.00820047
          22     1.34702     1.30849   0.0080312
          23     1.33825     1.30979  0.00778238
          24     1.34714     1.31135  0.00761188
          25     1.33899     1.31245  0.00738429
          26     1.36824      1.3146  0.00741198
          27     1.33903      1.3155  0.00718934
          28      1.3673     1.31735  0.00717054
          29     1.35958     1.31881  0.00707044
          30     1.36844     1.32046   0.0070282
          31     1.34548     1.32127  0.00684545
          32     1.33572     1.32172  0.00664345
          33     1.30531     1.32122  0.00645816
          34     1.33008     1.32148  0.00627075
          35     1.30496     1.32101  0.00610722
          36     1.34284     1.32162  0.00596604
          37     1.33011     1.32185  0.00580709
          38      1.2887     1.32097  0.00571912
          39     1.30794     1.32064  0.00558056
          40     1.30074     1.32014  0.00546196
          41      1.3053     1.31978  0.00533937
          42     1.31899     1.31976  0.00521073
          43     1.34448     1.32034  0.00512048
          44     1.33773     1.32073  0.00501834
          45     1.33424     1.32103  0.00491473
          46     1.32333     1.32108  0.00480696
          47     1.33672     1.32142  0.00471532
          48     1.38548     1.32275  0.00480509
          49     1.37477     1.32381  0.00482428
          50     1.35871     1.32451  0.00477808
          51     1.36525     1.32531  0.00475109
          52     1.34829     1.32575  0.00467975
          53     1.34932      1.3262  0.00461208
          54       1.352     1.32667  0.00455103
          55     1.36684      1.3274  0.00452683
          56     1.36489     1.32807  0.00449538
          57     1.35124     1.32848  0.00443447
          58     1.32158     1.32836  0.00435897
          59     1.32577     1.32832  0.00428468
          60      1.3239     1.32824   0.0042133
          61     1.33541     1.32836  0.00414532
          62     1.32847     1.32836  0.00407791
          63     1.30617     1.32801   0.0040281
          64     1.30919     1.32772  0.00397555
          65      1.3145     1.32751  0.00391919
          66      1.2956     1.32703  0.00388952
          67     1.31477     1.32685   0.0038354
          68     1.32836     1.32687  0.00377864
          69     1.29195     1.32636  0.00375771
          70     1.30729     1.32609  0.00371365
          71      1.2999     1.32572  0.00367952
          72     1.26704     1.32491  0.00371846
          73     1.26469     1.32408  0.00375879
          74     1.28384     1.32354  0.00374731
          75     1.27306     1.32286  0.00375778
          76     1.26451      1.3221  0.00378666
          77      1.2823     1.32158  0.00377273
          78     1.29004     1.32117  0.00374594
          79     1.30953     1.32103  0.00370115
          80     1.34238     1.32129  0.00366433
          81     1.29608     1.32098  0.00363217
          82     1.26397     1.32029  0.00365435
          83     1.27191      1.3197  0.00365681
          84     1.27609     1.31919  0.00365013
          85     1.27276     1.31864  0.00364804
          86     1.28227     1.31822  0.00363009
          87      1.3034     1.31805  0.00359216
          88     1.30876     1.31794  0.00355267
          89     1.30197     1.31776  0.00351711
          90     1.33666     1.31797  0.00348415
          91     1.35915     1.31842  0.00347523
          92     1.31378     1.31837  0.00343762
          93     1.28419     1.31801  0.00342025
          94     1.30132     1.31783  0.00338833
          95     1.30683     1.31771  0.00335447
          96     1.29639     1.31749  0.00332677
          97     1.29847     1.31729  0.00329812
          98     1.29733     1.31709  0.00327065
          99     1.28707     1.31679  0.00325161
         100     1.29153     1.31653  0.00322883
