           1     1.87311     1.87311           0
           2     1.89866     1.88588   0.0127752
           3      1.8985     1.89009  0.00849157
           4     1.87716     1.88685  0.00681958
           5     1.87393     1.88427   0.0058808
           6     1.91484     1.88937  0.00700098
           7     1.95599     1.89888   0.0112076
           8       1.995      1.9109   0.0154455
           9     1.97883     1.91845    0.015573
          10      1.9315     1.91975     0.01399
          11     1.91018     1.91888   0.0126843
          12     1.99685     1.92538   0.0132774
          13     1.97519     1.92921   0.0128005
          14     1.96972      1.9321    0.012199
          15     1.97629     1.93505   0.0117325
          16     1.98563     1.93821    0.011421
          17      2.0143     1.94269   0.0116245
          18     2.03868     1.94802   0.0121884
          19     2.03634     1.95267   0.0124308
          20     2.02791     1.95643   0.0123785
          21     2.03119     1.95999   0.0123007
          22     2.02053     1.96274   0.0120468
          23     2.00738     1.96468   0.0116736
          24     2.02071     1.96702   0.0114178
          25     2.00848     1.96868   0.0110764
          26     2.05236     1.97189    0.011118
          27     2.00854     1.97325    0.010784
          28     2.05094     1.97603   0.0107558
          29     2.03937     1.97821   0.0106057
          30     2.05266     1.98069   0.0105423
          31     2.01822      1.9819   0.0102682
          32     2.00358     1.98258  0.00996518
          33     1.95797     1.98183  0.00968724
          34     1.99512     1.98223  0.00940613
          35     1.95744     1.98152  0.00916083
          36     2.01426     1.98243  0.00894906
          37     1.99516     1.98277  0.00871063
          38     1.93305     1.98146  0.00857868
          39     1.96191     1.98096  0.00837084
          40     1.95111     1.98021  0.00819295
          41     1.95795     1.97967  0.00800905
          42     1.97848     1.97964  0.00781609
          43     2.01672     1.98051  0.00768071
          44      2.0066      1.9811  0.00752752
          45     2.00136     1.98155  0.00737209
          46       1.985     1.98162  0.00721044
          47     2.00508     1.98212  0.00707298
          48     2.07821     1.98412  0.00720764
          49     2.06216     1.98572  0.00723642
          50     2.03807     1.98676  0.00716712
          51     2.04788     1.98796  0.00712664
          52     2.02244     1.98863  0.00701962
          53     2.02397     1.98929  0.00691812
          54       2.028     1.99001  0.00682654
          55     2.05027      1.9911  0.00679024
          56     2.04734     1.99211  0.00674308
          57     2.02686     1.99272  0.00665171
          58     1.98237     1.99254  0.00653845
          59     1.98865     1.99247  0.00642702
          60     1.98585     1.99236  0.00631996
          61     2.00311     1.99254  0.00621798
          62     1.99271     1.99254  0.00611687
          63     1.95926     1.99201  0.00604214
          64     1.96378     1.99157  0.00596332
          65     1.97175     1.99127  0.00587878
          66      1.9434     1.99054  0.00583429
          67     1.97215     1.99027   0.0057531
          68     1.99254      1.9903  0.00566796
          69     1.93792     1.98954  0.00563657
          70     1.96093     1.98913  0.00557048
          71     1.94984     1.98858  0.00551928
          72     1.90057     1.98736  0.00557768
          73     1.89704     1.98612  0.00563818
          74     1.92576     1.98531  0.00562097
          75     1.90959      1.9843  0.00563666
          76     1.89677     1.98314  0.00567999
          77     1.92345     1.98237  0.00565909
          78     1.93505     1.98176  0.00561891
          79      1.9643     1.98154  0.00555173
          80     2.01357     1.98194  0.00549649
          81     1.94412     1.98147  0.00544826
          82     1.89596     1.98043  0.00548153
          83     1.90786     1.97956  0.00548522
          84     1.91414     1.97878  0.00547519
          85     1.90915     1.97796  0.00547206
          86     1.92341     1.97733  0.00544513
          87      1.9551     1.97707  0.00538824
          88     1.96315     1.97691  0.00532901
          89     1.95295     1.97664  0.00527567
          90     2.00499     1.97696  0.00522622
          91     2.03872     1.97764  0.00521284
          92     1.97067     1.97756  0.00515642
          93     1.92629     1.97701  0.00513038
          94     1.95197     1.97674  0.00508249
          95     1.96025     1.97657  0.00503171
          96     1.94459     1.97624  0.00499015
          97     1.94771     1.97594  0.00494719
          98       1.946     1.97564  0.00490597
          99     1.93061     1.97518  0.00487742
         100     1.93729      1.9748  0.00484324
