           1     1.80231     1.80231           0
           2     1.82146     1.81189  0.00957611
           3     1.82134     1.81504  0.00636363
           4     1.80531     1.81261  0.00511467
           5     1.80289     1.81066   0.0044129
           6     1.83358     1.81448  0.00525133
           7     1.86446     1.82162  0.00840694
           8     1.89373     1.83064   0.0115861
           9     1.88158      1.8363   0.0116811
          10     1.84608     1.83728   0.0104936
          11      1.8301     1.83662  0.00951419
          12     1.89511      1.8415  0.00995931
          13     1.87886     1.84437  0.00960147
          14     1.87474     1.84654   0.0091501
          15     1.87967     1.84875  0.00879997
          16     1.88667     1.85112  0.00856608
          17     1.90817     1.85448  0.00871818
          18     1.92643     1.85847  0.00913998
          19     1.92465     1.86196  0.00932085
          20     1.91834     1.86477  0.00928103
          21     1.92079     1.86744  0.00922222
          22      1.9128      1.8695  0.00903152
          23     1.90294     1.87096  0.00875149
          24     1.91292     1.87271  0.00855943
          25     1.90376     1.87395  0.00830335
          26     1.93667     1.87636  0.00833439
          27     1.90381     1.87738  0.00808397
          28     1.93563     1.87946  0.00806293
          29     1.92696      1.8811  0.00795052
          30     1.93696     1.88296  0.00790341
          31     1.91113     1.88387  0.00769805
          32     1.90016     1.88438  0.00747097
          33     1.86594     1.88382  0.00726256
          34      1.8938     1.88411  0.00705183
          35     1.86555     1.88358  0.00686789
          36     1.90814     1.88426  0.00670917
          37     1.89379     1.88452   0.0065304
          38     1.84722     1.88354  0.00643159
          39     1.86886     1.88316   0.0062758
          40     1.86077      1.8826  0.00614246
          41     1.86589      1.8822  0.00600462
          42     1.88129     1.88217  0.00585995
          43     1.90998     1.88282  0.00575847
          44     1.90239     1.88327  0.00564363
          45     1.89845      1.8836   0.0055271
          46     1.88617     1.88366   0.0054059
          47     1.90122     1.88403   0.0053028
          48     1.95608     1.88553   0.0054038
          49     1.94404     1.88673  0.00542538
          50     1.92597     1.88751   0.0053734
          51     1.93332     1.88841  0.00534303
          52     1.91426     1.88891  0.00526281
          53     1.91544     1.88941  0.00518677
          54     1.91845     1.88995  0.00511815
          55     1.93513     1.89077  0.00509097
          56     1.93294     1.89152  0.00505563
          57     1.91757     1.89198  0.00498714
          58     1.88419     1.89184  0.00490223
          59     1.88889     1.89179  0.00481869
          60     1.88678     1.89171  0.00473844
          61     1.89972     1.89184  0.00466196
          62     1.89195     1.89184  0.00458615
          63     1.86687     1.89145  0.00453014
          64     1.87028     1.89112  0.00447104
          65     1.87626     1.89089  0.00440764
          66       1.855     1.89034  0.00437427
          67     1.87655     1.89014   0.0043134
          68     1.89184     1.89016  0.00424957
          69      1.8509     1.88959  0.00422602
          70     1.86815     1.88929  0.00417646
          71     1.85982     1.88887  0.00413808
          72     1.82288     1.88796  0.00418189
          73     1.82023     1.88703  0.00422725
          74     1.84178     1.88642  0.00421433
          75     1.82967     1.88566  0.00422605
          76     1.82005      1.8848   0.0042585
          77     1.84005     1.88422  0.00424281
          78     1.84876     1.88376  0.00421266
          79     1.87069      1.8836  0.00416228
          80     1.90765      1.8839  0.00412091
          81     1.85556     1.88355  0.00408472
          82     1.81943     1.88276  0.00410967
          83     1.82837     1.88211  0.00411241
          84     1.83308     1.88153  0.00410486
          85     1.82933     1.88091  0.00410249
          86     1.84003     1.88044  0.00408228
          87     1.86379     1.88024  0.00403962
          88     1.86984     1.88013   0.0039952
          89     1.86218     1.87992   0.0039552
          90      1.9012     1.88016  0.00391815
          91      1.9265     1.88067  0.00390816
          92     1.87546     1.88061  0.00386586
          93     1.84219      1.8802  0.00384633
          94     1.86146        1.88  0.00381041
          95     1.86764     1.87987  0.00377233
          96     1.85589     1.87962  0.00374117
          97     1.85823      1.8794  0.00370897
          98     1.85695     1.87917  0.00367807
          99      1.8454     1.87883  0.00365667
         100     1.85042     1.87855  0.00363106
