           1     1.21565     1.21565           0
           2     1.22562     1.22063  0.00498819
           3     1.22331     1.22152  0.00301458
           4     1.22388     1.22211  0.00221175
           5     1.22267     1.22223  0.00171677
           6      1.2258     1.22282  0.00152321
           7     1.25622     1.22759  0.00494152
           8     1.28474     1.23474  0.00832703
           9     1.25565     1.23706  0.00770253
          10     1.28109     1.24146  0.00817645
          11     1.29365     1.24621  0.00878694
          12     1.29718     1.25045  0.00907662
          13     1.24557     1.25008  0.00835772
          14     1.29823     1.25352  0.00846763
          15     1.32953     1.25859  0.00937105
          16     1.28577     1.26028  0.00892892
          17      1.3014      1.2627  0.00872904
          18     1.25504     1.26228  0.00824081
          19     1.24187      1.2612  0.00786866
          20     1.25464     1.26088  0.00747208
          21     1.26366     1.26101   0.0071086
          22     1.24227     1.26016  0.00683109
          23     1.23267     1.25896  0.00663587
          24     1.24709     1.25847  0.00637258
          25     1.30256     1.26023  0.00636171
          26     1.31919      1.2625  0.00651922
          27     1.32568     1.26484  0.00669538
          28     1.27002     1.26502  0.00645448
          29     1.25444     1.26466  0.00623862
          30      1.2538      1.2643  0.00603793
          31     1.23447     1.26333  0.00591861
          32     1.22263     1.26206  0.00587017
          33     1.23658     1.26129  0.00574165
          34      1.2457     1.26083  0.00558905
          35      1.2183     1.25962  0.00556143
          36     1.25928     1.25961  0.00540474
          37     1.27757     1.26009  0.00527901
          38     1.25796     1.26004  0.00513852
          39     1.27811      1.2605  0.00502644
          40     1.27864     1.26095  0.00492011
          41     1.30029     1.26191  0.00489358
          42     1.31628     1.26321  0.00494795
          43     1.29386     1.26392  0.00488382
          44     1.28779     1.26446  0.00480228
          45     1.28882       1.265  0.00472546
          46     1.27485     1.26522  0.00462654
          47     1.29273      1.2658  0.00456472
          48     1.27834     1.26606  0.00447624
          49     1.29635     1.26668   0.0044273
          50     1.30057     1.26736  0.00439049
          51     1.30535     1.26811  0.00436751
          52     1.26835     1.26811   0.0042827
          53     1.30391     1.26879  0.00425507
          54     1.28226     1.26903  0.00418297
          55     1.27939     1.26922  0.00411052
          56     1.25212     1.26892  0.00404799
          57     1.25135     1.26861  0.00398827
          58     1.26671     1.26858  0.00391904
          59     1.24176     1.26812  0.00387876
          60     1.26441     1.26806  0.00381407
          61     1.24148     1.26762  0.00377625
          62     1.23918     1.26717  0.00374306
          63     1.24717     1.26685  0.00369682
          64     1.29702     1.26732  0.00366902
          65     1.29924     1.26781  0.00364536
          66     1.27805     1.26797  0.00359305
          67     1.29097     1.26831  0.00355564
          68     1.27832     1.26846  0.00350605
          69     1.30385     1.26897  0.00349273
          70     1.28764     1.26924  0.00345279
          71     1.27317     1.26929  0.00340426
          72     1.23184     1.26877  0.00339671
          73     1.23848     1.26836  0.00337546
          74     1.24402     1.26803  0.00334574
          75     1.25828      1.2679  0.00330339
          76     1.24071     1.26754   0.0032792
          77     1.26454      1.2675  0.00323657
          78     1.27002     1.26753  0.00319497
          79     1.24519     1.26725  0.00316692
          80     1.28908     1.26752  0.00313896
          81     1.33612     1.26837  0.00321356
          82     1.33338     1.26916  0.00327163
          83     1.28598     1.26937  0.00323832
          84      1.2684     1.26935  0.00319956
          85     1.27013     1.26936  0.00316171
          86     1.28221     1.26951  0.00312829
          87     1.27929     1.26962  0.00309417
          88     1.30102     1.26998  0.00307955
          89     1.30339     1.27036   0.0030678
          90     1.32683     1.27098  0.00309775
          91     1.29968      1.2713  0.00307971
          92     1.26802     1.27126  0.00304626
          93     1.22975     1.27082   0.0030462
          94      1.2293     1.27038  0.00304582
          95     1.23152     1.26997  0.00304121
          96     1.23804     1.26963  0.00302769
          97     1.22065     1.26913  0.00303857
          98     1.22517     1.26868  0.00304068
          99     1.20412     1.26803  0.00307964
         100     1.23641     1.26771  0.00306505
