           0           0           0
    0.064633           0           0
    0.129266           0           0
    0.193899           0           0
    0.258532           0           0
    0.323165           0           0
    0.387798           0           0
    0.452431           0           0
    0.517064           0           0
    0.581697           0           0
     0.64633           0           0
    0.710963           0           0
    0.775596           0           0
     0.84023           0           0
    0.904863    0.193754   0.0341841
    0.969496     1.27176   0.0908913
     1.03413      2.3943    0.117307
     1.09876     2.64169    0.110413
     1.16339      2.6615    0.114597
     1.22803     2.21955    0.101467
     1.29266     2.02565   0.0902645
     1.35729     1.66534   0.0664119
     1.42193     1.69309   0.0698032
     1.48656     1.59952   0.0676513
     1.55119      1.4595   0.0601786
     1.61583     1.44577   0.0559547
     1.68046     1.39675   0.0641695
     1.74509     1.40286   0.0490272
     1.80973     1.35453   0.0505695
     1.87436     1.40474   0.0514754
     1.93899     1.38767   0.0437242
     2.00362     1.36991   0.0428869
     2.06826     1.36131   0.0413251
     2.13289     1.39019   0.0482445
     2.19752     1.35357   0.0410258
     2.26216     1.39965   0.0401482
     2.32679     1.40048   0.0418761
     2.39142     1.32989   0.0369619
     2.45606     1.34124   0.0360755
     2.52069     1.29658   0.0331585
     2.58532     1.34958   0.0377565
     2.64995     1.36138   0.0316622
     2.71459      1.2739   0.0318967
     2.77922      1.3583   0.0285119
     2.84385     1.29794   0.0268007
     2.90849     1.34907   0.0295013
     2.97312     1.31254   0.0275374
     3.03775     1.29398   0.0264112
     3.10239      1.3476   0.0306614
     3.16702     1.35963   0.0282655
     3.23165     1.30632   0.0258412
     3.29629     1.32632   0.0266108
     3.36092     1.37661   0.0265379
     3.42555     1.35716   0.0272126
     3.49018     1.34603   0.0252983
     3.55482     1.33057   0.0225128
     3.61945     1.35364   0.0266927
     3.68408     1.36596   0.0226497
     3.74872     1.30775   0.0248671
     3.81335     1.30445   0.0213887
     3.87798     1.34558    0.022083
     3.94262     1.33912   0.0251473
     4.00725     1.36294   0.0237141
     4.07188     1.34922   0.0201705
     4.13651     1.30352   0.0227574
     4.20115     1.33051   0.0208655
     4.26578     1.28586   0.0202625
     4.33041     1.35601   0.0208427
     4.39505     1.34059    0.019225
     4.45968     1.32881   0.0218063
     4.52431     1.33794   0.0203292
     4.58895     1.33693   0.0175635
     4.65358     1.34877   0.0206135
     4.71821     1.34168   0.0196566
     4.78285     1.32636   0.0167025
     4.84748     1.36142   0.0178929
     4.91211     1.31138   0.0170512
     4.97674     1.34173   0.0153089
     5.04138     1.33422   0.0160418
     5.10601      1.3308   0.0184612
     5.17064     1.34219   0.0157756
     5.23528     1.29346   0.0188093
     5.29991     1.31768   0.0148768
     5.36454     1.32346   0.0175331
     5.42918     1.30129   0.0161199
     5.49381     1.31722   0.0163586
     5.55844     1.33733   0.0157213
     5.62307      1.3421      0.0149
     5.68771     1.33499   0.0167853
     5.75234     1.27425   0.0149356
     5.81697     1.31271   0.0149249
     5.88161     1.32589   0.0151851
     5.94624     1.33599   0.0147193
     6.01087     1.32255   0.0156039
     6.07551     1.31655   0.0135284
     6.14014     1.34067   0.0143483
     6.20477     1.30553    0.012532
      6.2694     1.30185   0.0144192
     6.33404     1.37771    0.013816
     6.39867     1.30634   0.0164411
