           1     1.82347     1.82347           0
           2     1.83843     1.83095  0.00748228
           3     1.83496     1.83229  0.00452186
           4     1.83583     1.83317  0.00331763
           5       1.834     1.83334  0.00257516
           6      1.8387     1.83423  0.00228482
           7     1.88433     1.84139  0.00741228
           8     1.92711      1.8521   0.0124905
           9     1.88347     1.85559   0.0115538
          10     1.92164     1.86219   0.0122647
          11     1.94048     1.86931   0.0131804
          12     1.94577     1.87568   0.0136149
          13     1.86836     1.87512   0.0125366
          14     1.94734     1.88028   0.0127014
          15     1.99429     1.88788   0.0140566
          16     1.92865     1.89043   0.0133934
          17      1.9521     1.89405   0.0130936
          18     1.88257     1.89342   0.0123612
          19     1.86281     1.89181    0.011803
          20     1.88196     1.89131   0.0112081
          21      1.8955     1.89151   0.0106629
          22     1.86341     1.89023   0.0102466
          23       1.849     1.88844  0.00995381
          24     1.87064      1.8877  0.00955887
          25     1.95384     1.89035  0.00954257
          26     1.97878     1.89375  0.00977883
          27     1.98852     1.89726   0.0100431
          28     1.90503     1.89753  0.00968172
          29     1.88166     1.89699  0.00935793
          30      1.8807     1.89644  0.00905689
          31     1.85171       1.895  0.00887792
          32     1.83394     1.89309  0.00880526
          33     1.85488     1.89194  0.00861247
          34     1.86856     1.89125  0.00838357
          35     1.82744     1.88942  0.00834214
          36     1.88892     1.88941  0.00810712
          37     1.91635     1.89014  0.00791851
          38     1.88694     1.89005  0.00770777
          39     1.91717     1.89075  0.00753966
          40     1.91796     1.89143  0.00738016
          41     1.95044     1.89287  0.00734037
          42     1.97441     1.89481  0.00742192
          43     1.94079     1.89588  0.00732573
          44     1.93169     1.89669  0.00720341
          45     1.93324     1.89751  0.00708819
          46     1.91228     1.89783  0.00693981
          47     1.93909     1.89871  0.00684708
          48     1.91751      1.8991  0.00671436
          49     1.94453     1.90002  0.00664095
          50     1.95086     1.90104  0.00658573
          51     1.95802     1.90216  0.00655127
          52     1.90252     1.90217  0.00642405
          53     1.95586     1.90318   0.0063826
          54     1.92339     1.90355  0.00627446
          55     1.91908     1.90383  0.00616579
          56     1.87818     1.90338  0.00607199
          57     1.87702     1.90291   0.0059824
          58     1.90007     1.90287  0.00587856
          59     1.86264     1.90218  0.00581815
          60     1.89661     1.90209  0.00572111
          61     1.86222     1.90144  0.00566438
          62     1.85878     1.90075  0.00561459
          63     1.87075     1.90027  0.00554523
          64     1.94553     1.90098  0.00550352
          65     1.94886     1.90172  0.00546804
          66     1.91708     1.90195  0.00538958
          67     1.93646     1.90246  0.00533346
          68     1.91748     1.90269  0.00525908
          69     1.95577     1.90345   0.0052391
          70     1.93145     1.90385  0.00517918
          71     1.90975     1.90394  0.00510639
          72     1.84776     1.90316  0.00509507
          73     1.85772     1.90253  0.00506319
          74     1.86603     1.90204  0.00501861
          75     1.88741     1.90185  0.00495508
          76     1.86106     1.90131  0.00491881
          77     1.89681     1.90125  0.00485486
          78     1.90504      1.9013  0.00479246
          79     1.86779     1.90088  0.00475038
          80     1.93362     1.90128  0.00470844
          81     2.00418     1.90256  0.00482034
          82     2.00007     1.90374  0.00490745
          83     1.92897     1.90405  0.00485748
          84      1.9026     1.90403  0.00479934
          85     1.90519     1.90404  0.00474256
          86     1.92332     1.90427  0.00469244
          87     1.91893     1.90444  0.00464125
          88     1.95154     1.90497  0.00461932
          89     1.95509     1.90554  0.00460171
          90     1.99025     1.90648  0.00464663
          91     1.94952     1.90695  0.00461956
          92     1.90202      1.9069  0.00456939
          93     1.84463     1.90623   0.0045693
          94     1.84395     1.90556  0.00456872
          95     1.84728     1.90495  0.00456182
          96     1.85706     1.90445  0.00454154
          97     1.83098     1.90369  0.00455785
          98     1.83775     1.90302  0.00456101
          99     1.80618     1.90204  0.00461947
         100     1.85461     1.90157  0.00459757
