           1     1.74877     1.74877           0
           2     1.75998     1.75438  0.00560737
           3     1.75737     1.75537  0.00338744
           4     1.75801     1.75603  0.00248421
           5     1.75663     1.75615  0.00192804
           6     1.76015     1.75682  0.00170963
           7     1.79438     1.76218   0.0055571
           8     1.82647     1.77022  0.00936673
           9     1.79376     1.77284  0.00866483
          10     1.82241     1.77779  0.00919994
          11     1.83655     1.78313  0.00988849
          12     1.84051     1.78792   0.0102149
          13     1.78245      1.7875  0.00940571
          14     1.84166     1.79136  0.00952885
          15     1.87686     1.79706    0.010544
          16     1.82763     1.79897   0.0100464
          17     1.84521     1.80169  0.00982103
          18     1.79305     1.80121   0.0092718
          19     1.77823         1.8  0.00885326
          20     1.79261     1.79963  0.00840707
          21     1.80277     1.79978  0.00799811
          22      1.7787     1.79883  0.00768588
          23     1.76789     1.79748  0.00746627
          24     1.78411     1.79692  0.00717007
          25     1.84649     1.79891  0.00715742
          26     1.86519     1.80146  0.00733394
          27      1.8725     1.80409  0.00753161
          28     1.80988     1.80429  0.00726059
          29     1.79236     1.80388  0.00701783
          30     1.79167     1.80348  0.00679207
          31     1.76994     1.80239  0.00665781
          32     1.75661     1.80096  0.00660325
          33     1.77231     1.80009  0.00645863
          34     1.78257     1.79958  0.00628695
          35     1.75173     1.79821  0.00625591
          36     1.79783      1.7982  0.00607966
          37      1.8184     1.79875   0.0059382
          38     1.79634     1.79868  0.00578017
          39     1.81901      1.7992  0.00565407
          40     1.81959     1.79971  0.00553443
          41     1.84395     1.80079  0.00550451
          42     1.86193     1.80225  0.00556557
          43     1.83671     1.80305  0.00549338
          44     1.82989     1.80366  0.00540163
          45     1.83105     1.80427  0.00531518
          46     1.81533     1.80451  0.00520391
          47     1.83544     1.80517  0.00513433
          48     1.81925     1.80546  0.00503478
          49     1.83951     1.80616  0.00497967
          50     1.84427     1.80692  0.00493824
          51     1.84964     1.80776  0.00491241
          52     1.80803     1.80776  0.00481701
          53     1.84802     1.80852  0.00478593
          54     1.82366      1.8088  0.00470483
          55     1.82041     1.80901  0.00462331
          56     1.78975     1.80867  0.00455301
          57     1.78889     1.80832  0.00448586
          58     1.80619     1.80828    0.004408
          59     1.77812     1.80777  0.00436271
          60     1.80361      1.8077  0.00428994
          61     1.77782     1.80721  0.00424738
          62     1.77524      1.8067  0.00421002
          63     1.78421     1.80634    0.004158
          64     1.84028     1.80687  0.00412674
          65     1.84277     1.80742  0.00410011
          66      1.8189      1.8076  0.00404126
          67     1.83343     1.80798  0.00399911
          68     1.81919     1.80815   0.0039433
          69     1.84792     1.80872  0.00392826
          70     1.82969     1.80902  0.00388331
          71     1.81341     1.80909  0.00382872
          72     1.76693      1.8085   0.0038203
          73     1.77442     1.80803  0.00379641
          74     1.78065     1.80766    0.003763
          75     1.79669     1.80752  0.00371537
          76     1.77693     1.80711  0.00368818
          77     1.80374     1.80707  0.00364023
          78      1.8099     1.80711  0.00359344
          79     1.78197     1.80679   0.0035619
          80     1.83134      1.8071  0.00353046
          81     1.88425     1.80805  0.00361437
          82     1.88114     1.80894  0.00367962
          83     1.82782     1.80917  0.00364212
          84     1.80803     1.80915  0.00359853
          85     1.80998     1.80916  0.00355596
          86     1.82359     1.80933  0.00351837
          87     1.82033     1.80946  0.00347999
          88     1.84478     1.80986  0.00346356
          89     1.84744     1.81028  0.00345036
          90     1.87381     1.81099  0.00348405
          91     1.84325     1.81134  0.00346374
          92     1.80762      1.8113  0.00342612
          93     1.76458      1.8108  0.00342611
          94     1.76408      1.8103  0.00342572
          95     1.76656     1.80984   0.0034206
          96     1.77391     1.80947  0.00340541
          97     1.75437      1.8089  0.00341765
          98     1.75947     1.80839     0.00342
          99     1.73578     1.80766  0.00346382
         100      1.7721     1.80731   0.0034474
