           1   -0.555835   -0.555835           0
           2     -1.0511   -0.803466    0.247631
           3   -0.943402   -0.850111    0.150387
           4    -1.01363   -0.890991    0.113926
           5    -0.92941   -0.898674   0.0885809
           6    -1.47965   -0.995504    0.120859
           7    -0.72887   -0.957413    0.109016
           8   -0.616163   -0.914757      0.1036
           9   -0.952286   -0.918927   0.0914614
          10   -0.729475   -0.899982   0.0839707
          11   -0.908877    -0.90079   0.0759586
          12   -0.738661    -0.88728   0.0706444
          13    -1.15775   -0.908085   0.0682327
          14   -0.696449   -0.892968   0.0649548
          15   -0.956281   -0.897189   0.0606167
          16    -1.38857     -0.9279   0.0644845
          17   -0.893565    -0.92588   0.0606063
          18   -0.561688   -0.905647   0.0606166
          19   -0.917182   -0.906254   0.0573408
          20   -0.792806   -0.900582   0.0546932
          21   -0.635829   -0.887975   0.0535294
          22   -0.946708   -0.890644   0.0511081
          23    -1.34083   -0.910218    0.052612
          24   -0.617803   -0.898034   0.0518247
          25    -1.35361   -0.916257   0.0529435
          26   -0.722748   -0.908814    0.051408
          27   -0.468521   -0.892507    0.052086
          28    -1.41478   -0.911159   0.0535452
          29   -0.992291   -0.913957   0.0517415
          30     -1.1451   -0.921662   0.0505773
          31    -1.09635   -0.927297   0.0492421
          32   -0.697584   -0.920118   0.0482158
          33    -0.99824   -0.922486   0.0467918
          34   -0.723174   -0.916624   0.0457717
          35    -1.39114   -0.930181   0.0464666
          36    -1.19071   -0.937418   0.0457336
          37    -1.28208   -0.946733   0.0454453
          38    -1.09308   -0.950585   0.0444006
          39    -0.67637   -0.943553    0.043815
          40   -0.725939   -0.938113   0.0430507
          41    -1.00518   -0.939749   0.0420194
          42   -0.859325   -0.937834   0.0410514
          43   -0.870569    -0.93627   0.0401159
          44    -1.14203   -0.940946   0.0394715
          45   -0.906741   -0.940186   0.0385919
          46   -0.918591   -0.939717   0.0377465
          47    -1.30633   -0.947517   0.0377494
          48   -0.775598   -0.943935   0.0371277
          49    -1.16273   -0.948401   0.0366353
          50    -0.67195   -0.942872   0.0363184
          51   -0.562624   -0.935416   0.0363716
          52    -1.34209   -0.943236   0.0365126
          53   -0.943448    -0.94324   0.0358171
          54   -0.730201   -0.939295   0.0353683
          55   -0.896856   -0.938524   0.0347278
          56   -0.854417   -0.937022   0.0341351
          57    -1.01381   -0.938369    0.033558
          58   -0.946379   -0.938507   0.0329746
          59    -1.05638   -0.940505   0.0324724
          60   -0.487265   -0.932951   0.0328081
          61    -1.00203   -0.934083   0.0322856
          62   -0.715814   -0.930563   0.0319552
          63   -0.911401   -0.930259   0.0314453
          64     -1.0681   -0.932412   0.0310249
          65    -1.13703    -0.93556   0.0307057
          66    -1.12549   -0.938438   0.0303735
          67    -1.05056   -0.940112   0.0299635
          68    -1.44361   -0.947516    0.030434
          69   -0.595648   -0.942416   0.0304202
          70    -1.25988   -0.946952   0.0303235
          71    -1.47432   -0.954379   0.0308023
          72    -1.07925   -0.956114    0.030421
          73   -0.389613   -0.948353   0.0309888
          74    -0.73306   -0.945444   0.0307053
          75   -0.858846   -0.944289   0.0303151
          76    -1.27546   -0.948647   0.0302293
          77   -0.617627   -0.944348   0.0301423
          78   -0.645124   -0.940512   0.0299996
          79    -1.15062   -0.943171   0.0297366
          80   -0.707697   -0.940228   0.0295097
          81    -1.25842   -0.944156   0.0294067
          82    -1.00467   -0.944894   0.0290552
          83    -1.42907   -0.950727   0.0292898
          84   -0.901372    -0.95014    0.028945
          85     -1.5331   -0.956998   0.0294132
          86    -1.14572   -0.959193   0.0291518
          87    -1.46156   -0.964967   0.0293877
          88   -0.457956   -0.959205   0.0296176
          89    -0.86045   -0.958096    0.029304
          90   -0.601657   -0.954135   0.0292459
          91     -1.2629   -0.957528   0.0291211
          92    -1.14381   -0.959553   0.0288739
          93   -0.890063   -0.958806   0.0285715
          94   -0.938134   -0.958586   0.0282668
          95     -1.1833   -0.960951   0.0280675
          96   -0.821959   -0.959504   0.0278113
          97    -1.08932   -0.960842   0.0275556
          98   -0.665383   -0.957827   0.0274391
          99   -0.888804    -0.95713   0.0271695
         100   -0.803039   -0.955589   0.0269405
