           1   -0.298802   -0.298802           0
           2   -0.313801   -0.306301  0.00749966
           3   -0.310374   -0.307659  0.00453773
           4   -0.311278   -0.308563  0.00333376
           5   -0.309464   -0.308743  0.00258859
           6   -0.314199   -0.309653  0.00230086
           7   -0.359783   -0.316814  0.00742077
           8   -0.402542    -0.32753   0.0124953
           9   -0.358838   -0.331009   0.0115558
          10   -0.396927   -0.337601    0.012259
          11   -0.415716   -0.344702   0.0131677
          12   -0.421049   -0.351064   0.0136003
          13   -0.343633   -0.350493   0.0125235
          14   -0.422716   -0.355651   0.0126904
          15   -0.469726   -0.363256   0.0140502
          16   -0.404072   -0.365807   0.0133881
          17   -0.427569    -0.36944   0.0130902
          18   -0.358069   -0.368809   0.0123577
          19   -0.338305   -0.367203   0.0117989
          20   -0.357393   -0.366713   0.0112042
          21   -0.370901   -0.366912   0.0106592
          22   -0.338817   -0.365635   0.0102431
          23   -0.324431   -0.363844  0.00995018
          24   -0.346102   -0.363104  0.00955521
          25   -0.429366   -0.365755  0.00954059
          26   -0.454381   -0.369164  0.00977958
          27     -0.4641    -0.37268   0.0100459
          28    -0.38059   -0.372962  0.00968454
          29   -0.357212   -0.372419   0.0093604
          30   -0.356129   -0.371876  0.00905929
          31   -0.327096   -0.370432  0.00888046
          32   -0.309308   -0.368521  0.00880807
          33   -0.330251   -0.367362   0.0086154
          34   -0.343937   -0.366673  0.00838652
          35   -0.302869    -0.36485  0.00834493
          36   -0.364392   -0.364837  0.00810982
          37   -0.391829   -0.365567  0.00792126
          38   -0.362425   -0.365484  0.00771043
          39   -0.392644    -0.36618  0.00754234
          40   -0.393461   -0.366862  0.00738294
          41   -0.425958   -0.368304  0.00734345
          42   -0.449944   -0.370248  0.00742541
          43   -0.416321   -0.371319  0.00732941
          44   -0.407188   -0.372134  0.00720715
          45   -0.408763   -0.372948  0.00709204
          46   -0.387775   -0.373271  0.00694364
          47   -0.414622    -0.37415  0.00685102
          48    -0.39306   -0.374544  0.00671833
          49   -0.420089   -0.375474  0.00664512
          50   -0.426371   -0.376492  0.00658996
          51   -0.433504    -0.37761  0.00655547
          52   -0.377974   -0.377617  0.00642817
          53    -0.43134    -0.37863  0.00638667
          54   -0.398921   -0.379006  0.00627854
          55    -0.39468   -0.379291  0.00616991
          56   -0.353728   -0.378835  0.00607591
          57   -0.352538   -0.378373  0.00598616
          58   -0.375521   -0.378324  0.00588225
          59   -0.338092   -0.377642  0.00582177
          60   -0.372019   -0.377548  0.00572469
          61   -0.337591   -0.376893  0.00566803
          62   -0.334152   -0.376204  0.00561832
          63    -0.34617   -0.375727  0.00554894
          64    -0.42099   -0.376434  0.00550715
          65   -0.424382   -0.377172  0.00547171
          66   -0.392694   -0.377407   0.0053933
          67   -0.412142   -0.377926  0.00533743
          68   -0.393167    -0.37815  0.00526313
          69   -0.431387   -0.378921  0.00524337
          70   -0.407044   -0.379323  0.00518351
          71   -0.385333   -0.379408  0.00511068
          72   -0.323308   -0.378629  0.00509908
          73   -0.333203   -0.378006   0.0050671
          74    -0.34152   -0.377513  0.00502242
          75   -0.362903   -0.377319  0.00495883
          76   -0.336513   -0.376782  0.00492251
          77   -0.372253   -0.376723  0.00485852
          78   -0.380556   -0.376772  0.00479608
          79   -0.343262   -0.376348  0.00475394
          80   -0.409105   -0.376757  0.00471197
          81    -0.47971   -0.378028  0.00482389
          82   -0.475701   -0.379219  0.00491133
          83   -0.404622   -0.379525  0.00486144
          84   -0.378279   -0.379511  0.00480324
          85   -0.380865   -0.379527  0.00474642
          86   -0.398906   -0.379752  0.00469632
          87   -0.394427   -0.379921  0.00464508
          88   -0.427016   -0.380456  0.00462308
          89   -0.430582   -0.381019   0.0046054
          90   -0.465783   -0.381961  0.00465032
          91   -0.425099   -0.382435   0.0046233
          92   -0.377618   -0.382382  0.00457307
          93   -0.320204   -0.381714  0.00457277
          94   -0.319492   -0.381052  0.00457203
          95   -0.322874    -0.38044  0.00456492
          96   -0.332609   -0.379941  0.00454451
          97   -0.306429   -0.379183  0.00456082
          98   -0.313138    -0.37851  0.00456407
          99    -0.28159   -0.377531  0.00462259
         100   -0.330039   -0.377056  0.00460071
