           1     1.19013     1.19013           0
           2     1.15815     1.17414   0.0159863
           3     1.39878     1.24902   0.0754455
           4     1.27596     1.25575   0.0537714
           5     1.27346     1.25929   0.0418015
           6     1.24297     1.25657   0.0342391
           7     1.50383      1.2919   0.0456625
           8     1.29152     1.29185   0.0395449
           9     1.36356     1.29982   0.0357738
          10     1.19234     1.28907    0.033754
          11     1.39506      1.2987   0.0320159
          12     1.39244     1.30652   0.0302522
          13     1.46595     1.31878   0.0304107
          14     1.48266     1.33049   0.0304913
          15      1.1787     1.32037   0.0301356
          16     1.37986     1.32408   0.0284334
          17      1.3619     1.32631    0.026801
          18     1.43534     1.33237   0.0259841
          19     1.42211     1.33709   0.0250283
          20     1.29639     1.33505   0.0238309
          21     1.50002     1.34291   0.0239903
          22     1.37156     1.34421   0.0229109
          23      1.3027     1.34241   0.0219664
          24     1.42356     1.34579   0.0213013
          25     1.29228     1.34365   0.0205433
          26     1.47118     1.34855   0.0203377
          27     1.45937     1.35266   0.0199958
          28     1.33981      1.3522   0.0192739
          29     1.45119     1.35561   0.0189081
          30     1.44203     1.35849   0.0184927
          31     1.33059     1.35759   0.0179088
          32     1.30699     1.35601   0.0174121
          33     1.42803     1.35819   0.0170167
          34     1.55483     1.36398   0.0174924
          35     1.39584     1.36489   0.0170096
          36     1.51424     1.36904    0.017043
          37     1.46277     1.37157   0.0167685
          38     1.24594     1.36826   0.0166527
          39      1.3501      1.3678   0.0162268
          40     1.32622     1.36676     0.01585
          41     1.19431     1.36255   0.0160206
          42     1.25011     1.35988   0.0158621
          43      1.4808     1.36269    0.015742
          44     1.34132      1.3622   0.0153877
          45     1.32772     1.36144   0.0150614
          46      1.2656     1.35935   0.0148769
          47     1.47329     1.36178   0.0147575
          48     1.55194     1.36574   0.0149801
          49      1.2615     1.36361   0.0148246
          50     1.37593     1.36386   0.0145272
          51     1.24664     1.36156   0.0144238
          52     1.50613     1.36434   0.0144143
          53      1.3825     1.36468   0.0141439
          54     1.45393     1.36633   0.0139776
          55     1.36238     1.36626   0.0137213
          56     1.39639      1.3668   0.0134847
          57     1.48361     1.36885   0.0134036
          58      1.5135     1.37134   0.0134046
          59     1.46581     1.37294   0.0132723
          60     1.41267     1.37361    0.013066
          61     1.34836     1.37319   0.0128567
          62     1.32113     1.37235   0.0126755
          63     1.50024     1.37438   0.0126368
          64     1.30041     1.37323   0.0124914
          65     1.39749      1.3736   0.0123034
          66     1.38826     1.37382   0.0121175
          67     1.38012     1.37392   0.0119357
          68     1.29496     1.37276    0.011816
          69     1.39517     1.37308   0.0116481
          70      1.5309     1.37533   0.0116997
          71     1.45097      1.3764   0.0115829
          72     1.46651     1.37765   0.0114892
          73      1.3481     1.37725    0.011338
          74     1.28122     1.37595   0.0112587
          75     1.48456      1.3774   0.0112016
          76      1.2761     1.37606   0.0111333
          77     1.38349     1.37616   0.0109882
          78     1.48541     1.37756   0.0109365
          79     1.28858     1.37643   0.0108557
          80     1.39122     1.37662   0.0107208
          81     1.41077     1.37704    0.010596
          82     1.34998     1.37671   0.0104712
          83     1.33137     1.37616   0.0103586
          84     1.42085      1.3767   0.0102484
          85     1.63786     1.37977    0.010583
          86     1.47974     1.38093   0.0105236
          87     1.46275     1.38187   0.0104443
          88     1.47306     1.38291   0.0103768
          89     1.29664     1.38194   0.0103053
          90     1.36096     1.38171   0.0101928
          91     1.45736     1.38254   0.0101144
          92     1.39835     1.38271   0.0100053
          93     1.30959     1.38192  0.00992834
          94     1.42504     1.38238  0.00983285
          95     1.26867     1.38119  0.00980216
          96     1.41449     1.38153  0.00970572
          97     1.38737     1.38159  0.00960533
          98      1.4279     1.38206  0.00951854
          99     1.53515     1.38361  0.00954796
         100     1.52824     1.38506  0.00956201
