           0           0           0
   0.0256496           0           0
   0.0512993           0           0
   0.0769489           0           0
    0.102599           0           0
    0.128248           0           0
    0.153898           0           0
    0.179547           0           0
    0.205197           0           0
    0.230847           0           0
    0.256496           0           0
    0.282146           0           0
    0.307796           0           0
    0.333445           0           0
    0.359095           0           0
    0.384745           0           0
    0.410394           0           0
    0.436044           0           0
    0.461694           0           0
    0.487343           0           0
    0.512993           0           0
    0.538642           0           0
    0.564292           0           0
    0.589942           0           0
    0.615591           0           0
    0.641241           0           0
    0.666891           0           0
     0.69254           0           0
     0.71819           0           0
     0.74384           0           0
    0.769489           0           0
    0.795139           0           0
    0.820788           0           0
    0.846438           0           0
    0.872088  0.00244547  0.00172045
    0.897737   0.0323351  0.00658198
    0.923387    0.209744   0.0135965
    0.949037     0.70893   0.0254092
    0.974686     1.64857   0.0421522
     1.00034     2.49428   0.0440045
     1.02599     3.16144   0.0488059
     1.05164     3.47232    0.057504
     1.07728     3.35436   0.0494936
     1.10293     3.24653   0.0453949
     1.12858     2.91852      0.0442
     1.15423     2.65738   0.0394278
     1.17988      2.3094   0.0401438
     1.20553     2.11579   0.0349605
     1.23118     1.84753   0.0347571
     1.25683      1.6198   0.0333972
     1.28248     1.49237   0.0276432
     1.30813     1.28352   0.0243403
     1.33378      1.1976   0.0260627
     1.35943     1.14918    0.025244
     1.38508     1.09025   0.0222362
     1.41073      1.0551   0.0230017
     1.43638     0.98115   0.0221893
     1.46203    0.971532   0.0199263
     1.48768    0.924567   0.0186568
     1.51333     0.88224   0.0213772
     1.53898    0.885923   0.0187793
     1.56463    0.910835   0.0185158
     1.59028    0.905768   0.0177444
     1.61593    0.898761   0.0174392
     1.64158    0.937579   0.0189476
     1.66723    0.963449   0.0166194
     1.69288     1.00117   0.0164404
     1.71853     1.06692   0.0188299
     1.74418     1.12068   0.0187908
     1.76983     1.15435   0.0178786
     1.79547     1.18567   0.0191705
     1.82112     1.25266   0.0187672
     1.84677     1.30612   0.0165767
     1.87242     1.37186    0.018727
     1.89807     1.44384   0.0174892
     1.92372     1.46993    0.017023
     1.94937     1.50139   0.0197751
     1.97502     1.53026   0.0194845
     2.00067     1.56427   0.0192139
     2.02632     1.63317   0.0191376
     2.05197     1.59711   0.0200578
     2.07762      1.6171   0.0195193
     2.10327     1.60658   0.0169489
     2.12892      1.5963   0.0201876
     2.15457     1.54243   0.0158397
     2.18022     1.52349   0.0185834
     2.20587     1.49994   0.0180875
     2.23152     1.48962    0.015867
     2.25717     1.44072   0.0157801
     2.28282     1.35093   0.0149082
     2.30847     1.33261    0.014471
     2.33412      1.3132   0.0150002
     2.35977     1.28003   0.0149791
     2.38542     1.24148   0.0143922
     2.41107     1.23131   0.0141863
     2.43672     1.20502   0.0135269
     2.46237     1.21659   0.0136158
     2.48802     1.18396   0.0123888
     2.51366     1.19649   0.0134583
     2.53931     1.19123    0.013974
