           1    -5.49244    -5.49244           0
           2    -5.50815    -5.50029  0.00785532
           3    -5.46274    -5.48778   0.0133121
           4    -5.48487    -5.48705  0.00944113
           5    -5.48707    -5.48705  0.00731307
           6    -5.49396     -5.4882  0.00608098
           7    -5.44977    -5.48271  0.00752099
           8    -5.49188    -5.48386  0.00661341
           9    -5.47325    -5.48268  0.00595043
          10    -5.49864    -5.48428  0.00555638
          11       -5.47    -5.48298  0.00519077
          12    -5.46294    -5.48131  0.00502418
          13    -5.45005     -5.4789  0.00520972
          14    -5.44698    -5.47662  0.00533507
          15    -5.51307    -5.47905  0.00552914
          16    -5.46926    -5.47844  0.00520812
          17    -5.47664    -5.47834  0.00489333
          18    -5.45879    -5.47725  0.00473957
          19    -5.45222    -5.47593  0.00467276
          20    -5.49305    -5.47679  0.00451486
          21     -5.4443    -5.47524  0.00456459
          22    -5.46796    -5.47491  0.00436472
          23    -5.48843     -5.4755  0.00421186
          24    -5.45937    -5.47483  0.00408814
          25    -5.48059    -5.47506  0.00392798
          26     -5.4565    -5.47434  0.00384075
          27    -5.45363    -5.47358  0.00377452
          28    -5.47163    -5.47351  0.00363788
          29     -5.4569    -5.47293  0.00355662
          30    -5.45405     -5.4723  0.00349322
          31    -5.47297    -5.47233  0.00337872
          32    -5.48247    -5.47264  0.00328677
          33    -5.45792     -5.4722   0.0032167
          34      -5.432    -5.47101  0.00333715
          35     -5.4678    -5.47092   0.0032417
          36     -5.4426    -5.47014  0.00324714
          37    -5.44936    -5.46957  0.00320771
          38    -5.49181    -5.47016   0.0031765
          39    -5.47555     -5.4703  0.00309707
          40    -5.47462    -5.47041  0.00302058
          41    -5.50607    -5.47128  0.00307171
          42    -5.48407    -5.47158  0.00301312
          43    -5.44319    -5.47092  0.00301537
          44    -5.47915    -5.47111  0.00295196
          45    -5.47482    -5.47119   0.0028868
          46    -5.48986     -5.4716  0.00285236
          47    -5.44655    -5.47106  0.00284145
          48    -5.43467     -5.4703  0.00288311
          49     -5.4844    -5.47059  0.00283828
          50    -5.46159    -5.47041  0.00278675
          51    -5.49417    -5.47088  0.00277101
          52    -5.43646    -5.47022  0.00279666
          53    -5.45691    -5.46996  0.00275486
          54    -5.45619    -5.46971  0.00271537
          55    -5.47862    -5.46987  0.00267046
          56    -5.45948    -5.46969  0.00262889
          57    -5.45487    -5.46943   0.0025954
          58    -5.44611    -5.46902  0.00258176
          59    -5.44898    -5.46868  0.00256027
          60    -5.46082    -5.46855  0.00252065
          61    -5.46764    -5.46854  0.00247903
          62    -5.47909    -5.46871  0.00244465
          63    -5.44217    -5.46829  0.00244214
          64    -5.48153    -5.46849  0.00241257
          65    -5.46987    -5.46852  0.00237526
          66    -5.46758     -5.4685  0.00233903
          67    -5.46101    -5.46839  0.00230657
          68    -5.48414    -5.46862  0.00228418
          69    -5.45925    -5.46848  0.00225492
          70    -5.43274    -5.46797  0.00228037
          71    -5.45277    -5.46776   0.0022582
          72     -5.4498    -5.46751  0.00224054
          73    -5.46679     -5.4675  0.00220966
          74    -5.48657    -5.46776  0.00219478
          75    -5.45294    -5.46756  0.00217431
          76    -5.48023    -5.46773  0.00215197
          77    -5.46754    -5.46773  0.00212384
          78     -5.4443    -5.46742  0.00211784
          79    -5.47549    -5.46753  0.00209335
          80    -5.46701    -5.46752  0.00206703
          81    -5.46181    -5.46745  0.00204257
          82    -5.47437    -5.46753  0.00201927
          83    -5.47683    -5.46765  0.00199793
          84    -5.45886    -5.46754  0.00197677
          85    -5.42202    -5.46701  0.00202548
          86    -5.46144    -5.46694  0.00200284
          87    -5.46027    -5.46686  0.00198117
          88    -5.44834    -5.46665   0.0019698
          89    -5.48592    -5.46687  0.00195954
          90    -5.46414    -5.46684  0.00193788
          91    -5.45524    -5.46671   0.0019207
          92    -5.45979    -5.46664   0.0019012
          93    -5.48218     -5.4668  0.00188806
          94    -5.44964    -5.46662  0.00187677
          95    -5.48321     -5.4668   0.0018651
          96    -5.46512    -5.46678  0.00184565
          97    -5.46137    -5.46672  0.00182738
          98    -5.45961    -5.46665  0.00181009
          99    -5.43406    -5.46632   0.0018217
         100    -5.43383      -5.466  0.00183243
