-6.36253
-6.3548
-6.34106
-6.31926
-6.28677
-6.24207
-6.1862
-6.11507
-6.02672
-5.92019
-5.76832
-5.60504
-5.42918
-5.25299
-5.09066
-4.95906
-4.86562
-4.81199
-4.79437
-4.80577
-4.83405
-4.85449
-4.86313
-4.85497
-4.83133
-4.79532
-4.75385
-4.71489
-4.68574
-4.66522
-4.64649
-4.625
-4.59434
-4.55306
-4.50903
-4.46805
-4.4396
-4.42293
-4.40836
-4.39503
-4.37635
-4.35928
-4.35191
-4.35157
-4.3614
-4.37591
-4.3941
-4.40875
-4.41179
-4.39851
-4.36239
-4.31449
-4.26376
-4.22102
-4.19386
-4.1832
-4.18361
-4.18797
-4.19317
-4.20417
-4.22543
-4.25628
-4.29297
-4.32905
-4.35312
-4.36335
-4.36443
-4.3632
-4.36459
-4.36797
-4.36631
-4.35705
-4.33674
-4.30646
-4.27341
-4.24392
-4.2269
-4.22363
-4.23157
-4.24273
-4.25471
-4.26804
-4.28665
-4.29868
-4.29553
-4.27707
-4.24998
-4.23171
-4.23668
-4.27461
-4.34408
-4.42033
-4.49245
-4.54495
-4.56554
-4.55493
-4.52039
-4.47556
-4.43536
-4.40785
-4.3922
-4.38974
-4.40023
-4.41586
-4.43177
-4.43976
-4.44226
-4.44312
-4.44904
-4.45987
-4.46976
-4.47359
-4.46627
-4.44163
-4.40459
-4.36026
-4.31622
-4.28372
-4.26185
-4.24959
-4.22982
-4.20508
-4.18148
-4.17162
-4.18071
-4.20126
-4.2213
-4.23385
-4.2354
-4.23136
-4.22112
-4.2104
-4.19689
-4.18271
-4.18288
-4.2035
-4.23759
-4.26934
-4.28522
-4.28079
-4.25653
-4.22593
-4.19582
-4.17098
-4.15662
-4.15034
-4.14419
-4.13584
-4.13025
-4.12918
-4.13327
-4.13531
-4.12975
-4.11358
-4.09611
-4.08533
-4.09008
-4.1134
-4.15653
-4.21107
-4.26779
-4.31297
-4.3414
-4.35622
-4.3644
-4.37484
-4.39774
-4.42817
-4.45864
-4.47895
-4.48282
-4.47394
-4.45815
-4.43956
-4.42088
-4.40411
-4.38658
-4.36612
-4.33946
-4.30813
-4.26797
-4.22947
-4.19567
-4.16359
-4.13489
-4.11094
-4.09378
-4.08804
-4.09881
-4.12789
-4.16777
-4.1989
-4.21295
-4.20847
-4.18744
-4.15828
-4.12308
-4.08964
-4.06448
-4.054
-4.05883
-4.07489
-4.08898
-4.09832
-4.10472
-4.11391
-4.13347
-4.17166
-4.22782
-4.29316
-4.35946
-4.40921
-4.44458
-4.46365
-4.47182
-4.47161
-4.46506
-4.4521
-4.42566
-4.38106
-4.31367
-4.24178
-4.1787
-4.14016
-4.1317
-4.14449
-4.16733
-4.19143
-4.20744
-4.21148
-4.19285
-4.16055
-4.12754
-4.10392
-4.1012
-4.12518
-4.17593
-4.24477
-4.31637
-4.37641
-4.41196
-4.41729
-4.40231
-4.37018
-4.33315
-4.29614
-4.26454
-4.23793
-4.21334
-4.18919
