1.89852
1.89337
1.88421
1.87038
1.85093
1.82456
1.78963
1.74432
1.68693
1.61631
1.81053
1.70218
1.58444
1.46598
1.35746
1.26862
1.20552
1.16937
1.15721
1.1636
1.91679
1.93041
1.93577
1.93063
1.91497
1.89127
1.86413
1.83886
1.81922
1.80575
1.88858
1.87435
1.85421
1.8272
1.79684
1.76973
1.75045
1.73833
1.72942
1.72094
1.88934
1.87908
1.87316
1.87354
1.88009
1.89087
1.90269
1.91164
1.91367
1.90522
1.87789
1.84607
1.81205
1.78356
1.76566
1.75875
1.75922
1.76243
1.7664
1.77343
1.91225
1.93272
1.95798
1.98153
1.99757
2.0045
2.00512
2.0043
2.00553
2.00828
1.89884
1.89246
1.87862
1.85824
1.8353
1.81574
1.8047
1.80342
1.80871
1.81645
1.90665
1.91624
1.92764
1.93515
1.93305
1.92045
1.9028
1.89042
1.89394
1.91862
1.9403
1.99112
2.039
2.07349
2.08802
2.08135
2.05833
2.02875
2.00256
1.98452
1.8904
1.88916
1.89565
1.90617
1.91597
1.9218
1.92356
1.92435
1.92789
1.93511
1.9058
1.90805
1.90226
1.88634
1.86115
1.83079
1.80143
1.77866
1.76438
1.7557
1.88838
1.87199
1.85646
1.8499
1.85595
1.87035
1.88482
1.89318
1.89442
1.89162
1.89415
1.887
1.87749
1.86845
1.86786
1.8814
1.90452
1.92558
1.93566
1.93292
1.88524
1.86495
1.84448
1.82852
1.81915
1.81435
1.81026
1.80519
1.80116
1.80126
1.90201
1.90317
1.89936
1.88969
1.87804
1.87107
1.87434
1.89038
1.91863
1.95498
1.9329
1.96171
1.98057
1.99015
1.99531
2.00287
2.01764
2.03863
2.05964
2.07368
1.90136
1.89554
1.88481
1.87232
1.86027
1.84909
1.8375
1.82356
1.80599
1.7853
1.87621
1.85094
1.8273
1.80602
1.78729
1.77173
1.76089
1.75757
1.76495
1.78383
1.92305
1.9437
1.95376
1.95088
1.93727
1.91722
1.89456
1.87248
1.85531
1.84822
1.90322
1.91282
1.92241
1.92884
1.93321
1.93924
1.95218
1.97694
2.01387
2.05702
1.93658
1.96964
1.99332
2.00644
2.01088
2.01014
2.00617
1.99753
1.9804
1.95147
1.85918
1.81157
1.76982
1.74453
1.73899
1.74792
1.76293
1.77769
1.78826
1.79126
1.88898
1.86786
1.84475
1.8288
1.8274
1.84439
1.87842
1.9236
1.97133
2.01146
1.91935
1.92331
1.91222
1.89091
1.86512
1.83994
1.81837
1.80063
1.78474
1.76863
