2.84778
2.84006
2.82631
2.80557
2.7764
2.73684
2.68444
2.61647
2.53039
2.42447
2.71579
2.55327
2.37666
2.19897
2.03619
1.90293
1.80829
1.75405
1.73582
1.7454
2.87518
2.89562
2.90365
2.89594
2.87245
2.8369
2.79619
2.75829
2.72883
2.70862
2.83287
2.81153
2.78132
2.74079
2.69526
2.65459
2.62568
2.60749
2.59414
2.58141
2.83402
2.81861
2.80974
2.8103
2.82013
2.8363
2.85403
2.86747
2.8705
2.85783
2.81684
2.7691
2.71808
2.67534
2.64849
2.63812
2.63883
2.64364
2.6496
2.66015
2.86838
2.89908
2.93697
2.97229
2.99635
3.00675
3.00768
3.00645
3.00829
3.01242
2.84826
2.83869
2.81793
2.78735
2.75295
2.72361
2.70705
2.70513
2.71307
2.72468
2.85998
2.87437
2.89146
2.90273
2.89958
2.88067
2.8542
2.83564
2.84091
2.87793
2.91045
2.98668
3.0585
3.11023
3.13203
3.12203
3.0875
3.04313
3.00384
2.97679
2.8356
2.83375
2.84347
2.85925
2.87395
2.8827
2.88534
2.88652
2.89183
2.90266
2.8587
2.86208
2.85339
2.82951
2.79172
2.74619
2.70215
2.66799
2.64657
2.63355
2.83257
2.80799
2.7847
2.77484
2.78392
2.80552
2.82722
2.83977
2.84162
2.83743
2.84122
2.8305
2.81624
2.80267
2.80179
2.82211
2.85678
2.88838
2.9035
2.89937
2.82786
2.79743
2.76672
2.74278
2.72872
2.72153
2.71538
2.70779
2.70174
2.70189
2.85301
2.85475
2.84903
2.83453
2.81707
2.8066
2.8115
2.83557
2.87794
2.93248
2.89935
2.94257
2.97086
2.98522
2.99296
3.00431
3.02646
3.05794
3.08945
3.11052
2.85203
2.84331
2.82722
2.80849
2.79041
2.77363
2.75625
2.73534
2.70898
2.67795
2.81431
2.77642
2.74096
2.70903
2.68093
2.65759
2.64134
2.63635
2.64743
2.67574
2.88457
2.91555
2.93065
2.92632
2.9059
2.87584
2.84185
2.80871
2.78296
2.77233
2.85483
2.86923
2.88361
2.89326
2.89981
2.90886
2.92827
2.96541
3.0208
3.08553
2.90487
2.95447
2.98998
3.00965
3.01632
3.0152
3.00926
2.99629
2.9706
2.92721
2.78877
2.71735
2.65473
2.6168
2.60848
2.62187
2.6444
2.66653
2.68239
2.68688
2.83347
2.80179
2.76713
2.74321
2.74109
2.76658
2.81763
2.88541
2.957
3.01719
2.87903
2.88496
2.86833
2.83636
2.79768
2.75991
2.72755
2.70094
2.67711
2.65295
