-3.51475
-3.51475
-3.51475
-3.51369
-3.51037
-3.50524
-3.50176
-3.4986
-3.49633
-3.49573
-3.05253
-3.05177
-3.05252
-3.05402
-3.05447
-3.05613
-3.05733
-3.05794
-3.05855
-3.06037
-1.95887
-1.95888
-1.95948
-1.95903
-1.95888
-1.95842
-1.95766
-1.9566
-1.9569
-1.9566
-1.81362
-1.81347
-1.81302
-1.81226
-1.81377
-1.81346
-1.81392
-1.81543
-1.81422
-1.81362
-1.54233
-1.54066
-1.54217
-1.54127
-1.54127
-1.53961
-1.54007
-1.54128
-1.54128
-1.54068
-1.54555
-1.54539
-1.54568
-1.54568
-1.54537
-1.54508
-1.54478
-1.54433
-1.54357
-1.54402
-1.35705
-1.3572
-1.356
-1.35676
-1.35676
-1.35661
-1.35675
-1.35675
-1.3563
-1.35555
-1.51805
-1.51836
-1.51881
-1.51911
-1.52046
-1.52031
-1.51985
-1.5185
-1.5185
-1.51805
-1.39473
-1.39367
-1.39519
-1.39595
-1.39595
-1.3964
-1.39579
-1.39608
-1.39577
-1.39668
-1.43363
-1.43365
-1.43396
-1.43472
-1.43351
-1.4329
-1.43289
-1.43243
-1.43152
-1.43107
-1.5566
-1.556
-1.55676
-1.55661
-1.55782
-1.55706
-1.55691
-1.5566
-1.55721
-1.55721
-1.61106
-1.61151
-1.61287
-1.61212
-1.61287
-1.61407
-1.61407
-1.61573
-1.61528
-1.61604
-1.39725
-1.39709
-1.39679
-1.39678
-1.39679
-1.39574
-1.39408
-1.39408
-1.39378
-1.39392
-1.3799
-1.3799
-1.38065
-1.38004
-1.38109
-1.3814
-1.3808
-1.38096
-1.38172
-1.38142
-1.42866
-1.42851
-1.42911
-1.4282
-1.4279
-1.42881
-1.42881
-1.42805
-1.4285
-1.42729
-1.28026
-1.28056
-1.28071
-1.27905
-1.27904
-1.27873
-1.27858
-1.27783
-1.27859
-1.27859
-1.36843
-1.3704
-1.37055
-1.371
-1.37144
-1.37053
-1.37129
-1.37023
-1.36918
-1.36843
-1.63078
-1.63063
-1.63093
-1.63108
-1.63047
-1.63047
-1.63032
-1.63078
-1.63048
-1.63017
-1.45366
-1.45305
-1.45471
-1.45456
-1.45396
-1.45335
-1.45244
-1.45169
-1.45138
-1.45214
-1.2832
-1.28336
-1.2823
-1.28215
-1.28154
-1.28244
-1.28123
-1.28093
-1.28153
-1.28167
-1.204
-1.20567
-1.20537
-1.20506
-1.20491
-1.20505
-1.2052
-1.20626
-1.20702
-1.20763
-1.45459
-1.45475
-1.4546
-1.45399
-1.4555
-1.4564
-1.4558
-1.45581
-1.45506
-1.45385
-1.52489
-1.52443
-1.52397
-1.52336
-1.52322
-1.52262
-1.52293
-1.5249
-1.52505
-1.5246
-1.35938
-1.35876
-1.36042
-1.36071
-1.36011
-1.3586
-1.3583
-1.35936
-1.35937
-1.35922
-1.53293
-1.53232
-1.53398
-1.53382
-1.53548
-1.53623
-1.53699
-1.53699
-1.53624
-1.53624
